City,Category,level,Province,Vehicles,small1,cityroadA,M1,ruralroadA,M2,highwayA,M3,medium1,cityroadB,M4,ruralroadB,M5,highwayB,M6,big1,cityroadC,M7,ruralroadC,M8,highwayC,M9,small2,cityroadD,M10,ruralroadD,M11,highwayD,M12,medium2,cityroadE,M13,ruralroadE,M14,highwayE,M15,big2,cityroadF,M16,ruralroadF,M17,highwayF,M18,Car,Truck,Airplaneinput,TCR,TC13,TC14,TC15,TC23,TC24,TC25,TC314,TC413,TC56,TC57,TC58,TC59,TC613,TC710,TC713,TC810,TC813,TC910,TC913,TC1011,TC1012,TC1114,TC1315,TC1316,TC1415,TC1417,TC1516,TC1518
Altay Prefecture,Medium-small-cities,1,新疆维吾尔族自治区,12.0824,10.00871362,2460.359096,132,15298.20249,85,241.4384086,104,0.062001128,4278.291096,159,26601.87434,102,419.8345661,125,0.084064592,7927.823755,415,49294.20804,267,777.9682056,326,1.360952688,4100.598494,159,25497.00416,102,402.3973477,125,0.080433896,4784.031576,658,29746.50485,423,469.4635723,517,0.486234071,10251.49624,850,63742.5104,546,1005.993369,668,0.001746154,0.000644439,0.000217997,0.6,0.743,0.247,0.01,0.542,0.418,0.04,1,1,0.02,0.686,0.147,0.147,1,0.74,0.26,0.92,0.08,0.96,0.04,0.15,0.85,1,1,0,0.01,0.99,0.35,0.65
Ankang City,Medium-small-cities,1,陕西省,19.7762,17.73389067,1317.038723,132,16312.21311,85,370.7481659,104,0.050667417,2290.184001,159,28365.12613,102,644.6898662,125,0.125784809,4243.791439,415,52561.57558,267,1194.632979,326,1.299678172,2195.064538,159,27187.02185,102,617.9136098,125,0.048605371,2560.908627,658,31718.19216,423,720.8992114,517,0.51757356,5487.661344,850,67967.55463,546,1544.784024,668,0.000263078,0.000500026,0.001802287,0.6,0.73,0.26,0.01,0.52,0.44,0.04,1,1,0.02,0.686,0.147,0.147,1,0.74,0.26,0.92,0.08,0.96,0.04,0.15,0.85,1,1,0,0.01,0.99,0.35,0.65
Anqing City,Medium-small-cities,1,安徽省,57.3094,49.08328264,2113.94044,132,15563.22831,85,322.8312473,104,0.156693991,3675.907543,159,27062.72479,102,561.3676689,125,0.360332741,6811.585863,415,50148.18012,267,1040.234019,326,4.882254892,3523.234067,159,25938.71385,102,538.0520788,125,0.201101196,4110.439745,658,30261.83283,423,627.7274253,517,2.625734537,8808.085168,850,64846.78464,546,1345.130197,668,0.000202983,0.000193231,4.35E-05,0.6,0.73,0.26,0.01,0.52,0.44,0.04,1,1,0.02,0.686,0.147,0.147,1,0.74,0.26,0.92,0.08,0.96,0.04,0.15,0.85,1,1,0,0.01,0.99,0.35,0.65
Anshun City,Medium-small-cities,1,贵州省,30.0547,26.0219478,3141.108703,132,14264.95395,85,593.9373451,104,0.107244993,5462.039023,159,24805.16993,102,1032.79105,125,0.17647192,10121.35027,415,45964.85162,267,1913.798112,326,3.057333452,5235.181172,159,23774.92325,102,989.8955751,125,0.166258111,6107.711368,658,27737.41046,423,1154.878171,517,0.525443722,13087.95293,850,59437.30813,546,2474.738938,668,0.00120089,0.000726014,0.000134445,0.6,0.717,0.273,0.01,0.498,0.462,0.04,1,1,0.02,0.686,0.147,0.147,1,0.74,0.26,0.92,0.08,0.96,0.04,0.15,0.85,1,1,0,0.01,0.99,0.35,0.65
Anyang City,Medium-small-cities,1,河南省,86.4084,76.26651595,4263.814068,132,13333.0768,85,403.1091273,104,0.19646469,7414.298907,159,23184.73911,102,700.9619825,125,0.426301463,13738.95644,415,42962.13637,267,1298.907188,326,6.19698074,7106.35678,159,22221.79467,102,671.8485455,125,0.213150732,8290.749577,658,25925.42712,423,783.8233031,517,3.108986429,17765.89195,850,55554.48669,546,1679.621364,668,0.00025292,9.85E-05,0,0.6,0.73,0.26,0.01,0.52,0.44,0.04,1,1,0.02,0.686,0.147,0.147,1,0.74,0.26,0.92,0.08,0.96,0.04,0.15,0.85,1,1,0,0.01,0.99,0.35,0.65
Anshan City,Medium-small-cities,1,辽宁省,62.1968,54.16211227,3665.491148,132,13672.35752,85,662.1513331,104,0.291748213,6373.881829,159,23774.71058,102,1151.407596,125,0.544306367,11811.02703,415,44055.37423,267,2133.59874,326,4.505405239,6109.151913,159,22787.26253,102,1103.585555,125,0.32222937,7127.343898,658,26585.13962,423,1287.516481,517,2.370998537,15272.87978,850,56968.15633,546,2758.963888,668,0.000106287,0.000223209,3.75E-05,0.6,0.73,0.26,0.01,0.52,0.44,0.04,1,1,0.02,0.686,0.147,0.147,1,0.74,0.26,0.92,0.08,0.96,0.04,0.15,0.85,1,1,0,0.01,0.99,0.35,0.65
Bayannur City,Medium-small-cities,1,内蒙古自治区,36.9,32.35197114,3806.314879,132,13893.16609,85,300.5190311,104,0.077815539,6618.758651,159,24158.67215,102,522.5692042,125,0.195503503,12264.79239,415,44766.86851,267,968.3391003,326,2.855380111,6343.858131,159,23155.27682,102,500.8650519,125,0.094536233,7401.16782,658,27014.48962,423,584.3425606,517,1.324793475,15859.64533,850,57888.19204,546,1252.16263,668,0.001179424,0.000188463,1.11E-05,0.6,0.73,0.26,0.01,0.52,0.44,0.04,1,1,0.02,0.686,0.147,0.147,1,0.74,0.26,0.92,0.08,0.96,0.04,0.15,0.85,1,1,0,0.01,0.99,0.35,0.65
Bazhong City,Medium-small-cities,1,四川省,44.98,40.29607673,1257.48176,132,16396.60081,85,345.9174294,104,0.08262418,2186.62106,159,28511.86697,102,601.5119744,125,0.290882387,4051.885671,415,52833.4915,267,1114.622828,326,3.00616195,2095.802933,159,27327.66802,102,576.529049,125,0.235799601,2445.103422,658,31882.27935,423,672.6172238,517,1.068455151,5239.507333,850,68319.17004,546,1441.322622,668,0.001572564,0.000908715,0.000116966,0.6,0.717,0.273,0.01,0.498,0.462,0.04,1,1,0.02,0.686,0.147,0.147,1,0.74,0.26,0.92,0.08,0.96,0.04,0.15,0.85,1,1,0,0.01,0.99,0.35,0.65
Baicheng City,Medium-small-cities,1,吉林省,28.6851,25.37144774,4294.273734,132,13224.05883,85,481.6674325,104,0.08560428,7467.264882,159,22995.16897,102,837.5661465,125,0.230620487,13837.10425,415,42610.85624,267,1552.039505,326,1.905014659,7157.12289,159,22040.09806,102,802.7790541,125,0.116907338,8349.976705,658,25713.44773,423,936.5755632,517,0.975505494,17892.80722,850,55100.24514,546,2006.947635,668,9.13E-05,0.000215667,4.13E-05,0.6,0.73,0.26,0.01,0.52,0.44,0.04,1,1,0.02,0.686,0.147,0.147,1,0.74,0.26,0.92,0.08,0.96,0.04,0.15,0.85,1,1,0,0.01,0.99,0.35,0.65
Baishan City,Medium-small-cities,1,吉林省,14.5408,12.86107238,3177.732782,132,14210.43718,85,611.8300352,104,0.043393773,5525.724226,159,24710.37132,102,1063.90445,125,0.11690412,10239.36119,415,45789.18648,267,1971.452336,326,0.965673369,5296.221303,159,23684.06197,102,1019.716725,125,0.059261645,6178.924853,658,27631.40563,423,1189.669513,517,0.494494713,13240.55326,850,59210.15493,546,2549.291813,668,0.00028602,0.000484507,9.54E-06,0.6,0.73,0.26,0.01,0.52,0.44,0.04,1,1,0.02,0.686,0.147,0.147,1,0.74,0.26,0.92,0.08,0.96,0.04,0.15,0.85,1,1,0,0.01,0.99,0.35,0.65
Baiyin City,Medium-small-cities,1,甘肃省,24.79,20.23462855,3825.158211,132,13622.1745,85,552.6672892,104,0.078490765,6651.525112,159,23687.44788,102,961.0270084,125,0.173697156,12325.50979,415,43893.67339,267,1780.816821,326,3.331496922,6375.263686,159,22703.62417,102,921.1121486,125,0.188232483,7437.807633,658,26487.56153,423,1074.63084,517,0.783454119,15938.15921,850,56759.06041,546,2302.780372,668,0.000213053,0.000330319,0,0.6,0.73,0.26,0.01,0.52,0.44,0.04,1,1,0.02,0.686,0.147,0.147,1,0.74,0.26,0.92,0.08,0.96,0.04,0.15,0.85,1,1,0,0.01,0.99,0.35,0.65
Baise City,Medium-small-cities,1,广西壮族自治区,39.4785,34.25272915,3273.166965,132,13885.34089,85,841.492145,104,0.097133287,5691.673667,159,24145.06499,102,1463.261341,125,0.230765143,10546.87133,415,44741.65398,267,2711.474689,326,3.373174152,5455.278275,159,23142.23482,102,1402.486908,125,0.291988548,6364.49132,658,26999.27395,423,1636.234726,517,1.232709716,13638.19569,850,57855.58704,546,3506.217271,668,0.000650464,0.000643012,4.09E-05,0.6,0.73,0.26,0.01,0.52,0.44,0.04,1,1,0.02,0.686,0.147,0.147,1,0.74,0.26,0.92,0.08,0.96,0.04,0.15,0.85,1,1,0,0.01,0.99,0.35,0.65
Bengbu City,Medium-small-cities,1,安徽省,44.0785,37.75152896,4054.276663,132,13594.08659,85,351.6367476,104,0.120518381,7049.936642,159,23638.60612,102,611.4572334,125,0.277143483,13063.78036,415,43803.1679,267,1133.051742,326,3.755099028,6757.127772,159,22656.81098,102,586.061246,125,0.154673388,7883.315734,658,26432.94615,423,683.7381204,517,2.019536756,16892.81943,850,56642.02746,546,1465.153115,668,2.91E-05,0.000146774,0,0.6,0.73,0.26,0.01,0.52,0.44,0.04,1,1,0.02,0.686,0.147,0.147,1,0.74,0.26,0.92,0.08,0.96,0.04,0.15,0.85,1,1,0,0.01,0.99,0.35,0.65
Baotou City,Medium-small-cities,1,内蒙古自治区,72.6,63.65184566,5064.302822,132,12057.65608,85,878.0411011,104,0.153100491,8806.259907,159,20966.92418,102,1526.815915,125,0.384649169,16318.30909,415,38852.44736,267,2829.243548,326,5.617902332,8440.504703,159,20096.09346,102,1463.401835,125,0.185998118,9847.255487,658,23445.44237,423,1707.302141,517,2.606504235,21101.26176,850,50240.23365,546,3658.504588,668,0.000770409,0.000148879,5.17E-05,0.6,0.73,0.26,0.01,0.52,0.44,0.04,1,1,0.02,0.686,0.147,0.147,1,0.74,0.26,0.92,0.08,0.96,0.04,0.15,0.85,1,1,0,0.01,0.99,0.35,0.65
Baoji City,Medium-small-cities,1,陕西省,39.2303,35.17894495,2889.019585,132,14780.68576,85,330.2946539,104,0.100509602,5023.684056,159,25701.97024,102,574.3457037,125,0.24952093,9309.063107,415,47626.65412,267,1064.282774,326,2.578188155,4815.032641,159,24634.47627,102,550.4910898,125,0.096419095,5617.538082,658,28740.22231,423,642.2396048,517,1.026717268,12037.5816,850,61586.19067,546,1376.227725,668,0.000617335,0.000371296,0,0.6,0.73,0.26,0.01,0.52,0.44,0.04,1,1,0.02,0.686,0.147,0.147,1,0.74,0.26,0.92,0.08,0.96,0.04,0.15,0.85,1,1,0,0.01,0.99,0.35,0.65
Baoding City,Largecities,1,河北省,238,206.0961842,3178.423926,132,14255.61087,85,565.9652035,104,0.319110683,5526.926049,159,24788.92335,102,984.1506039,125,0.979089596,10241.58821,415,45934.74614,267,1823.665656,326,19.51796978,5297.37321,159,23759.35145,102,943.2753392,125,0.641122372,6180.268745,658,27719.24336,423,1100.487896,517,10.44652336,13243.43303,850,59398.37863,546,2358.188348,668,0.000192064,0.000200033,0,0.6,0.73,0.26,0.01,0.511610526,0.441389474,0.047,1,1,0.02,0.473443158,0.471524399,0.035032444,1,0.74,0.26,0.92,0.08,0.96,0.04,0.15,0.85,1,1,0,0.01,0.99,0.35,0.65
Baoshan City,Medium-small-cities,1,云南省,28.66,24.36464572,1590.987868,132,15977.2617,85,431.7504333,104,0.080283371,2766.551127,159,27782.68284,102,750.7660312,125,0.12255819,5126.516464,415,51482.28769,267,1391.195841,326,3.274940998,2651.646447,159,26628.7695,102,719.5840555,125,0.193145502,3093.587522,658,31066.89775,423,839.5147314,517,0.624426221,6629.116118,850,66571.92374,546,1798.960139,668,0.000445283,0.000466629,0.000241658,0.6,0.73,0.26,0.01,0.52,0.44,0.04,1,1,0.02,0.686,0.147,0.147,1,0.74,0.26,0.92,0.08,0.96,0.04,0.15,0.85,1,1,0,0.01,0.99,0.35,0.65
Beihai City,Medium-small-cities,1,广西壮族自治区,30.3548,26.33673374,2599.601594,132,14348.60558,85,1051.792829,104,0.074685246,4520.418327,159,24950.63081,102,1828.950863,125,0.17743404,8376.494024,415,46234.39575,267,3389.110226,326,2.593614924,4332.669323,159,23914.34263,102,1752.988048,125,0.224508377,5054.780876,658,27900.0664,423,2045.152722,517,0.947823674,10831.67331,850,59785.85657,546,4382.47012,668,0.000572876,0.000182418,0.000110107,0.6,0.73,0.26,0.01,0.52,0.44,0.04,1,1,0.02,0.686,0.147,0.147,1,0.74,0.26,0.92,0.08,0.96,0.04,0.15,0.85,1,0.9,0.1,0.01,0.99,0.35,0.65
Beijing,Megacities,1,北京市,584.25,522.7,7707.502459,132,9352.499329,85,939.9982116,104,7.66,13402.49039,159,16262.95717,102,1634.552446,125,6.31,24835.2857,415,30135.83117,267,3028.883126,326,39.4,12845.83743,159,15587.49888,102,1566.663686,125,1.87,14986.81034,658,18185.41536,423,1827.7743,517,6.31,32114.59358,850,38968.74721,546,3916.659215,668,7.88E-05,0.000462117,0.061622524,0.6,0.463238806,0.293761194,0.243,0.151210526,0.511789474,0.337,1,1,0.02,0.130727869,0.562343538,0.286928594,1,0.74,0.26,0.92,0.08,0.96,0.04,0.15,0.85,1,1,0,0.01,0.99,0.35,0.65
Benxi City,Medium-small-cities,1,辽宁省,15.1086,13.15684552,8159.6766,132,9840.3234,85,0,104,0.070870319,14188.77098,159,17111.22902,102,0,125,0.132220744,26292.29127,415,31707.70873,267,0,326,1.094435173,13599.461,159,16400.539,102,0,125,0.078274681,15866.03783,658,19133.96217,423,0,517,0.575953562,33998.6525,850,41001.3475,546,0,668,5.81E-05,0.000317088,0,0.6,0.73,0.26,0.01,0.52,0.44,0.04,1,1,0.02,0.686,0.147,0.147,1,0.74,0.26,0.92,0.08,0.96,0.04,0.15,0.85,1,1,0,0.01,0.99,0.35,0.65
Bijie City,Medium-small-cities,1,贵州省,58.2,50.39069969,1444.917944,132,16017.58999,85,537.4920664,104,0.207676623,2512.551757,159,27852.80926,102,934.6389821,125,0.341732432,4655.846707,415,51612.23441,267,1731.918881,326,5.920431975,2408.196573,159,26695.98332,102,895.8201106,125,0.321953706,2809.562668,658,31145.31387,423,1045.123462,517,1.01750557,6020.491432,850,66739.95829,546,2239.550277,668,0.001797516,0.000820836,0.000143532,0.6,0.73,0.26,0.01,0.52,0.44,0.04,1,1,0.02,0.686,0.147,0.147,1,0.74,0.26,0.92,0.08,0.96,0.04,0.15,0.85,1,1,0,0.01,0.99,0.35,0.65
Binzhou City,Medium-small-cities,1,山东省,95.6195,84.08908141,2890.192846,132,14447.41907,85,662.3880883,104,0.164961213,5025.724226,159,25122.45649,102,1151.819287,125,0.544659967,9312.843613,415,46552.79477,267,2134.361618,326,7.007354889,4816.988076,159,24079.03178,102,1103.980147,125,0.328688303,5619.819422,658,28092.20374,423,1287.976838,517,3.484754213,12042.47019,850,60197.57944,546,2759.950368,668,2.23E-05,0.000433185,0,0.6,0.73,0.26,0.01,0.54,0.42,0.04,1,1,0.02,0.686,0.147,0.147,1,0.74,0.26,0.92,0.08,0.96,0.04,0.15,0.85,1,0.9,0.1,0.01,0.99,0.35,0.65
Bozhou City,Medium-small-cities,1,安徽省,63.1152,54.0557256,2502.108931,132,15145.79131,85,352.0997616,104,0.172568071,4350.889419,159,26336.84822,102,612.2623632,125,0.396836698,8062.350999,415,48803.10532,267,1134.543676,326,5.376857792,4170.181551,159,25242.98551,102,586.832936,125,0.221474002,4865.21181,658,29450.14976,423,684.6384253,517,2.891737838,10425.45388,850,63107.46378,546,1467.08234,668,0.000204196,0.000136225,0,0.6,0.73,0.26,0.01,0.52,0.44,0.04,1,1,0.02,0.686,0.147,0.147,1,0.74,0.26,0.92,0.08,0.96,0.04,0.15,0.85,1,1,0,0.01,0.99,0.35,0.65
Cangzhou City,Largecities,1,河北省,85.0947,73.68778557,3144.492403,132,14282.09231,85,573.415292,104,0.114095075,5467.922901,159,24834.97162,102,997.1054799,125,0.350064435,10132.2533,415,46020.07521,267,1847.671496,326,6.978469678,5240.820672,159,23803.48718,102,955.6921533,125,0.229227378,6114.290784,658,27770.73504,423,1114.974179,517,3.735057864,13102.05168,850,59508.71794,546,2389.230383,668,0.00011227,0.000263283,0,0.6,0.73,0.26,0.01,0.531673684,0.421326316,0.047,1,1,0.02,0.473443158,0.471524399,0.035032444,1,0.74,0.26,0.92,0.08,0.96,0.04,0.15,0.85,1,0.9,0.1,0.01,0.99,0.35,0.65
Chamdo City,Medium-small-cities,1,西藏自治区,13.7757,9.001351382,1766.100544,132,15994.48013,85,239.4193258,104,0.072150135,3071.052612,159,27812.62378,102,416.3236054,125,0.106981235,5690.768418,415,51537.76931,267,771.4622719,326,3.092504082,2943.500906,159,26657.46688,102,399.0322096,125,0.462756041,3434.08439,658,31100.37803,423,465.5375779,517,1.039957125,7358.752265,850,66643.66721,546,997.580524,668,0.002770991,0.000786633,0,0.6,0.73,0.26,0.01,0.52,0.44,0.04,1,1,0.02,0.686,0.147,0.147,1,0.74,0.26,0.92,0.08,0.96,0.04,0.15,0.85,1,1,0,0.01,0.99,0.35,0.65
Changde City,Largecities,1,湖南省,62.3495,55.72264954,1739.525849,132,15918.76738,85,341.7067679,104,0.302789673,3024.84217,159,27680.96773,102,594.190102,125,0.44303667,5605.138846,415,51293.80601,267,1101.055141,326,4.253439723,2899.209748,159,26531.27897,102,569.5112799,125,0.354573179,3382.411373,658,30953.1588,423,664.4298265,517,1.273011212,7248.02437,850,66328.19743,546,1423.7782,668,8.30E-05,0.000333266,0.000418849,0.6,0.73,0.26,0.01,0.511610526,0.441389474,0.047,1,1,0.02,0.473443158,0.471524399,0.035032444,1,0.74,0.26,0.92,0.08,0.96,0.04,0.15,0.85,1,1,0,0.01,0.99,0.35,0.65
Changzhou City,Largecities,1,江苏省,147.72,136.7421162,5151.340178,132,11909.36517,85,939.2946555,104,0.306471419,8957.608198,159,20709.06276,102,1633.32904,125,0.893810317,16598.76279,415,38374.62109,267,3026.616112,326,5.012941368,8585.566963,159,19848.94194,102,1565.491092,125,0.867430498,10016.49479,658,23157.09894,423,1826.406275,517,3.897230226,21463.91741,850,49622.35486,546,3913.727731,668,8.83E-05,0.000121777,0.000130616,0.6,0.73,0.26,0.01,0.511610526,0.441389474,0.047,1,1,0.02,0.473443158,0.471524399,0.035032444,1,0.74,0.26,0.92,0.08,0.96,0.04,0.15,0.85,1,1,0,0.01,0.99,0.35,0.65
Chaohu City,Medium-small-cities,1,安徽省,9.5791,8.204128341,4461.481206,132,13196.87384,85,341.6449572,104,0.026190946,7758.020097,159,22947.89728,102,594.08262,125,0.060228573,14375.88389,415,42523.26014,267,1100.855973,326,0.816054746,7435.80201,159,21994.78973,102,569.408262,125,0.033613482,8675.102345,658,25660.58802,423,664.309639,517,0.438883913,18589.50502,850,54986.97432,546,1423.520655,668,0.000804909,0.00026874,0,0.6,0.73,0.26,0.01,0.52,0.44,0.04,1,1,0.02,0.686,0.147,0.147,1,0.74,0.26,0.92,0.08,0.96,0.04,0.15,0.85,1,1,0,0.01,0.99,0.35,0.65
Chaoyang City,Medium-small-cities,1,辽宁省,41.8232,36.42040835,3214.504383,132,14183.1843,85,602.3113151,104,0.196181216,5589.665955,159,24662.98159,102,1047.352454,125,0.366009732,10357.84746,415,45701.37164,267,1940.780904,326,3.029584551,5357.507305,159,23638.6405,102,1003.852192,125,0.216677761,6250.425189,658,27578.41392,423,1171.160891,517,1.59433839,13393.76826,850,59096.60126,546,2509.63048,668,8.10E-05,0.000338189,0.003239192,0.6,0.73,0.26,0.01,0.52,0.44,0.04,1,1,0.02,0.686,0.147,0.147,1,0.74,0.26,0.92,0.08,0.96,0.04,0.15,0.85,1,1,0,0.01,0.99,0.35,0.65
Chaozhou City,Medium-small-cities,1,广东省,37.4376,33.23695937,3654.915638,132,13714.93501,85,630.1493499,104,0.082998742,6355.492193,159,23848.7481,102,1095.759703,125,0.282744743,11776.95039,415,44192.56837,267,2030.481239,326,2.970515297,6091.526063,159,22858.22502,102,1050.248917,125,0.179722957,7106.780407,658,26667.92919,423,1225.290403,517,0.684658886,15228.81516,850,57145.56255,546,2625.622291,668,0.000275388,0.000230034,0,0.6,0.73,0.26,0.01,0.52,0.44,0.04,1,1,0.02,0.686,0.147,0.147,1,0.74,0.26,0.92,0.08,0.96,0.04,0.15,0.85,1,0.9,0.1,0.01,0.99,0.35,0.65
Chenzhou City,Medium-small-cities,1,湖南省,50.137,44.80816174,2075.037519,132,15349.67484,85,575.2876438,104,0.243481757,3608.259685,159,26691.37902,102,1000.361292,125,0.356258343,6686.232005,415,49460.06337,267,1853.70463,326,3.420311428,3458.395865,159,25582.7914,102,958.8127397,125,0.285122343,4034.795175,658,29846.58996,423,1118.614863,517,1.023664394,8645.989661,850,63956.97849,546,2397.031849,668,0.000118538,0.00032639,0,0.6,0.73,0.26,0.01,0.52,0.44,0.04,1,1,0.02,0.686,0.147,0.147,1,0.74,0.26,0.92,0.08,0.96,0.04,0.15,0.85,1,1,0,0.01,0.99,0.35,0.65
Chengdu City,Extra-large-cities,1,四川省,463.04,414.8220402,4230.957854,132,12714.22068,85,1054.821465,104,0.85056248,7357.165602,159,22108.61707,102,1834.217326,125,2.994445992,13633.08642,415,40968.04442,267,3398.869166,326,30.94649243,7051.596424,159,21190.3678,102,1758.035775,125,2.427404338,8226.862494,658,24722.09577,423,2051.041738,517,10.99905454,17628.99106,850,52975.9195,546,4395.089438,668,0.000241115,0.000234972,0.000832518,0.6,0.725235938,0.243764063,0.031,0.524730114,0.376269886,0.099,1,1,0.02,0.014,0.9358125,0.0301875,1,0.74,0.26,0.92,0.08,0.96,0.04,0.15,0.85,1,1,0,0.01,0.99,0.35,0.65
Chengde City,Medium-small-cities,1,河北省,56.9565,49.32150133,3472.735202,132,13921.25212,85,606.0126783,104,0.076367343,6038.700657,159,24207.51063,102,1053.788713,125,0.234308893,11189.92454,415,44857.36794,267,1952.707519,326,4.670904395,5787.892004,159,23202.08687,102,1010.02113,125,0.153428934,6752.540671,658,27069.10134,423,1178.357986,517,2.499989109,14469.73001,850,58005.21716,546,2525.052826,668,0.000648138,0.000214894,1.48E-05,0.6,0.73,0.26,0.01,0.52,0.44,0.04,1,1,0.02,0.686,0.147,0.147,1,0.74,0.26,0.92,0.08,0.96,0.04,0.15,0.85,1,1,0,0.01,0.99,0.35,0.65
Chizhou City,Medium-small-cities,1,安徽省,18.5196,15.8613205,2882.596246,132,14621.06268,85,496.3410754,104,0.050635848,5012.514583,159,25424.40344,102,863.0819811,125,0.116441949,9288.36568,415,47112.31308,267,1599.321243,326,1.577706409,4804.327076,159,24368.4378,102,827.2351257,125,0.064986088,5605.048255,658,28429.8441,423,965.1076466,517,0.848509203,12010.81769,850,60921.0945,546,2068.087814,668,0.000113361,0.000196705,2.64E-05,0.6,0.73,0.26,0.01,0.52,0.44,0.04,1,1,0.02,0.686,0.147,0.147,1,0.74,0.26,0.92,0.08,0.96,0.04,0.15,0.85,1,1,0,0.01,0.99,0.35,0.65
Chifeng City,Largecities,1,内蒙古自治区,159.421,139.771913,4186.424135,132,13394.13474,85,419.441123,104,0.336190543,7279.726412,159,23290.91208,102,729.3615083,125,0.84464401,13489.58888,415,43158.87861,267,1351.532507,326,12.33624804,6977.373558,159,22323.5579,102,699.0685383,125,0.408429834,8140.269151,658,26044.15089,423,815.5799614,517,5.723574541,17443.43389,850,55808.89476,546,1747.671346,668,0.001539041,0.000237808,9.50E-05,0.6,0.73,0.26,0.01,0.511610526,0.441389474,0.047,1,1,0.02,0.473443158,0.471524399,0.035032444,1,0.74,0.26,0.92,0.08,0.96,0.04,0.15,0.85,1,1,0,0.01,0.99,0.35,0.65
Chongzuo City,Medium-small-cities,1,广西壮族自治区,19.1722,16.63437501,3308.791801,132,14184.87932,85,506.3288782,104,0.047171468,5753.621299,159,24665.92904,102,880.4496604,125,0.112067973,10661.66247,415,45706.83337,267,1631.504163,326,1.638136441,5514.653002,159,23641.46553,102,843.8814636,125,0.141800292,6433.761836,658,27581.70979,423,984.5283743,517,0.598648815,13786.63251,850,59103.66384,546,2109.703659,668,0.00069935,0.000641454,0,0.6,0.73,0.26,0.01,0.52,0.44,0.04,1,1,0.02,0.686,0.147,0.147,1,0.74,0.26,0.92,0.08,0.96,0.04,0.15,0.85,1,1,0,0.01,0.99,0.35,0.65
Chuzhou City,Medium-small-cities,1,安徽省,47.5566,40.73038698,3203.994139,132,14255.82026,85,540.1855972,104,0.130028119,5571.389808,159,24789.28746,102,939.3227329,125,0.29901203,10323.98111,415,45935.42085,267,1740.598035,326,4.05140244,5339.990232,159,23759.70044,102,900.3093287,125,0.166878193,6229.988604,658,27719.65051,423,1050.360883,517,2.178892242,13349.97558,850,59399.2511,546,2250.773322,668,0.000410426,0.000229261,0,0.6,0.73,0.26,0.01,0.54,0.42,0.04,1,1,0.02,0.686,0.147,0.147,1,0.74,0.26,0.92,0.08,0.96,0.04,0.15,0.85,1,1,0,0.01,0.99,0.35,0.65
Chuxiong Yi Autonomous Prefecture,Medium-small-cities,1,云南省,30.49,25.9203785,1216.107781,132,16437.06969,85,346.8225271,104,0.08540963,2114.676309,159,28582.23785,102,603.0858388,125,0.130383783,3918.569518,415,52963.89123,267,1117.539254,326,3.484052723,2026.846302,159,27395.11615,102,578.0375452,125,0.20547824,2364.65402,658,31960.96884,423,674.3771361,517,0.66429712,5067.115756,850,68487.79038,546,1445.093863,668,0.000271847,0.000478424,0,0.6,0.73,0.26,0.01,0.52,0.44,0.04,1,1,0.02,0.686,0.147,0.147,1,0.74,0.26,0.92,0.08,0.96,0.04,0.15,0.85,1,1,0,0.01,0.99,0.35,0.65
Dazhou City,Medium-small-cities,1,四川省,64.69,57.95360613,1819.812539,132,15603.28706,85,576.9004059,104,0.118829662,3164.451803,159,27132.38249,102,1003.165706,125,0.418345523,5863.840403,415,50277.25829,267,1858.901308,326,4.323446344,3033.020898,159,26005.47843,102,961.5006766,125,0.339125749,3538.524381,658,30339.72483,423,1121.750789,517,1.536646592,7582.552245,850,65013.69606,546,2403.751691,668,2.65E-06,0.000469903,5.26E-05,0.6,0.73,0.26,0.01,0.52,0.44,0.04,1,1,0.02,0.686,0.147,0.147,1,0.74,0.26,0.92,0.08,0.96,0.04,0.15,0.85,1,1,0,0.01,0.99,0.35,0.65
Dali Bai Autonomous Prefecture,Medium-small-cities,1,云南省,49.98,42.48935775,2012.317698,132,15555.77454,85,431.9077651,104,0.140005684,3499.196886,159,27049.7635,102,751.0396137,125,0.213728483,6484.134805,415,50124.1624,267,1391.702799,326,5.711149724,3353.86283,159,25926.29089,102,719.8462751,125,0.336825268,3912.839968,658,30247.33938,423,839.8206543,517,1.088933095,8384.657075,850,64815.72724,546,1799.615688,668,0.000469118,0.000265513,0.000249421,0.6,0.73,0.26,0.01,0.52,0.44,0.04,1,1,0.02,0.686,0.147,0.147,1,0.74,0.26,0.92,0.08,0.96,0.04,0.15,0.85,1,1,0,0.01,0.99,0.35,0.65
Dalian City,Largecities,1,辽宁省,169.4615,147.5701771,7802.839461,132,9501.274117,85,695.8864216,104,0.794897644,13568.27084,159,16521.65999,102,1210.069166,125,1.483017993,25142.48271,415,30615.2166,267,2242.300692,326,12.27543427,13004.73244,159,15835.45686,102,1159.810703,125,0.877946652,15172.18784,658,18474.69967,423,1353.112486,517,6.460026377,32511.83109,850,39588.64216,546,2899.526756,668,0.000377875,0.000234209,0.000660903,0.6,0.73,0.26,0.01,0.511610526,0.441389474,0.047,1,1,0.02,0.473443158,0.471524399,0.035032444,1,0.74,0.26,0.92,0.08,0.96,0.04,0.15,0.85,1,0.9,0.1,0.01,0.99,0.35,0.65
Daqing City,Medium-small-cities,1,黑龙江省,97.5303,83.16189506,4294.283716,132,12990.46559,85,715.250692,104,0.399122359,7467.28224,159,22588.97628,102,1243.741481,125,0.969297159,13837.13642,415,41858.16691,267,2304.696674,326,8.299844495,7157.139527,159,21650.77599,102,1192.084487,125,0.796344136,8349.996115,658,25259.23865,423,1390.765234,517,3.903796792,17892.84882,850,54126.93997,546,2980.211217,668,6.05E-05,0.000257425,9.31E-05,0.6,0.73,0.26,0.01,0.52,0.44,0.04,1,1,0.02,0.686,0.147,0.147,1,0.74,0.26,0.92,0.08,0.96,0.04,0.15,0.85,1,1,0,0.01,0.99,0.35,0.65
Datong City,Medium-small-cities,1,山西省,78.5117,69.49934147,5284.235294,132,11922.35294,85,793.4117647,104,0.135357348,9188.698039,159,20731.64706,102,1379.654902,125,0.400524613,17026.98039,415,38416.47059,267,2556.54902,326,4.91391554,8807.058824,159,19870.58824,102,1322.352941,125,0.140904781,10274.90196,658,23182.35294,423,1542.745098,517,3.421656249,22017.64706,850,49676.47059,546,3305.882353,668,0.000282356,0.000297836,0.000169872,0.6,0.73,0.26,0.01,0.52,0.44,0.04,1,1,0.02,0.686,0.147,0.147,1,0.74,0.26,0.92,0.08,0.96,0.04,0.15,0.85,1,1,0,0.01,0.99,0.35,0.65
Dandong City,Medium-small-cities,1,辽宁省,34.6818,30.20154647,3373.178142,132,14105.71202,85,521.1098369,104,0.162682858,5865.581992,159,24528.2659,102,906.1521053,125,0.303512794,10869.12957,415,45451.73873,267,1679.131697,326,2.512276571,5621.96357,159,23509.52003,102,868.5163949,125,0.179679574,6558.957499,658,27427.77337,423,1013.269127,517,1.322101733,14054.90893,850,58773.80009,546,2171.290987,668,0.000154541,0.000269038,1.74E-05,0.6,0.73,0.26,0.01,0.52,0.44,0.04,1,1,0.02,0.686,0.147,0.147,1,0.74,0.26,0.92,0.08,0.96,0.04,0.15,0.85,1,0.9,0.1,0.01,0.99,0.35,0.65
Deyang City,Medium-small-cities,1,四川省,67.79,60.73079239,2758.920456,132,14590.52863,85,650.550911,104,0.124524081,4797.456127,159,25371.30812,102,1131.235751,125,0.438392998,8889.854803,415,47013.92559,267,2096.219602,326,4.530629582,4598.20076,159,24317.54772,102,1084.251518,125,0.355376944,5364.567554,658,28370.47234,423,1264.960105,517,1.610284008,11495.5019,850,60793.8693,546,2710.628796,668,6.21E-05,0.000378052,0,0.6,0.73,0.26,0.01,0.52,0.44,0.04,1,1,0.02,0.686,0.147,0.147,1,0.74,0.26,0.92,0.08,0.96,0.04,0.15,0.85,1,1,0,0.01,0.99,0.35,0.65
Dezhou City,Largecities,1,山东省,108.1157,95.07840869,2694.51356,132,14729.2358,85,576.2506377,104,0.186519455,4685.45969,159,25612.50448,102,1002.035831,125,0.615839798,8682.321471,415,47460.87092,267,1856.80761,326,7.923123201,4490.855933,159,24548.72634,102,960.4177294,125,0.371643503,5239.331922,658,28640.18073,423,1120.487351,517,3.940165354,11227.13983,850,61371.81584,546,2401.044324,668,7.61E-05,0.00069433,0,0.6,0.76,0.23,0.01,0.601894737,0.351105263,0.047,1,1,0.02,0.473443158,0.471524399,0.035032444,1,0.74,0.26,0.92,0.08,0.96,0.04,0.15,0.85,1,1,0,0.01,0.99,0.35,0.65
Diqing Tibetan Autonomous Prefecture,Medium-small-cities,1,云南省,7.96,6.767012558,2635.615028,132,15294.90479,85,69.48018528,104,0.022297824,4583.041688,159,26596.13999,102,120.8183222,125,0.03403919,8492.537313,415,49283.58209,267,223.880597,326,0.909578868,4392.691714,159,25491.50798,102,115.8003088,125,0.05364404,5124.806999,658,29740.09264,423,135.1003603,517,0.17342752,10981.72928,850,63728.76994,546,289.500772,668,0.000575855,0.000674283,0.000143052,0.6,0.73,0.26,0.01,0.52,0.44,0.04,1,1,0.02,0.686,0.147,0.147,1,0.74,0.26,0.92,0.08,0.96,0.04,0.15,0.85,1,1,0,0.01,0.99,0.35,0.65
Dingxi City,Medium-small-cities,1,甘肃省,30.58,24.96066725,2586.902241,132,14941.9649,85,471.1328548,104,0.096823219,4498.335564,159,25982.41675,102,819.2476864,125,0.214266198,8335.573888,415,48146.33136,267,1518.094754,326,4.10960774,4311.503735,159,24903.27484,102,785.2214247,125,0.232196423,5030.087691,658,29053.82065,423,916.0916621,517,0.966439167,10778.75934,850,62258.1871,546,1963.053562,668,0.009282054,0.000987293,0,0.6,0.73,0.26,0.01,0.52,0.44,0.04,1,1,0.02,0.686,0.147,0.147,1,0.74,0.26,0.92,0.08,0.96,0.04,0.15,0.85,1,1,0,0.01,0.99,0.35,0.65
Dongguan City,Medium-small-cities,1,广东省,322.8715,286.6440939,14943.90465,132,1673.117759,85,1382.977596,104,0.71580252,25985.78974,159,2909.36588,102,2404.844375,125,2.438463448,48152.58164,415,5391.157222,267,4456.261142,326,25.61848863,24906.50774,159,2788.529598,102,2304.96266,125,1.549977052,29057.59237,658,3253.284531,423,2689.123103,517,5.904674482,62266.26936,850,6971.323994,546,5762.40665,668,0.000228461,0.000280473,0,0.6,0.717,0.273,0.01,0.498,0.462,0.04,1,1,0.02,0.686,0.147,0.147,1,0.74,0.26,0.92,0.08,0.96,0.04,0.15,0.85,1,0.9,0.1,0.01,0.99,0.35,0.65
Dongying City,Largecities,1,山东省,73.1925,64.36647432,5867.834274,132,11583.63253,85,548.5331933,104,0.126270516,10203.51182,159,20142.6499,102,953.8382751,125,0.416913126,18907.46599,415,37325.03816,267,1767.495845,326,5.363820379,9779.72379,159,19306.05422,102,914.2219889,125,0.251596365,11409.67775,658,22523.72992,423,1066.59232,517,2.667425292,24449.30947,850,48265.13555,546,2285.554972,668,0.000208898,0.000369078,0.000184431,0.6,0.73,0.26,0.01,0.511610526,0.441389474,0.047,1,1,0.02,0.473443158,0.471524399,0.035032444,1,0.74,0.26,0.92,0.08,0.96,0.04,0.15,0.85,1,0.9,0.1,0.01,0.99,0.35,0.65
Ordos City,Largecities,1,内蒙古自治区,70.5,61.81067657,2734.371634,132,14781.61847,85,484.0099006,104,0.148671965,4754.768452,159,25703.59211,102,841.6394383,125,0.373522953,8810.753042,415,47629.6595,267,1559.587457,326,5.455401025,4557.286056,159,24636.03078,102,806.6831677,125,0.180618007,5316.833732,658,28742.03591,423,941.1303623,517,2.531109484,11393.21514,850,61590.07694,546,2016.707919,668,0.000541295,0.000176381,0.000253332,0.6,0.73,0.26,0.01,0.511610526,0.441389474,0.047,1,1,0.02,0.473443158,0.471524399,0.035032444,1,0.74,0.26,0.92,0.08,0.96,0.04,0.15,0.85,1,1,0,0.01,0.99,0.35,0.65
Ezhou City,Medium-small-cities,1,湖北省,7.7847,6.853170225,2985.665253,132,14577.35368,85,436.9810699,104,0.025196148,5191.740135,159,25348.39834,102,759.8615272,125,0.056031866,9620.476927,415,46971.47296,267,1408.050114,326,0.58005716,4976.108756,159,24295.58946,102,728.3017832,125,0.052848237,5805.460215,658,28344.85437,423,849.6854137,517,0.217396364,12440.27189,850,60738.97365,546,1820.754458,668,0.001460975,0.000257655,0,0.6,0.73,0.26,0.01,0.52,0.44,0.04,1,1,0.02,0.686,0.147,0.147,1,0.74,0.26,0.92,0.08,0.96,0.04,0.15,0.85,1,1,0,0.01,0.99,0.35,0.65
Enshi Tujia and Miao Autonomous Prefecture,Medium-small-cities,1,湖北省,48.4,42.60837783,2065.396485,132,15934.60352,85,0,104,0.156652606,3591.494998,159,27708.505,102,0,125,0.348368251,6655.16645,415,51344.83355,267,0,326,3.606403141,3442.327474,159,26557.67253,102,0,125,0.3285746,4016.04872,658,30983.95128,423,0,517,1.35162357,8605.818686,850,66394.18131,546,0,668,0.000608097,0.000310554,0.000158304,0.6,0.717,0.273,0.01,0.498,0.462,0.04,1,1,0.02,0.686,0.147,0.147,1,0.74,0.26,0.92,0.08,0.96,0.04,0.15,0.85,1,1,0,0.01,0.99,0.35,0.65
Fangchenggang City,Medium-small-cities,1,广西壮族自治区,15.5007,13.44887163,3343.471299,132,13881.08086,85,775.4478382,104,0.038138074,5813.925092,159,24137.65728,102,1348.41763,125,0.090606818,10773.40752,415,44727.92723,267,2498.665256,326,1.324431287,5572.452165,159,23135.13477,102,1292.413064,125,0.114645361,6501.194192,658,26990.99057,423,1507.815241,517,0.484006827,13931.13041,850,57837.83693,546,3231.032659,668,0.001131538,0.000248518,0,0.6,0.704,0.286,0.01,0.476,0.484,0.04,1,1,0.02,0.686,0.147,0.147,1,0.74,0.26,0.92,0.08,0.96,0.04,0.15,0.85,1,0.9,0.1,0.01,0.99,0.35,0.65
Foshan City,Extra-large-cities,1,广东省,272.9071,242.2858889,9689.575916,132,6462.946254,85,1847.47783,104,0.605032001,16849.0959,159,11238.34543,102,3212.558671,125,2.061110962,31221.96684,415,20825.04904,267,5952.98412,326,21.6540247,16149.29319,159,10771.57709,102,3079.129717,125,1.310117933,18840.84206,658,12566.83994,423,3592.318003,517,4.990925459,40373.23298,850,26928.94273,546,7697.824293,668,0.000189287,0.000516858,2.87E-05,0.6,0.725235938,0.243764063,0.031,0.524730114,0.376269886,0.099,1,1,0.02,0.014,0.9358125,0.0301875,1,0.74,0.26,0.92,0.08,0.96,0.04,0.15,0.85,1,1,0,0.01,0.99,0.35,0.65
Fuzhou City (Fujian),Extra-large-cities,1,福建省,145.93,127.6066513,3323.763961,132,13637.94866,85,1038.28738,104,0.475903168,5779.656222,159,23714.87739,102,1805.466389,125,0.766613248,10709.9061,415,43944.50123,267,3345.592669,326,13.61169197,5539.606602,159,22729.91443,102,1730.478967,125,0.432835008,6462.874369,658,26518.2335,423,2018.892128,517,3.036305281,13849.01651,850,56824.78608,546,4326.197417,668,5.32E-05,0.000110414,0.000171825,0.6,0.73684375,0.23215625,0.031,0.542647727,0.358352273,0.099,1,1,0.02,0.014,0.9358125,0.0301875,1,0.74,0.26,0.92,0.08,0.96,0.04,0.15,0.85,1,0.9,0.1,0.01,0.99,0.35,0.65
Fushun City,Medium-small-cities,1,辽宁省,28.5754,24.88398154,3259.609913,132,14149.61067,85,590.7794131,104,0.134039402,5668.099459,159,24604.60078,102,1027.299757,125,0.250073511,10503.1875,415,45593.18995,267,1903.622553,326,2.069941812,5432.683188,159,23582.68446,102,984.6323551,125,0.148043519,6338.130386,658,27513.13187,423,1148.737748,517,1.089320216,13581.70797,850,58956.71114,546,2461.580888,668,0.000355576,0.000357671,0,0.6,0.73,0.26,0.01,0.52,0.44,0.04,1,1,0.02,0.686,0.147,0.147,1,0.74,0.26,0.92,0.08,0.96,0.04,0.15,0.85,1,1,0,0.01,0.99,0.35,0.65
Fuzhou City (Jiangxi),Medium-small-cities,1,江西省,37.6025,32.33078066,2592.127129,132,14702.11882,85,705.7540507,104,0.088029665,4507.421064,159,25565.35106,102,1227.227877,125,0.190521345,8352.409639,415,47373.49398,267,2274.096386,326,3.050227877,4320.211882,159,24503.53137,102,1176.256751,125,0.240195228,5040.247196,658,28587.45326,423,1372.299543,517,1.702745226,10800.52971,850,61258.82842,546,2940.641878,668,5.64E-05,0.000169688,0,0.6,0.704,0.286,0.01,0.476,0.484,0.04,1,1,0.02,0.686,0.147,0.147,1,0.74,0.26,0.92,0.08,0.96,0.04,0.15,0.85,1,1,0,0.01,0.99,0.35,0.65
Fuxin City,Medium-small-cities,1,辽宁省,28.8588,25.13077145,3020.240827,132,14510.06145,85,469.69772,104,0.135368754,5251.863216,159,25231.38464,102,816.7521464,125,0.252553646,9731.88711,415,46754.64246,267,1513.470431,326,2.090470711,5033.734712,159,24183.43575,102,782.8295333,125,0.149511758,5872.690497,658,28214.00838,423,913.3011222,517,1.100123681,12584.33678,850,60458.58939,546,1957.073833,668,0.000497677,0.000259142,0,0.6,0.73,0.26,0.01,0.52,0.44,0.04,1,1,0.02,0.686,0.147,0.147,1,0.74,0.26,0.92,0.08,0.96,0.04,0.15,0.85,1,1,0,0.01,0.99,0.35,0.65
Fuyang City,Medium-small-cities,1,安徽省,92.9875,79.64019419,2729.903537,132,15023.15113,85,246.9453376,104,0.2542442,4746.998928,159,26123.59057,102,429.4105038,125,0.584658726,8796.355841,415,48407.9314,267,795.7127546,326,7.921714007,4549.839228,159,25038.58521,102,411.5755627,125,0.326297212,5308.145766,658,29211.68274,423,480.1714898,517,4.260391668,11374.59807,850,62596.46302,546,1028.938907,668,6.97E-05,0.000142195,6.19E-05,0.6,0.73,0.26,0.01,0.52,0.44,0.04,1,1,0.02,0.686,0.147,0.147,1,0.74,0.26,0.92,0.08,0.96,0.04,0.15,0.85,1,1,0,0.01,0.99,0.35,0.65
Ganzhou City,Largecities,1,江西省,105.325,90.5588584,2365.408205,132,15023.30653,85,611.2852665,104,0.246572021,4113.182045,159,26123.8608,102,1062.957158,125,0.533652303,7621.870883,415,48408.43215,267,1969.69697,326,8.543720528,3942.347008,159,25038.84421,102,1018.808777,125,0.672789372,4599.404843,658,29211.98492,423,1188.61024,517,4.769407378,9855.867521,850,62597.11054,546,2547.021944,668,0.000278354,0.000145528,8.25E-05,0.6,0.704,0.286,0.01,0.489541053,0.463458947,0.047,1,1,0.02,0.473443158,0.471524399,0.035032444,1,0.74,0.26,0.92,0.08,0.96,0.04,0.15,0.85,1,1,0,0.01,0.99,0.35,0.65
Guyuan City,Medium-small-cities,1,宁夏回族自治区,17.92,13.95251452,4664.43934,132,12835.66507,85,499.8955941,104,0.0423046,8110.941741,159,22319.79536,102,869.2628941,125,0.11319339,15029.8601,415,41359.36521,267,1610.774692,326,2.818401072,7774.065567,159,21392.77511,102,833.1593234,125,0.093756141,9069.743161,658,24958.23763,423,972.0192107,517,0.899830281,19435.16392,850,53481.93777,546,2082.898309,668,0.001165731,0.000255941,0.000567805,0.6,0.73,0.26,0.01,0.54,0.42,0.04,1,1,0.02,0.686,0.147,0.147,1,0.74,0.26,0.92,0.08,0.96,0.04,0.15,0.85,1,1,0,0.01,0.99,0.35,0.65
Guang'an City,Medium-small-cities,1,四川省,39.23,35.14484416,1339.144511,132,16194.1468,85,466.7086867,104,0.072061952,2328.62351,159,28159.82194,102,811.5545496,125,0.253697556,4315.021201,415,52181.1397,267,1503.839102,326,2.62187046,2231.907518,159,26990.24467,102,777.8478111,125,0.205656255,2603.892104,658,31488.61878,423,907.489113,517,0.931869621,5579.768794,850,67475.61168,546,1944.619528,668,1.25E-05,0.000761374,0,0.6,0.73,0.26,0.01,0.52,0.44,0.04,1,1,0.02,0.686,0.147,0.147,1,0.74,0.26,0.92,0.08,0.96,0.04,0.15,0.85,1,1,0,0.01,0.99,0.35,0.65
Guangyuan City,Medium-small-cities,1,四川省,44.13,39.53459018,1991.652725,132,15555.32212,85,453.0251595,104,0.081062807,3463.262795,159,27048.97679,102,787.7604163,125,0.285385499,6417.54767,415,50122.70459,267,1459.747736,326,2.949353643,3319.421209,159,25925.53686,102,755.0419326,125,0.231343628,3872.658077,658,30246.45967,423,880.8822547,517,1.048264247,8298.553022,850,64813.84215,546,1887.604831,668,0.000761037,0.000629682,0.000162893,0.6,0.73,0.26,0.01,0.52,0.44,0.04,1,1,0.02,0.686,0.147,0.147,1,0.74,0.26,0.92,0.08,0.96,0.04,0.15,0.85,1,1,0,0.01,0.99,0.35,0.65
Guangzhou City,Megacities,1,广东省,277.3517,246.231788,6796.081923,132,9140.249332,85,2063.668744,104,0.61488563,11817.63134,159,15893.87801,102,3588.49065,125,2.094678479,21898.4862,415,29451.91451,267,6649.599288,326,22.00668493,11326.80321,159,15233.74889,102,3439.447907,125,1.331454682,13214.60374,658,17772.70703,423,4012.689225,517,5.072208311,28317.00801,850,38084.37222,546,8598.619768,668,0.000199505,0.000530821,0.004458702,0.6,0.54571791,0.21128209,0.243,0.445489474,0.217510526,0.337,1,1,0.02,0.130727869,0.562343538,0.286928594,1,0.74,0.26,0.92,0.08,0.96,0.04,0.15,0.85,1,0.9,0.1,0.01,0.99,0.35,0.65
Guigang City,Medium-small-cities,1,广西壮族自治区,42.7409,37.08328512,3267.132813,132,14009.19702,85,723.6701636,104,0.105160128,5681.180948,159,24360.43705,102,1258.382007,125,0.249834971,10527.42795,415,45140.74596,267,2331.826083,326,3.651924443,5445.221356,159,23348.6617,102,1206.116939,125,0.316117718,6352.758248,658,27240.10532,423,1407.136429,517,1.334577624,13613.05339,850,58371.65426,546,3015.292348,668,0.000213864,0.000410702,0,0.6,0.717,0.273,0.01,0.498,0.462,0.04,1,1,0.02,0.686,0.147,0.147,1,0.74,0.26,0.92,0.08,0.96,0.04,0.15,0.85,1,1,0,0.01,0.99,0.35,0.65
Guiyang City,Largecities,1,贵州省,134.1511,116.1506494,5579.193658,132,11674.79948,85,746.0068641,104,0.478694972,9701.59786,159,20301.17909,102,1297.223047,125,0.787693843,17977.40179,415,37618.79832,267,2403.799895,326,13.64660588,9298.656096,159,19457.99913,102,1243.344774,125,0.742103846,10848.43211,658,22700.99899,423,1450.568902,517,2.345352086,23246.64024,850,48644.99783,546,3108.361934,668,0.000395319,0.000297506,0.002944781,0.6,0.73,0.26,0.01,0.531673684,0.421326316,0.047,1,1,0.02,0.473443158,0.471524399,0.035032444,1,0.74,0.26,0.92,0.08,0.96,0.04,0.15,0.85,1,1,0,0.01,0.99,0.35,0.65
Guilin City,Medium-small-cities,1,广西壮族自治区,70.3696,61.05477284,3203.703704,132,13944.44444,85,851.8518519,104,0.173138051,5570.884774,159,24247.83951,102,1481.27572,125,0.411334037,10323.04527,415,44932.09877,267,2744.855967,326,6.012612329,5339.506173,159,23240.74074,102,1419.753086,125,0.520463476,6229.423868,658,27114.19753,423,1656.378601,517,2.19727927,13348.76543,850,58101.85185,546,3549.382716,668,0.000845801,0.000340186,0.000188226,0.6,0.704,0.286,0.01,0.476,0.484,0.04,1,1,0.02,0.686,0.147,0.147,1,0.74,0.26,0.92,0.08,0.96,0.04,0.15,0.85,1,1,0,0.01,0.99,0.35,0.65
Harbin City,Largecities,1,黑龙江省,195.2374,166.4745435,4371.074236,132,13016.03493,85,612.8908297,104,0.798968236,7600.812421,159,22633.43852,102,1065.749054,125,1.94035143,14084.57254,415,41940.55701,267,1974.870451,326,16.6147347,7285.123726,159,21693.39156,102,1021.484716,125,1.594131861,8499.311014,658,25308.95682,423,1191.732169,517,7.81467027,18212.80932,850,54233.47889,546,2553.71179,668,7.91E-05,0.00017449,0.000196773,0.6,0.73,0.26,0.01,0.531673684,0.421326316,0.047,1,1,0.02,0.473443158,0.471524399,0.035032444,1,0.74,0.26,0.92,0.08,0.96,0.04,0.15,0.85,1,1,0,0.01,0.99,0.35,0.65
Hami City,Medium-small-cities,1,新疆维吾尔族自治区,19.69,16.31063127,2619.429173,132,14791.83885,85,588.7319723,104,0.101039712,4554.896285,159,25721.36423,102,1023.739485,125,0.136995285,8440.382891,415,47662.59186,267,1897.025244,326,2.217867181,4365.715289,159,24653.06476,102,981.2199539,125,0.131078545,5093.334503,658,28761.90888,423,1144.756613,517,0.792388008,10914.28822,850,61632.66189,546,2453.049885,668,0.001293739,0.00093213,7.47E-05,0.6,0.73,0.26,0.01,0.54,0.42,0.04,1,1,0.02,0.686,0.147,0.147,1,0.74,0.26,0.92,0.08,0.96,0.04,0.15,0.85,1,1,0,0.01,0.99,0.35,0.65
Haidong City,Medium-small-cities,1,青海省,21.2874,17.60100597,2650.554155,132,14875.06627,85,474.3795747,104,0.104094866,4609.019169,159,25866.08746,102,824.8933715,125,0.166910733,8540.674499,415,47930.76909,267,1528.556407,326,2.661598027,4417.590258,159,24791.77712,102,790.6326244,125,0.13281069,5153.855301,658,28923.73997,423,922.4047285,517,0.620979715,11043.97565,850,61979.44279,546,1976.581561,668,0.000402187,0.000954035,0,0.6,0.73,0.26,0.01,0.54,0.42,0.04,1,1,0.02,0.686,0.147,0.147,1,0.74,0.26,0.92,0.08,0.96,0.04,0.15,0.85,1,1,0,0.01,0.99,0.35,0.65
Haikou City,Medium-small-cities,1,海南省,82.071,70.53465009,6697.587168,132,10178.61088,85,1123.801957,104,0.342663859,11646.35991,159,17699.47336,102,1954.166736,125,1.00394499,21581.11421,415,32797.74615,267,3621.139638,326,8.410293657,11162.64528,159,16964.35146,102,1873.003261,125,0.679316071,13023.08616,658,19791.74337,423,2185.170472,517,1.100131336,27906.6132,850,42410.87865,546,4682.508153,668,6.26E-05,0.000153668,0.000487552,0.6,0.73,0.26,0.01,0.54,0.42,0.04,1,1,0.02,0.686,0.147,0.147,1,0.74,0.26,0.92,0.08,0.96,0.04,0.15,0.85,1,0.9,0.1,0.01,0.99,0.35,0.65
Handan City,Largecities,1,河北省,153.9156,133.2832683,4985.983567,132,12498.79169,85,515.2247463,104,0.20637022,8670.071425,159,21734.00999,102,895.9185865,125,0.633181356,16065.94705,415,40273.88432,267,1660.168627,326,12.62235307,8309.972612,159,20831.31948,102,858.7079104,125,0.414616532,9694.968047,658,24303.20606,423,1001.825895,517,6.755810552,20774.93153,850,52078.2987,546,2146.769776,668,0.000329262,0.000148792,0.000125364,0.6,0.73,0.26,0.01,0.531673684,0.421326316,0.047,1,1,0.02,0.473443158,0.471524399,0.035032444,1,0.74,0.26,0.92,0.08,0.96,0.04,0.15,0.85,1,1,0,0.01,0.99,0.35,0.65
Hanzhong City,Medium-small-cities,1,陕西省,33.1003,29.68199661,1791.909726,132,15718.37047,85,489.7198049,104,0.084804296,3115.931912,159,27332.49976,102,851.5683274,125,0.210531595,5773.931338,415,50648.08262,267,1577.986038,326,2.175328799,2986.516209,159,26197.28412,102,816.1996749,125,0.081352958,3484.268911,658,30563.49814,423,952.232954,517,0.866285743,7466.290523,850,65493.21029,546,2040.499187,668,0.000619928,0.000603444,6.93E-05,0.6,0.717,0.273,0.01,0.498,0.462,0.04,1,1,0.02,0.686,0.147,0.147,1,0.74,0.26,0.92,0.08,0.96,0.04,0.15,0.85,1,1,0,0.01,0.99,0.35,0.65
Hangzhou City,Extra-large-cities,1,浙江省,274.584,248.3524372,5552.618369,132,11389.2109,85,1058.170735,104,0.530667601,9655.386386,159,19804.57228,102,1840.041333,125,1.243752189,17891.7703,415,36698.56844,267,3409.661257,326,19.5235927,9254.363949,159,18982.01816,102,1763.617891,125,0.648409475,10796.75794,658,22145.68785,423,2057.554207,517,4.285140876,23135.90987,850,47455.0454,546,4409.044728,668,0.000217723,0.000206434,0.000745651,0.6,0.725235938,0.243764063,0.031,0.524730114,0.376269886,0.099,1,1,0.02,0.014,0.9358125,0.0301875,1,0.74,0.26,0.92,0.08,0.96,0.04,0.15,0.85,1,1,0,0.01,0.99,0.35,0.65
Hefei City,Extra-large-cities,1,安徽省,216.4758,185.4031429,3778.326417,132,13766.87503,85,454.7985502,104,0.591882957,6570.089825,159,23939.06603,102,790.8441456,125,1.361091173,12174.60734,415,44359.93066,267,1465.461995,326,18.44182688,6297.210695,159,22944.79172,102,757.9975837,125,0.759623067,7346.745811,658,26768.92367,423,884.3305143,517,9.918233038,15743.02674,850,57361.9793,546,1894.993959,668,0.00020128,0.000182604,0.000252453,0.6,0.7065625,0.2624375,0.031,0.4505,0.4505,0.099,1,1,0.02,0.014,0.9358125,0.0301875,1,0.74,0.26,0.92,0.08,0.96,0.04,0.15,0.85,1,1,0,0.01,0.99,0.35,0.65
Hechi City,Medium-small-cities,1,广西壮族自治区,32.5873,28.27371761,3381.579088,132,14059.22775,85,559.1931642,104,0.080178111,5880.190303,159,24447.43492,102,972.37478,125,0.190483755,10896.19928,415,45301.95608,267,1801.84464,326,2.784367138,5635.965146,159,23432.04625,102,931.9886071,125,0.241020262,6575.292671,658,27337.38729,423,1087.320042,517,1.017533122,14089.91287,850,58580.11562,546,2329.971518,668,0.000751059,0.000672732,5.03E-06,0.6,0.717,0.273,0.01,0.498,0.462,0.04,1,1,0.02,0.686,0.147,0.147,1,0.74,0.26,0.92,0.08,0.96,0.04,0.15,0.85,1,1,0,0.01,0.99,0.35,0.65
Heyuan City,Medium-small-cities,1,广东省,41.7966,37.10686305,3120.795984,132,14163.40119,85,715.8028261,104,0.092662597,5426.717461,159,24628.58096,102,1244.701581,125,0.315665772,10055.89817,415,45637.62606,267,2306.475773,326,3.31638352,5201.32664,159,23605.66865,102,1193.00471,125,0.200648775,6068.214413,658,27539.94676,423,1391.838829,517,0.764376284,13003.3166,850,59014.17163,546,2982.511775,668,4.74E-05,0.000503654,0,0.6,0.704,0.286,0.01,0.476,0.484,0.04,1,1,0.02,0.686,0.147,0.147,1,0.74,0.26,0.92,0.08,0.96,0.04,0.15,0.85,1,1,0,0.01,0.99,0.35,0.65
Heze City,Largecities,1,山东省,118.3422,104.0717311,2678.835737,132,14823.70994,85,497.4543267,104,0.204162048,4658.197698,159,25776.7845,102,865.0178015,125,0.67409115,8631.804042,415,47765.28757,267,1602.908386,326,8.672559402,4464.726228,159,24706.18323,102,829.0905445,125,0.406796698,5208.847267,658,28823.88043,423,967.2723019,517,4.312859616,11161.81557,850,61765.45807,546,2072.726361,668,3.33E-05,0.000534313,0,0.6,0.73,0.26,0.01,0.511610526,0.441389474,0.047,1,1,0.02,0.473443158,0.471524399,0.035032444,1,0.74,0.26,0.92,0.08,0.96,0.04,0.15,0.85,1,1,0,0.01,0.99,0.35,0.65
Hezhou City,Medium-small-cities,1,广西壮族自治区,22.6107,19.61772061,3290.564464,132,14119.55149,85,589.8840431,104,0.055631587,5721.925985,159,24552.33121,102,1025.742808,125,0.132167165,10602.92994,415,45496.33259,267,1900.737472,326,1.931933301,5484.274107,159,23532.58582,102,983.1400719,125,0.167231923,6398.319792,658,27454.68346,423,1146.99675,517,0.706015416,13710.68527,850,58831.46455,546,2457.85018,668,0.000464267,0.000412491,0,0.6,0.704,0.286,0.01,0.476,0.484,0.04,1,1,0.02,0.686,0.147,0.147,1,0.74,0.26,0.92,0.08,0.96,0.04,0.15,0.85,1,1,0,0.01,0.99,0.35,0.65
Hebi City,Medium-small-cities,1,河南省,27.758,24.50000173,3134.8756,132,14562.6364,85,302.4879965,104,0.063112693,5451.200349,159,25322.80663,102,525.9930162,125,0.136945899,10101.26582,415,46924.05063,267,974.6835443,326,1.990729968,5224.792667,159,24271.06067,102,504.1466608,125,0.068472949,6095.591445,658,28316.23745,423,588.1711043,517,0.998736758,13061.98167,850,60677.65168,546,1260.366652,668,0.000741591,0.000175858,0.00E+00,0.6,0.73,0.26,0.01,0.52,0.44,0.04,1,1,0.02,0.686,0.147,0.147,1,0.74,0.26,0.92,0.08,0.96,0.04,0.15,0.85,1,1,0,0.01,0.99,0.35,0.65
Hegang City,Medium-small-cities,1,黑龙江省,10,8.526775275,3452.564371,132,14029.01772,85,518.4179117,104,0.040922909,6003.625823,159,24394.90303,102,901.4711464,125,0.099384208,11124.92964,415,45204.61264,267,1670.457715,326,0.851001637,5754.273952,159,23381.6962,102,864.0298528,125,0.081650947,6713.31961,658,27278.64556,423,1008.034828,517,0.400265025,14385.68488,850,58454.24049,546,2160.074632,668,0.000180476,0.000756911,0,0.6,0.73,0.26,0.01,0.52,0.44,0.04,1,1,0.02,0.686,0.147,0.147,1,0.74,0.26,0.92,0.08,0.96,0.04,0.15,0.85,1,1,0,0.01,0.99,0.35,0.65
Heihe City,Medium-small-cities,1,黑龙江省,22.3434,19.05171507,2975.337243,132,14714.07026,85,310.5924971,104,0.091435693,5173.780872,159,25586.13329,102,540.0858421,125,0.222058111,9587.197782,415,47412.00417,267,1000.798046,326,1.901426997,4958.895405,159,24523.45043,102,517.6541618,125,0.182435977,5785.377972,658,28610.69217,423,603.9298554,517,0.894328155,12397.23851,850,61308.62608,546,1294.135405,668,0.000195363,0.00061352,6.78E-05,0.6,0.73,0.26,0.01,0.52,0.44,0.04,1,1,0.02,0.686,0.147,0.147,1,0.74,0.26,0.92,0.08,0.96,0.04,0.15,0.85,1,1,0,0.01,0.99,0.35,0.65
Hengshui City,Medium-small-cities,1,河北省,83.8,72.56663965,3789.069621,132,13560.35305,85,650.577334,104,0.11235914,6588.771063,159,23579.94724,102,1131.281697,125,0.34473827,12209.22433,415,43694.47092,267,2096.304743,326,6.872293562,6315.116034,159,22600.58841,102,1084.295557,125,0.225739726,7367.635373,658,26367.35314,423,1265.011483,517,3.678229655,15787.79009,850,56501.47102,546,2710.738892,668,0.000965018,0.00032946,0,0.6,0.73,0.26,0.01,0.52,0.44,0.04,1,1,0.02,0.686,0.147,0.147,1,0.74,0.26,0.92,0.08,0.96,0.04,0.15,0.85,1,1,0,0.01,0.99,0.35,0.65
Hengyang City,Largecities,1,湖南省,62.6219,55.96609736,1311.072222,132,16122.78295,85,566.1448233,104,0.304112536,2279.80892,159,28035.72814,102,984.4629428,125,0.444972262,4224.56605,415,51951.18952,267,1824.244431,326,4.272022662,2185.120371,159,26871.30492,102,943.5747056,125,0.356122281,2549.307099,658,31349.85574,423,1100.837157,517,1.278572897,5462.800927,850,67178.26231,546,2358.936764,668,0.00027235,0.000268479,7.21E-05,0.6,0.73,0.26,0.01,0.531673684,0.421326316,0.047,1,1,0.02,0.473443158,0.471524399,0.035032444,1,0.74,0.26,0.92,0.08,0.96,0.04,0.15,0.85,1,1,0,0.01,0.99,0.35,0.65
Honghe Hani and Yi Autonomous Prefecture,Medium-small-cities,1,云南省,55.38,47.08004466,1780.17837,132,15702.80116,85,517.0204748,104,0.155132348,3095.532387,159,27305.42645,102,899.041159,125,0.236820396,5736.130302,415,50597.91483,267,1665.954863,326,6.328200715,2966.963949,159,26171.33526,102,861.7007914,125,0.373216954,3461.457941,658,30533.22447,423,1005.31759,517,1.20658493,7417.409873,850,65428.33815,546,2154.251978,668,0.000264283,0.000314976,0,0.6,0.73,0.26,0.01,0.52,0.44,0.04,1,1,0.02,0.686,0.147,0.147,1,0.74,0.26,0.92,0.08,0.96,0.04,0.15,0.85,1,1,0,0.01,0.99,0.35,0.65
Hohhot City,Medium-small-cities,1,内蒙古自治区,120.3595,105.5248529,4793.845789,132,12343.86647,85,862.2877426,104,0.253816785,8335.965177,159,21464.61225,102,1499.422575,125,0.637688452,15446.83643,415,39774.68084,267,2778.482726,326,9.313607655,7989.742981,159,20573.11078,102,1437.146238,125,0.308355929,9321.366811,658,24001.96258,423,1676.670611,517,4.321178326,19974.35745,850,51432.77695,546,3592.865594,668,0.000563934,0.000132893,0.00034213,0.6,0.73,0.26,0.01,0.52,0.44,0.04,1,1,0.02,0.686,0.147,0.147,1,0.74,0.26,0.92,0.08,0.96,0.04,0.15,0.85,1,1,0,0.01,0.99,0.35,0.65
Hulunbuir City,Medium-small-cities,1,内蒙古自治区,43.5885,38.21609469,4544.471029,132,13139.70665,85,315.8223239,104,0.091920396,7902.330178,159,22848.48989,102,549.17993,125,0.2309405,14643.29554,415,42339.05475,267,1017.64971,326,3.372946774,7574.118381,159,21899.51108,102,526.3705399,125,0.111671886,8836.471445,658,25549.42959,423,614.0989632,517,1.564925756,18935.29595,850,54748.7777,546,1315.92635,668,0.000533986,0.000325924,0.000338005,0.6,0.73,0.26,0.01,0.52,0.44,0.04,1,1,0.02,0.686,0.147,0.147,1,0.74,0.26,0.92,0.08,0.96,0.04,0.15,0.85,1,1,0,0.01,0.99,0.35,0.65
Huludao City,Medium-small-cities,1,辽宁省,42,36.57436903,3295.903749,132,14223.49695,85,480.5993033,104,0.197010537,5731.210409,159,24733.0808,102,835.7087885,125,0.367556971,10620.1343,415,45831.26794,267,1548.597755,326,3.042391571,5493.172916,159,23705.82825,102,800.9988388,125,0.217593727,6408.701735,658,27656.79962,423,934.4986453,517,1.601078167,13732.93229,850,59264.57061,546,2002.497097,668,4.83E-05,0.000122918,0,0.6,0.73,0.26,0.01,0.52,0.44,0.04,1,1,0.02,0.686,0.147,0.147,1,0.74,0.26,0.92,0.08,0.96,0.04,0.15,0.85,1,0.9,0.1,0.01,0.99,0.35,0.65
Huzhou City,Largecities,1,浙江省,88.6936,80.22052166,4216.88193,132,12962.73795,85,820.3801218,104,0.171411371,7332.689134,159,22540.76099,102,1426.549878,125,0.401745401,13587.73066,415,41768.82228,267,2643.447059,326,6.306331474,7028.13655,159,21604.56325,102,1367.300203,125,0.209443269,8199.492642,658,25205.32379,423,1595.18357,517,1.384146821,17570.34138,850,54011.40812,546,3418.250507,668,0.000213693,9.46E-05,0,0.6,0.717,0.273,0.01,0.510607368,0.442392632,0.047,1,1,0.02,0.473443158,0.471524399,0.035032444,1,0.74,0.26,0.92,0.08,0.96,0.04,0.15,0.85,1,1,0,0.01,0.99,0.35,0.65
Huaihua City,Medium-small-cities,1,湖南省,41.2396,36.85642672,1877.990201,132,15502.06552,85,619.944279,104,0.200273057,3265.616294,159,26956.36949,102,1078.014218,125,0.293036112,6051.301758,415,49951.10001,267,1997.598232,326,2.81333696,3129.983668,159,25836.77587,102,1033.240465,125,0.234524031,3651.647613,658,30142.90518,423,1205.447209,517,0.842003115,7824.95917,850,64591.93967,546,2583.101162,668,0.000299572,0.000370851,1.63E-04,0.6,0.73,0.26,0.01,0.52,0.44,0.04,1,1,0.02,0.686,0.147,0.147,1,0.74,0.26,0.92,0.08,0.96,0.04,0.15,0.85,1,1,0,0.01,0.99,0.35,0.65
Huai'an City,Largecities,1,江苏省,63.21,58.51251803,4195.68024,132,13221.40275,85,582.9170061,104,0.13114039,7295.82175,159,22990.55034,102,1013.627905,125,0.382465138,13519.41411,415,42602.29776,267,1878.288131,326,2.14505838,6992.8004,159,22035.67126,102,971.5283436,125,0.371177104,8158.267133,658,25708.28313,423,1133.449734,517,1.66764096,17482.001,850,55089.17814,546,2428.820859,668,1.91E-05,0.000112362,3.48E-06,0.6,0.73,0.26,0.01,0.511610526,0.441389474,0.047,1,1,0.02,0.473443158,0.471524399,0.035032444,1,0.74,0.26,0.92,0.08,0.96,0.04,0.15,0.85,1,1,0,0.01,0.99,0.35,0.65
Huaibei City,Medium-small-cities,1,安徽省,30.9678,26.52272193,4642.256084,132,12993.40459,85,364.3393223,104,0.084671418,8072.367523,159,22594.08688,102,633.5455993,125,0.194709983,14958.38071,415,41867.63703,267,1173.982261,326,2.638183143,7737.093473,159,21655.67432,102,607.2322038,125,0.108667367,9026.609052,658,25264.95338,423,708.4375711,517,1.418846158,19342.73368,850,54139.18581,546,1518.080509,668,0.001044736,0.000250381,0,0.6,0.73,0.26,0.01,0.52,0.44,0.04,1,1,0.02,0.686,0.147,0.147,1,0.74,0.26,0.92,0.08,0.96,0.04,0.15,0.85,1,1,0,0.01,0.99,0.35,0.65
Huainan City,Medium-small-cities,1,安徽省,36.8604,31.56950573,3246.861925,132,14353.55649,85,399.58159,104,0.100782825,5645.932125,159,24959.23989,102,694.827987,125,0.231759694,10462.11065,415,46250.34868,267,1287.540679,326,3.140180637,5411.436541,159,23922.59414,102,665.9693166,125,0.129344759,6313.342631,658,27909.69317,423,776.9642027,517,1.688826359,13528.59135,850,59806.48536,546,1664.923291,668,7.17E-05,0.000227876,0.00E+00,0.6,0.73,0.26,0.01,0.52,0.44,0.04,1,1,0.02,0.686,0.147,0.147,1,0.74,0.26,0.92,0.08,0.96,0.04,0.15,0.85,1,1,0,0.01,0.99,0.35,0.65
Huanggang City,Medium-small-cities,1,湖北省,48.5984,42.78303697,2480.51108,132,15076.93336,85,442.5555565,104,0.157294752,4313.333156,159,26217.1119,102,769.5549399,125,0.349796273,7992.757925,415,48581.22973,267,1426.012349,326,3.621186413,4134.185134,159,25128.22227,102,737.5925942,125,0.329921484,4823.215989,658,29316.25932,423,860.5246932,517,1.35716411,10335.46283,850,62820.55568,546,1843.981485,668,4.51E-05,0.000372503,0,0.6,0.73,0.26,0.01,0.52,0.44,0.04,1,1,0.02,0.686,0.147,0.147,1,0.74,0.26,0.92,0.08,0.96,0.04,0.15,0.85,1,1,0,0.01,0.99,0.35,0.65
Huangshan City,Medium-small-cities,1,安徽省,21.0622,18.03895898,3823.96088,132,13315.40342,85,860.6356968,104,0.057587764,6649.443086,159,23154.00706,102,1496.549851,125,0.132428542,12321.65173,415,42905.18881,267,2773.159468,326,1.79431348,6373.268134,159,22192.33904,102,1434.392828,125,0.073908183,7435.479489,658,25891.06221,423,1673.458299,517,0.965003053,15933.17033,850,55480.8476,546,3585.98207,668,0.005736721,0.000200167,0.00029358,0.6,0.717,0.273,0.01,0.498,0.462,0.04,1,1,0.02,0.686,0.147,0.147,1,0.74,0.26,0.92,0.08,0.96,0.04,0.15,0.85,1,1,0,0.01,0.99,0.35,0.65
Huangshi City,Medium-small-cities,1,湖北省,24.8889,21.91065403,2719.27783,132,14870.54201,85,410.1801631,104,0.080556013,4728.522005,159,25858.22027,102,713.257728,125,0.179142615,8762.117454,415,47916.19091,267,1321.691637,326,1.854533205,4532.129717,159,24784.23668,102,683.6336052,125,0.168964057,5287.48467,658,28914.94279,423,797.5725394,517,0.69505008,11330.32429,850,61960.59169,546,1709.084013,668,0.000892941,0.000263684,0,0.6,0.73,0.26,0.01,0.52,0.44,0.04,1,1,0.02,0.686,0.147,0.147,1,0.74,0.26,0.92,0.08,0.96,0.04,0.15,0.85,1,1,0,0.01,0.99,0.35,0.65
Huizhou City,Largecities,1,广东省,130.4393,115.8035161,4763.720712,132,12546.9638,85,689.3154886,104,0.289182475,8283.581016,159,21817.77594,102,1198.643044,125,0.985133297,15349.76674,415,40429.10558,267,2221.127686,326,10.34980704,7939.53452,159,20911.60633,102,1148.859148,125,0.626186956,9262.790273,658,24396.87405,423,1340.335672,517,2.385474116,19848.8363,850,52279.01583,546,2872.147869,668,0.000637954,0.000462536,0.0001542,0.6,0.704,0.286,0.01,0.489541053,0.463458947,0.047,1,1,0.02,0.473443158,0.471524399,0.035032444,1,0.74,0.26,0.92,0.08,0.96,0.04,0.15,0.85,1,0.9,0.1,0.01,0.99,0.35,0.65
Jixi City,Medium-small-cities,1,黑龙江省,21.9,18.67363785,3365.897903,132,14114.00667,85,520.0954314,104,0.089621171,5852.922465,159,24542.68937,102,904.3881668,125,0.217651415,10845.67102,415,45478.46592,267,1675.863057,326,1.863693585,5609.829838,159,23523.34444,102,866.8257189,125,0.178815574,6544.801478,658,27443.90185,423,1011.296672,517,0.876580404,14024.5746,850,58808.36111,546,2167.064297,668,0.000520863,0.000719792,4.00E-05,0.6,0.73,0.26,0.01,0.52,0.44,0.04,1,1,0.02,0.686,0.147,0.147,1,0.74,0.26,0.92,0.08,0.96,0.04,0.15,0.85,1,1,0,0.01,0.99,0.35,0.65
Ji'an City (Jiangxi),Medium-small-cities,1,江西省,49.7006,42.73277567,2441.279711,132,15096.58008,85,462.1402066,104,0.116352028,4245.114164,159,26251.27537,102,803.6104704,125,0.251819033,7866.345736,415,48644.53582,267,1489.118443,326,4.031597783,4068.799519,159,25160.9668,102,770.2336777,125,0.31747482,4746.932772,658,29354.46127,423,898.6059573,517,2.250580663,10171.9988,850,62902.41701,546,1925.584194,668,0.00011967,0.000324781,4.96E-05,0.6,0.704,0.286,0.01,0.476,0.484,0.04,1,1,0.02,0.686,0.147,0.147,1,0.74,0.26,0.92,0.08,0.96,0.04,0.15,0.85,1,1,0,0.01,0.99,0.35,0.65
Jilin City,Medium-small-cities,1,吉林省,61.3329,54.24783135,3291.342708,132,14083.94013,85,624.7171594,104,0.183034355,5723.279264,159,24490.40701,102,1086.313727,125,0.493100016,10605.43761,415,45381.58487,267,2012.977514,326,4.073197359,5485.57118,159,23473.23355,102,1041.195266,125,0.249964828,6399.833043,658,27385.43915,423,1214.72781,517,2.085772088,13713.92795,850,58683.08389,546,2602.988164,668,0.000241029,0.000168709,0,0.6,0.73,0.26,0.01,0.52,0.44,0.04,1,1,0.02,0.686,0.147,0.147,1,0.74,0.26,0.92,0.08,0.96,0.04,0.15,0.85,1,1,0,0.01,0.99,0.35,0.65
Jinan City,Extra-large-cities,1,山东省,257.8872,226.7894912,5430.667142,132,11725.39229,85,843.9405715,104,0.444902823,9443.326753,159,20389.15436,102,1467.518883,125,1.468955953,17498.81635,415,37781.81959,267,2719.364064,326,18.89893936,9051.111904,159,19542.32048,102,1406.567619,125,0.886477195,10559.63055,658,22799.37389,423,1640.995556,517,9.398433444,22627.77976,850,48855.80119,546,3516.419048,668,0.000165095,0.000195725,0.00210746,0.6,0.7065625,0.2624375,0.031,0.4505,0.4505,0.099,1,1,0.02,0.014,0.9358125,0.0301875,1,0.74,0.26,0.92,0.08,0.96,0.04,0.15,0.85,1,1,0,0.01,0.99,0.35,0.65
Jining City,Largecities,1,山东省,155.2222,136.5045018,2910.365667,132,14516.9129,85,572.72143,104,0.267786827,5060.802521,159,25243.29855,102,995.898931,125,0.884163986,9377.844928,415,46776.71935,267,1845.435719,326,11.37526385,4850.609445,159,24194.85484,102,954.5357166,125,0.533570261,5659.044353,658,28227.33064,423,1113.625003,517,5.656913238,12126.52361,850,60487.13709,546,2386.339292,668,9.34E-05,0.000504107,3.14E-05,0.6,0.73,0.26,0.01,0.511610526,0.441389474,0.047,1,1,0.02,0.473443158,0.471524399,0.035032444,1,0.74,0.26,0.92,0.08,0.96,0.04,0.15,0.85,1,1,0,0.01,0.99,0.35,0.65
Jiamusi City,Medium-small-cities,1,黑龙江省,29.8106,25.4188287,3298.768732,132,14240.36823,85,460.8630355,104,0.121993647,5736.192296,159,24762.41809,102,801.3896118,125,0.296270286,10629.36592,415,45885.63097,267,1485.003114,326,2.53688694,5497.947887,159,23733.94705,102,768.1050592,125,0.243406372,6414.272535,658,27689.6049,423,896.1225691,517,1.193214054,13744.86972,850,59334.86763,546,1920.262648,668,0.000109509,0.000421155,4.37E-05,0.6,0.73,0.26,0.01,0.52,0.44,0.04,1,1,0.02,0.686,0.147,0.147,1,0.74,0.26,0.92,0.08,0.96,0.04,0.15,0.85,1,1,0,0.01,0.99,0.35,0.65
Jiaxing City,Largecities,1,浙江省,147.8138,133.6928498,6936.776062,132,10153.23359,85,909.9903475,104,0.285668483,12062.28282,159,17655.34508,102,1582.372104,125,0.669535506,22351.83398,415,32715.9749,267,2932.19112,326,10.50992202,11561.29344,159,16922.05598,102,1516.650579,125,0.349051177,13488.17568,658,19742.39865,423,1769.425676,517,2.306772996,28903.23359,850,42305.13996,546,3791.626448,668,8.34E-05,9.99E-05,0,0.6,0.717,0.273,0.01,0.510607368,0.442392632,0.047,1,1,0.02,0.473443158,0.471524399,0.035032444,1,0.74,0.26,0.92,0.08,0.96,0.04,0.15,0.85,1,0.9,0.1,0.01,0.99,0.35,0.65
Jiayuguan City,Medium-small-cities,1,甘肃省,7.31,5.966725887,4412.39369,132,8416.945573,85,5170.660737,104,0.023145119,7672.66236,159,14636.13314,102,8991.204504,125,0.051219291,14217.713,415,27121.26907,267,16661.01793,326,0.982381706,7353.989483,159,14028.24262,102,8617.767895,125,0.055505424,8579.654396,658,16366.28306,423,10054.06254,517,0.231022574,18384.97371,850,35070.60656,546,21544.41974,668,1.99E-05,0.000210918,0.000176086,0.6,0.73,0.26,0.01,0.52,0.44,0.04,1,1,0.02,0.686,0.147,0.147,1,0.74,0.26,0.92,0.08,0.96,0.04,0.15,0.85,1,1,0,0.01,0.99,0.35,0.65
Jiangmen City,Largecities,1,广东省,88.0028,78.12855227,6377.693905,132,10699.54708,85,922.7590111,104,0.195101228,11090.10107,159,18605.32354,102,1604.575392,125,0.664634726,20550.34703,415,34476.31838,267,2973.334591,326,6.982650159,10629.48984,159,17832.57847,102,1537.931685,125,0.422466277,12401.07148,658,20804.67489,423,1794.253633,517,1.60939534,26573.7246,850,44581.44618,546,3844.829213,668,0.000127912,0.000894596,0,0.6,0.704,0.286,0.01,0.489541053,0.463458947,0.047,1,1,0.02,0.473443158,0.471524399,0.035032444,1,0.74,0.26,0.92,0.08,0.96,0.04,0.15,0.85,1,0.9,0.1,0.01,0.99,0.35,0.65
Jiaozuo City,Medium-small-cities,1,河南省,59.0428,52.11285764,6199.087209,132,11268.03997,85,532.872826,104,0.134244187,10779.52387,159,19593.8695,102,926.6066362,125,0.291291495,19974.83656,415,36308.12878,267,1717.034661,326,4.234392657,10331.81201,159,18780.06661,102,888.1213766,125,0.145645748,12053.78068,658,21910.07771,423,1036.141606,517,2.124368278,25829.53004,850,46950.16652,546,2220.303441,668,7.67E-05,7.76E-05,0,0.6,0.73,0.26,0.01,0.52,0.44,0.04,1,1,0.02,0.686,0.147,0.147,1,0.74,0.26,0.92,0.08,0.96,0.04,0.15,0.85,1,1,0,0.01,0.99,0.35,0.65
Jieyang City,Medium-small-cities,1,广东省,59.0227,52.40012934,4041.793569,132,13304.53395,85,653.6724777,104,0.130852669,7028.229928,159,23135.10626,102,1136.663808,125,0.445764636,13023.55705,415,42870.16496,267,2106.277984,326,4.683201734,6736.322615,159,22174.22326,102,1089.45413,125,0.283344397,7859.04305,658,25869.92713,423,1271.029818,517,1.079407227,16840.80654,850,55435.55814,546,2723.635324,668,0.000515258,0.0001677,0.000281035,0.6,0.704,0.286,0.01,0.476,0.484,0.04,1,1,0.02,0.686,0.147,0.147,1,0.74,0.26,0.92,0.08,0.96,0.04,0.15,0.85,1,0.9,0.1,0.01,0.99,0.35,0.65
Jinchang City,Medium-small-cities,1,甘肃省,8.51,6.946215773,4154.724307,132,13297.7645,85,547.5111884,104,0.026944591,7224.603935,159,23123.33494,102,952.0611221,125,0.059627382,13387.44499,415,42848.35229,267,1764.202718,326,1.143648197,6924.540512,159,22162.94084,102,912.5186474,125,0.064617121,8078.630598,658,25856.76431,423,1064.605089,517,0.268946936,17311.35128,850,55407.3521,546,2281.296618,668,0.000298235,0.000350325,0.000129725,0.6,0.73,0.26,0.01,0.52,0.44,0.04,1,1,0.02,0.686,0.147,0.147,1,0.74,0.26,0.92,0.08,0.96,0.04,0.15,0.85,1,1,0,0.01,0.99,0.35,0.65
Jinhua City,Largecities,1,浙江省,207.2702,187.4692601,4169.568744,132,13236.1739,85,594.257351,104,0.400575342,7250.41676,159,23016.23573,102,1033.347505,125,0.938848458,13435.27706,415,42649.89369,267,1914.829242,326,14.7374172,6949.28124,159,22060.28984,102,990.4289184,125,0.489452996,8107.49478,658,25737.00482,423,1155.500405,517,3.234645888,17373.2031,850,55150.7246,546,2476.072296,668,0.000102128,0.000110384,3.86E-06,0.6,0.704,0.286,0.01,0.489541053,0.463458947,0.047,1,1,0.02,0.473443158,0.471524399,0.035032444,1,0.74,0.26,0.92,0.08,0.96,0.04,0.15,0.85,1,1,0,0.01,0.99,0.35,0.65
Jinzhou City,Medium-small-cities,1,辽宁省,47.2959,41.18613572,3043.564768,132,14456.11504,85,500.3201934,104,0.221852158,5292.420958,159,25137.57782,102,870.0012252,125,0.41390328,9807.042031,415,46580.81512,267,1612.142845,326,3.426015416,5072.607947,159,24093.52506,102,833.866989,125,0.245030742,5918.042605,658,28109.11257,423,972.8448205,517,1.802962688,12681.51987,850,60233.81266,546,2084.667472,668,0.00020743,0.000226701,9.88E-06,0.6,0.73,0.26,0.01,0.52,0.44,0.04,1,1,0.02,0.686,0.147,0.147,1,0.74,0.26,0.92,0.08,0.96,0.04,0.15,0.85,1,0.9,0.1,0.01,0.99,0.35,0.65
Jincheng City,Medium-small-cities,1,山西省,46.7224,41.35913541,4574.595939,132,12625.36262,85,800.0414422,104,0.080551309,7954.714049,159,21954.10278,102,1391.183174,125,0.238352643,14740.36469,415,40681.724,267,2577.911314,326,2.924276604,7624.326564,159,21042.27103,102,1333.402404,125,0.083852592,8895.047659,658,24549.3162,423,1555.636138,517,2.03623144,19060.81641,850,52605.67758,546,3333.506009,668,6.40E-05,0.000164799,0,0.6,0.73,0.26,0.01,0.52,0.44,0.04,1,1,0.02,0.686,0.147,0.147,1,0.74,0.26,0.92,0.08,0.96,0.04,0.15,0.85,1,1,0,0.01,0.99,0.35,0.65
Jinzhong City,Medium-small-cities,1,山西省,67.4302,59.68988692,4861.689563,132,12438.988,85,699.3224343,104,0.116252394,8453.937962,159,21630.01803,102,1216.044011,125,0.343992739,15665.44415,415,40081.18356,267,2253.372288,326,4.220343053,8102.815938,159,20731.64667,102,1165.53739,125,0.121016836,9453.285261,658,24186.92112,423,1359.793622,517,2.938708055,20257.03985,850,51829.11668,546,2913.843476,668,0.000332812,0.000185242,0,0.6,0.73,0.26,0.01,0.54,0.42,0.04,1,1,0.02,0.686,0.147,0.147,1,0.74,0.26,0.92,0.08,0.96,0.04,0.15,0.85,1,1,0,0.01,0.99,0.35,0.65
Jingmen City,Medium-small-cities,1,湖北省,37.6966,33.18576396,3526.501845,132,14473.49815,85,0,104,0.122009724,6132.194875,159,25167.80512,102,0,125,0.271328483,11363.17261,415,46636.82739,267,0,326,2.808866459,5877.503075,159,24122.49692,102,0,125,0.255912092,6857.086921,658,28142.91308,423,0,517,1.052719278,14693.75769,850,60306.24231,546,0,668,0.000205002,0.00028355,0,0.6,0.73,0.26,0.01,0.52,0.44,0.04,1,1,0.02,0.686,0.147,0.147,1,0.74,0.26,0.92,0.08,0.96,0.04,0.15,0.85,1,1,0,0.01,0.99,0.35,0.65
Jingzhou City,Medium-small-cities,1,湖北省,53.6687,47.24661668,2549.650178,132,15450.34982,85,0,104,0.173705408,4433.558365,159,26866.44163,102,0,125,0.386290726,8215.539462,415,49784.46054,267,0,326,3.998986947,4249.416963,159,25750.58304,102,0,125,0.364342389,4957.653124,658,30042.34688,423,0,517,1.498757849,10623.54241,850,64376.45759,546,0,668,0.000329994,0.000256425,0,0.6,0.73,0.26,0.01,0.52,0.44,0.04,1,1,0.02,0.686,0.147,0.147,1,0.74,0.26,0.92,0.08,0.96,0.04,0.15,0.85,1,1,0,0.01,0.99,0.35,0.65
Jingdezhen City,Medium-small-cities,1,江西省,23.4326,20.14744368,3703.444465,132,13636.76552,85,659.7900166,104,0.054857095,6439.878431,159,23712.82004,102,1147.301529,125,0.118726427,11933.32105,415,43940.68889,267,2125.990053,326,1.900798345,6172.407442,159,22727.94253,102,1099.650028,125,0.149681502,7201.142015,658,26515.93295,423,1282.925032,517,1.061092953,15431.0186,850,56819.85633,546,2749.125069,668,0.000534736,0.000246674,0.000360485,0.6,0.717,0.273,0.01,0.498,0.462,0.04,1,1,0.02,0.686,0.147,0.147,1,0.74,0.26,0.92,0.08,0.96,0.04,0.15,0.85,1,1,0,0.01,0.99,0.35,0.65
Jiujiang City,Largecities,1,江西省,61.3696,52.76582878,2421.947896,132,15066.01709,85,512.0350109,104,0.143669844,4211.498287,159,26198.12972,102,890.3719912,125,0.310942591,7804.054333,415,48546.05508,267,1649.890591,326,4.978160088,4036.579827,159,25110.02849,102,853.3916849,125,0.392013431,4709.343132,658,29295.03324,423,995.6236324,517,2.778985265,10091.44957,850,62775.07122,546,2133.479212,668,0.001370866,0.000172176,0,0.6,0.73,0.26,0.01,0.531673684,0.421326316,0.047,1,1,0.02,0.473443158,0.471524399,0.035032444,1,0.74,0.26,0.92,0.08,0.96,0.04,0.15,0.85,1,1,0,0.01,0.99,0.35,0.65
Jiuquan City,Medium-small-cities,1,甘肃省,20.48,16.71662738,3171.549697,132,14186.68708,85,641.7632236,104,0.064844327,5514.972529,159,24669.07253,102,1115.954939,125,0.143498094,10219.43791,415,45712.65837,267,2067.903721,326,2.752281442,5285.916162,159,23644.47847,102,1069.605373,125,0.155506303,6166.902189,658,27585.22488,423,1247.872935,517,0.647242451,13214.79041,850,59111.19616,546,2674.013432,668,0.000401386,0.000306118,9.82E-05,0.6,0.73,0.26,0.01,0.52,0.44,0.04,1,1,0.02,0.686,0.147,0.147,1,0.74,0.26,0.92,0.08,0.96,0.04,0.15,0.85,1,1,0,0.01,0.99,0.35,0.65
Kashgar Prefecture,Medium-small-cities,1,新疆维吾尔族自治区,60.22,49.88452083,3146.228791,132,14244.00668,85,609.7645331,104,0.309020387,5470.942287,159,24768.74494,102,1060.312771,125,0.418987102,10137.84833,415,45897.35484,267,1964.796829,326,6.783136702,5243.714652,159,23740.01113,102,1016.274222,125,0.400891313,6117.667094,658,27696.67965,423,1185.653259,517,2.423443669,13109.28663,850,59350.02782,546,2540.685554,668,0.003370512,0.002425318,0.005801532,0.6,0.73,0.26,0.01,0.52,0.44,0.04,1,1,0.02,0.686,0.147,0.147,1,0.74,0.26,0.92,0.08,0.96,0.04,0.15,0.85,1,1,0,0.01,0.99,0.35,0.65
Kaifeng City,Medium-small-cities,1,河南省,64.4348,56.87199047,3005.046257,132,14122.582,85,872.371741,104,0.146503847,5225.441548,159,24557.60093,102,1516.957527,125,0.317893278,9682.926829,415,45506.09756,267,2810.97561,326,4.621092563,5008.410429,159,23537.63667,102,1453.952902,125,0.158946639,5843.1455,658,27460.57611,423,1696.278385,517,2.318373199,12521.02607,850,58844.09167,546,3634.882254,668,5.56E-05,0.000151245,0,0.6,0.73,0.26,0.01,0.52,0.44,0.04,1,1,0.02,0.686,0.147,0.147,1,0.74,0.26,0.92,0.08,0.96,0.04,0.15,0.85,1,1,0,0.01,0.99,0.35,0.65
Karamay City,Medium-small-cities,1,新疆维吾尔族自治区,15.3,12.67408118,4461.973133,132,10435.33163,85,3102.695238,104,0.07851232,7758.875503,159,18145.88222,102,5395.242274,125,0.106451389,14377.46898,415,33624.95747,267,9997.573543,326,1.723380796,7436.621888,159,17392.21938,102,5171.158729,125,0.101853821,8676.05887,658,20290.92261,423,6033.018518,517,0.615720494,18591.55472,850,43480.54846,546,12927.89682,668,0.002905477,0.001141751,0.000477582,0.6,0.73,0.26,0.01,0.54,0.42,0.04,1,1,0.02,0.686,0.147,0.147,1,0.74,0.26,0.92,0.08,0.96,0.04,0.15,0.85,1,1,0,0.01,0.99,0.35,0.65
Kizilsu Kirgiz Autonomous Prefecture,Medium-small-cities,1,新疆维吾尔族自治区,13.7546,11.39391614,2480.236313,132,15320.58141,85,199.1822798,104,0.070582063,4312.855366,159,26640.78878,102,346.3558531,125,0.095699103,7991.872563,415,49366.31787,267,641.8095681,326,1.549308072,4133.727188,159,25534.30235,102,331.9704663,125,0.091565919,4822.681719,658,29790.0194,423,387.2988773,517,0.5535287,10334.31797,850,63835.75586,546,829.9261657,668,0.000385014,0.002246519,0,0.6,0.76,0.23,0.01,0.61,0.35,0.04,1,1,0.02,0.686,0.147,0.147,1,0.74,0.26,0.92,0.08,0.96,0.04,0.15,0.85,1,1,0,0.01,0.99,0.35,0.65
Kunming City,Largecities,1,云南省,250.39,212.8633511,1634.997791,132,15438.79806,85,926.2041538,104,0.701401023,2843.079491,159,26846.3544,102,1610.566112,125,1.070737794,5268.326214,415,49747.23818,267,2984.435607,326,28.61174028,2724.996318,159,25731.33009,102,1543.67359,125,1.687428548,3179.162371,658,30019.88511,423,1800.952521,517,5.45534129,6812.490794,850,64328.32523,546,3859.183974,668,0.000280309,0.000167257,0.003425272,0.6,0.73,0.26,0.01,0.511610526,0.441389474,0.047,1,1,0.02,0.473443158,0.471524399,0.035032444,1,0.74,0.26,0.92,0.08,0.96,0.04,0.15,0.85,1,1,0,0.01,0.99,0.35,0.65
Lhasa City,Medium-small-cities,1,西藏自治区,25.7008,16.79347921,2851.73181,132,14593.22006,85,555.0481277,104,0.134607766,4958.844758,159,25375.98822,102,965.167022,125,0.199590825,9188.913609,415,47022.59798,267,1788.488411,326,5.769567347,4752.88635,159,24322.03344,102,925.0802128,125,0.863346361,5545.034075,658,28375.70568,423,1079.260248,517,1.940208488,11882.21587,850,60805.08359,546,2312.700532,668,0.001863814,0.000409074,0.000146288,0.6,0.73,0.26,0.01,0.52,0.44,0.04,1,1,0.02,0.686,0.147,0.147,1,0.74,0.26,0.92,0.08,0.96,0.04,0.15,0.85,1,1,0,0.01,0.99,0.35,0.65
Laibin City,Medium-small-cities,1,广西壮族自治区,23.2455,20.1684921,3439.94746,132,14017.76891,85,542.2836289,104,0.057193455,5981.686417,159,24375.34261,102,942.970977,125,0.135877785,11084.27515,415,45168.36649,267,1747.35836,326,1.986172721,5733.245767,159,23362.94818,102,903.8060482,125,0.171926993,6688.786728,658,27256.77288,423,1054.44039,517,0.725836942,14333.11442,850,58407.37046,546,2259.515121,668,0.000345884,0.000413196,0,0.6,0.717,0.273,0.01,0.498,0.462,0.04,1,1,0.02,0.686,0.147,0.147,1,0.74,0.26,0.92,0.08,0.96,0.04,0.15,0.85,1,1,0,0.01,0.99,0.35,0.65
Lanzhou City,Medium-small-cities,1,甘肃省,92.49,75.49418294,5046.794813,132,12046.05301,85,907.1521787,104,0.292844327,8775.815425,159,20946.74773,102,1577.436844,125,0.64805365,16261.8944,415,38815.05969,267,2923.045909,326,12.42961478,8411.324689,159,20076.75501,102,1511.920298,125,0.702284081,9813.212137,658,23422.88085,423,1763.907014,517,2.923020229,21028.31172,850,50191.88753,546,3779.800745,668,0.000434468,0.000208925,0.000212881,0.6,0.73,0.26,0.01,0.52,0.44,0.04,1,1,0.02,0.686,0.147,0.147,1,0.74,0.26,0.92,0.08,0.96,0.04,0.15,0.85,1,1,0,0.01,0.99,0.35,0.65
Langfang City,Largecities,1,河北省,85.5844,74.11184146,4541.953472,132,12843.25172,85,614.794807,104,0.114751665,7897.952427,159,22332.98771,102,1069.059859,125,0.352078973,14635.18341,415,41383.8111,267,1981.005489,326,7.018629131,7569.922454,159,21405.41953,102,1024.658012,125,0.230546528,8831.576196,658,24972.98946,423,1195.434347,517,3.756552244,18924.80613,850,53513.54884,546,2561.645029,668,0.000317676,0.000136317,0,0.6,0.73,0.26,0.01,0.511610526,0.441389474,0.047,1,1,0.02,0.473443158,0.471524399,0.035032444,1,0.74,0.26,0.92,0.08,0.96,0.04,0.15,0.85,1,1,0,0.01,0.99,0.35,0.65
Leshan City,Medium-small-cities,1,四川省,60.09,53.83262007,2749.15203,132,14712.88341,85,537.9645558,104,0.11037988,4780.469919,159,25584.06949,102,935.4605887,125,0.388597658,8858.378764,415,47408.17989,267,1733.441347,326,4.016013152,4581.92005,159,24521.47236,102,896.607593,125,0.315011072,5345.573392,658,28608.38442,423,1046.042192,517,1.427378168,11454.80013,850,61303.68089,546,2241.518983,668,5.44E-05,0.000427001,0,0.6,0.717,0.273,0.01,0.498,0.462,0.04,1,1,0.02,0.686,0.147,0.147,1,0.74,0.26,0.92,0.08,0.96,0.04,0.15,0.85,1,1,0,0.01,0.99,0.35,0.65
Lijiang City,Medium-small-cities,1,云南省,20.39,17.33409373,2105.070809,132,15642.07401,85,252.855185,104,0.057117165,3660.484239,159,27199.82869,102,439.6870717,125,0.087193353,6783.005939,415,50402.23847,267,814.7555962,326,2.329938833,3508.451348,159,26070.12334,102,421.4253084,125,0.137412309,4093.193239,658,30415.1439,423,491.6628598,517,0.444244614,8771.128369,850,65175.30836,546,1053.563271,668,0.00075986,0.000512443,0.00035372,0.6,0.73,0.26,0.01,0.52,0.44,0.04,1,1,0.02,0.686,0.147,0.147,1,0.74,0.26,0.92,0.08,0.96,0.04,0.15,0.85,1,1,0,0.01,0.99,0.35,0.65
Lishui City,Medium-small-cities,1,浙江省,42.852,38.75826209,2019.081024,132,15500.39858,85,480.5203916,104,0.082816799,3510.957559,159,26953.47087,102,835.5715698,125,0.194101873,6505.927745,415,49945.72877,267,1548.343484,326,3.046881808,3365.13504,159,25833.99764,102,800.8673193,125,0.101191777,3925.99088,658,30139.66391,423,934.3452058,517,0.668745655,8412.837601,850,64584.9941,546,2002.168298,668,3.32E-05,0.000192436,0,0.6,0.704,0.286,0.01,0.476,0.484,0.04,1,1,0.02,0.686,0.147,0.147,1,0.74,0.26,0.92,0.08,0.96,0.04,0.15,0.85,1,1,0,0.01,0.99,0.35,0.65
Lianyungang City,Largecities,1,江苏省,73.41,67.95450006,5264.810378,132,12208.70858,85,526.4810378,104,0.152302105,9154.920268,159,21229.58771,102,915.4920268,125,0.444182341,16964.38899,415,39339.17211,267,1696.438899,326,2.491199742,8774.683963,159,20347.84764,102,877.4683963,125,0.431072792,10237.13129,658,23739.15558,423,1023.713129,517,1.936742966,21936.70991,850,50869.6191,546,2193.670991,668,0.000111826,0.000132705,2.61E-05,0.6,0.73,0.26,0.01,0.511610526,0.441389474,0.047,1,1,0.02,0.473443158,0.471524399,0.035032444,1,0.74,0.26,0.92,0.08,0.96,0.04,0.15,0.85,1,0.9,0.1,0.01,0.99,0.35,0.65
Liaoyang City,Medium-small-cities,1,辽宁省,27.5223,23.96692278,3909.83386,132,13542.93779,85,547.228345,104,0.129099597,6798.766657,159,23549.66405,102,951.5692888,125,0.240857458,12598.35355,415,43638.35512,267,1763.291334,326,1.993657465,6516.389767,159,22571.56299,102,912.0472417,125,0.142587615,7602.454728,658,26333.49016,423,1064.055115,517,1.049175087,16290.97442,850,56428.90748,546,2280.118104,668,6.45E-05,0.000206374,0,0.6,0.76,0.23,0.01,0.61,0.35,0.04,1,1,0.02,0.686,0.147,0.147,1,0.74,0.26,0.92,0.08,0.96,0.04,0.15,0.85,1,1,0,0.01,0.99,0.35,0.65
Liaoyuan City,Medium-small-cities,1,吉林省,15.2145,13.45694774,2775.798262,132,14587.82957,85,636.3721665,104,0.04540428,4826.804756,159,25366.61475,102,1106.580489,125,0.122320487,8944.238844,415,47005.22862,267,2050.532536,326,1.010414659,4626.330437,159,24313.04929,102,1060.620277,125,0.062007338,5397.38551,658,28365.22417,423,1237.390324,517,0.517405494,11565.82609,850,60782.62321,546,2651.550694,668,0.000432754,0.000578112,0,0.6,0.73,0.26,0.01,0.52,0.44,0.04,1,1,0.02,0.686,0.147,0.147,1,0.74,0.26,0.92,0.08,0.96,0.04,0.15,0.85,1,1,0,0.01,0.99,0.35,0.65
Liaocheng City,Medium-small-cities,1,山东省,107.7707,94.77501102,2581.586507,132,14946.32717,85,472.0863199,104,0.185924267,4489.092092,159,25990.00225,102,820.9056563,125,0.613874637,8318.44541,415,48160.38756,267,1521.167031,326,7.89784031,4302.644178,159,24910.54529,102,786.8105332,125,0.370457579,5019.751541,658,29062.30284,423,917.945622,517,3.927592184,10756.61044,850,62276.36322,546,1967.026333,668,5.38E-05,0.000439928,0,0.6,0.73,0.26,0.01,0.52,0.44,0.04,1,1,0.02,0.686,0.147,0.147,1,0.74,0.26,0.92,0.08,0.96,0.04,0.15,0.85,1,1,0,0.01,0.99,0.35,0.65
Nyingchi City,Medium-small-cities,1,西藏自治区,13.7757,9.001351382,2545.567995,132,15263.57552,85,190.8564814,104,0.072150135,4426.459902,159,26541.66188,102,331.8782149,125,0.106981235,8202.385761,415,49182.63224,267,614.9819957,326,3.092504082,4242.613324,159,25439.29254,102,318.0941357,125,0.462756041,4949.715545,658,29679.17463,423,371.109825,517,1.039957125,10606.53331,850,63598.23135,546,795.2353392,668,0.000661704,0.000611849,0,0.6,0.73,0.26,0.01,0.52,0.44,0.04,1,1,0.02,0.686,0.147,0.147,1,0.74,0.26,0.92,0.08,0.96,0.04,0.15,0.85,1,1,0,0.01,0.99,0.35,0.65
Lincang City,Medium-small-cities,1,云南省,22.2,18.87282397,1343.955626,132,16590.46169,85,65.5826853,104,0.062187399,2336.989505,159,28848.96949,102,114.0410028,125,0.09493342,4330.523683,415,53458.15433,267,211.321986,326,2.536765184,2239.926043,159,27650.76948,102,109.3044755,125,0.149610263,2613.24705,658,32259.23106,423,127.5218881,517,0.483679766,5599.815107,850,69126.9237,546,273.2611888,668,0.000437404,0.001019951,1.17E-08,0.6,0.73,0.26,0.01,0.52,0.44,0.04,1,1,0.02,0.686,0.147,0.147,1,0.74,0.26,0.92,0.08,0.96,0.04,0.15,0.85,1,1,0,0.01,0.99,0.35,0.65
Linfen City,Medium-small-cities,1,山西省,72.5605,64.23127975,5307.872907,132,12069.49444,85,622.6326499,104,0.125097239,9229.801221,159,20987.50978,102,1082.688997,125,0.37016478,17103.14603,415,38890.59321,267,2006.260761,326,4.54143992,8846.454844,159,20115.82407,102,1037.721083,125,0.130224175,10320.86398,658,23468.46142,423,1210.674597,517,3.162294133,22116.13711,850,50289.56018,546,2594.302708,668,0.000152322,0.000102701,4.88E-05,0.6,0.76,0.23,0.01,0.61,0.35,0.04,1,1,0.02,0.686,0.147,0.147,1,0.74,0.26,0.92,0.08,0.96,0.04,0.15,0.85,1,1,0,0.01,0.99,0.35,0.65
Linyi City,Largecities,1,山东省,262.1406,230.5299887,3319.76594,132,14132.46772,85,547.7663443,104,0.45224072,5772.704107,159,24574.79108,102,952.5048097,125,1.493183822,10697.02358,415,45537.95153,267,1765.024887,326,19.21064443,5532.943233,159,23554.11286,102,912.9439071,125,0.901098092,6455.100439,658,27479.79834,423,1065.101225,517,9.553444227,13832.35808,850,58885.28215,546,2282.359768,668,1.15E-05,0.000138407,0.000113264,0.6,0.73,0.26,0.01,0.531673684,0.421326316,0.047,1,1,0.02,0.473443158,0.471524399,0.035032444,1,0.74,0.26,0.92,0.08,0.96,0.04,0.15,0.85,1,1,0,0.01,0.99,0.35,0.65
Liuzhou City,Largecities,1,广西壮族自治区,79.6307,69.08998061,5159.904166,132,11995.3408,85,844.7550318,104,0.195924152,8972.500021,159,20858.56484,102,1468.935139,125,0.465468289,16626.35787,415,38651.6537,267,2721.988436,326,6.80391147,8599.840276,159,19992.23467,102,1407.925053,125,0.588959876,10033.14699,658,23324.27378,423,1642.579228,517,2.486455605,21499.60069,850,49980.58668,546,3519.812632,668,0.000417722,0.000196211,3.51E-05,0.6,0.704,0.286,0.01,0.489541053,0.463458947,0.047,1,1,0.02,0.473443158,0.471524399,0.035032444,1,0.74,0.26,0.92,0.08,0.96,0.04,0.15,0.85,1,1,0,0.01,0.99,0.35,0.65
Lu'an City,Medium-small-cities,1,安徽省,59.2794,50.77051138,2747.855918,132,14986.03284,85,266.1112472,104,0.162080318,4778.216123,159,26059.04599,102,462.737891,125,0.372719113,8854.202401,415,48288.32802,267,857.4695745,326,5.050081498,4579.759863,159,24976.72139,102,443.5187454,125,0.208014012,5343.053173,658,29139.50829,423,517.4385363,517,2.715993675,11449.39966,850,62441.80348,546,1108.796864,668,0.000161639,0.00015862,0,0.6,0.73,0.26,0.01,0.52,0.44,0.04,1,1,0.02,0.686,0.147,0.147,1,0.74,0.26,0.92,0.08,0.96,0.04,0.15,0.85,1,1,0,0.01,0.99,0.35,0.65
Liupanshui City,Medium-small-cities,1,贵州省,55.52,48.07030321,3213.295677,132,14107.79152,85,678.912802,104,0.198113507,5587.56415,159,24531.88192,102,1180.553928,125,0.3259963,10353.95274,415,45458.43934,267,2187.607918,326,5.647807273,5355.492795,159,23512.98587,102,1131.521337,125,0.307128346,6248.074928,658,27431.81685,423,1320.108226,517,0.970651361,13388.73199,850,58782.46467,546,2828.803342,668,4.05E-05,0.000789524,0.000110393,0.6,0.73,0.26,0.01,0.52,0.44,0.04,1,1,0.02,0.686,0.147,0.147,1,0.74,0.26,0.92,0.08,0.96,0.04,0.15,0.85,1,1,0,0.01,0.99,0.35,0.65
Longyan City,Medium-small-cities,1,福建省,109,95.31367775,3736.171367,132,13421.90889,85,841.9197397,104,0.355468001,6496.786876,159,23339.20824,102,1464.004881,125,0.572609087,12038.7744,415,43248.3731,267,2712.852495,326,10.1670282,6226.952278,159,22369.84816,102,1403.199566,125,0.323298951,7264.777657,658,26098.15618,423,1637.066161,517,2.267918013,15567.38069,850,55924.62039,546,3507.998915,668,2.00E-05,7.30E-05,7.67E-06,0.6,0.73,0.26,0.01,0.52,0.44,0.04,1,1,0.02,0.686,0.147,0.147,1,0.74,0.26,0.92,0.08,0.96,0.04,0.15,0.85,1,1,0,0.01,0.99,0.35,0.65
Longnan City,Medium-small-cities,1,甘肃省,19.11,15.59837643,3091.765073,132,14582.572,85,325.662923,104,0.060506596,5376.235932,159,25357.47243,102,566.2916384,125,0.133898857,9962.354123,415,46988.28757,267,1049.358308,326,2.568168865,5152.941788,159,24304.28667,102,542.7715384,125,0.145103782,6011.765419,658,28355.00112,423,633.2334615,517,0.603945471,12882.35447,850,60760.71668,546,1356.928846,668,0.000120179,0.001079104,3.68E-05,0.6,0.73,0.26,0.01,0.54,0.42,0.04,1,1,0.02,0.686,0.147,0.147,1,0.74,0.26,0.92,0.08,0.96,0.04,0.15,0.85,1,1,0,0.01,0.99,0.35,0.65
Loudi City,Medium-small-cities,1,湖南省,40.8804,36.53540449,1503.178808,132,16128.47682,85,368.3443709,104,0.198528664,2613.860927,159,28045.62914,102,640.5099338,125,0.290483746,4843.576159,415,51969.53642,267,1186.887417,326,2.788832585,2505.298013,159,26880.7947,102,613.9072848,125,0.232481309,2922.847682,658,31360.92715,423,716.2251656,517,0.834669204,6263.245033,850,67201.98675,546,1534.768212,668,0.000119417,0.000339706,0,0.6,0.704,0.286,0.01,0.476,0.484,0.04,1,1,0.02,0.686,0.147,0.147,1,0.74,0.26,0.92,0.08,0.96,0.04,0.15,0.85,1,1,0,0.01,0.99,0.35,0.65
Luzhou City,Medium-small-cities,1,四川省,73.38,65.73868632,2635.624612,132,14744.91256,85,619.4628291,104,0.134792404,4583.058353,159,25639.76462,102,1077.177031,125,0.474543121,8492.568194,415,47511.38491,267,1996.046894,326,4.904227743,4392.707687,159,24574.85427,102,1032.438048,125,0.384681519,5124.825634,658,28670.66331,423,1204.511056,517,1.743068897,10981.76922,850,61437.13566,546,2581.095121,668,0.000222466,0.000445442,0.000390377,0.6,0.73,0.26,0.01,0.52,0.44,0.04,1,1,0.02,0.686,0.147,0.147,1,0.74,0.26,0.92,0.08,0.96,0.04,0.15,0.85,1,1,0,0.01,0.99,0.35,0.65
Luoyang City,Largecities,1,河南省,119.8284,105.7639602,3912.330431,132,13613.88945,85,473.7801174,104,0.272450935,6803.107917,159,23673.0411,102,823.850982,125,0.591181208,12606.39806,415,43866.97712,267,1526.624823,326,8.593774297,6520.550719,159,22689.81575,102,789.6335291,125,0.295590604,7607.309172,658,26471.45171,423,921.2391172,517,4.311442746,16301.3768,850,56724.53938,546,1974.083823,668,5.50E-05,0.000103229,0.000308534,0.6,0.73,0.26,0.01,0.531673684,0.421326316,0.047,1,1,0.02,0.473443158,0.471524399,0.035032444,1,0.74,0.26,0.92,0.08,0.96,0.04,0.15,0.85,1,1,0,0.01,0.99,0.35,0.65
Luohe City,Medium-small-cities,1,河南省,36.537,32.24859728,3798.895028,132,13783.42541,85,417.679558,104,0.083073293,6605.856354,159,23967.8453,102,726.2983425,125,0.180257667,12240.88398,415,44413.25967,267,1345.856354,326,2.62033651,6331.491713,159,22972.37569,102,696.1325967,125,0.090128833,7386.740331,658,26801.10497,423,812.1546961,517,1.314606417,15828.72928,850,57430.93923,546,1740.331492,668,0.000520017,0.000142952,0,0.6,0.73,0.26,0.01,0.54,0.42,0.04,1,1,0.02,0.686,0.147,0.147,1,0.74,0.26,0.92,0.08,0.96,0.04,0.15,0.85,1,1,0,0.01,0.99,0.35,0.65
Lüliang City,Medium-small-cities,1,山西省,46,40.71965971,4745.473298,132,12703.75888,85,550.7678203,104,0.079305862,8251.850791,159,22090.42517,102,957.7240431,125,0.234667345,15290.96952,415,40934.33417,267,1774.69631,326,2.8790628,7909.122164,159,21172.93147,102,917.9463672,125,0.082556102,9227.309191,658,24701.75338,423,1070.937428,517,2.004748177,19772.80541,850,52932.32867,546,2294.865918,668,3.75E-05,0.000163039,7.09E-05,0.6,0.73,0.26,0.01,0.54,0.42,0.04,1,1,0.02,0.686,0.147,0.147,1,0.74,0.26,0.92,0.08,0.96,0.04,0.15,0.85,1,1,0,0.01,0.99,0.35,0.65
Ma'anshan City,Medium-small-cities,1,安徽省,30.7566,26.34183731,4462.56648,132,13009.68226,85,527.7512614,104,0.08409396,7759.907269,159,22622.39193,102,917.7008046,125,0.193382063,14379.38088,415,41920.08728,267,1700.531842,326,2.620190768,7437.6108,159,21682.80376,102,879.5854357,125,0.107926257,8677.212601,658,25296.60439,423,1026.183008,517,1.409169645,18594.027,850,54207.00941,546,2198.963589,668,0.000928719,0.000200659,0,0.6,0.73,0.26,0.01,0.54,0.42,0.04,1,1,0.02,0.686,0.147,0.147,1,0.74,0.26,0.92,0.08,0.96,0.04,0.15,0.85,1,1,0,0.01,0.99,0.35,0.65
Maoming City,Largecities,1,广东省,71.5422,63.51489398,2920.427549,132,14566.75528,85,512.8171662,104,0.158608261,5078.299016,159,25329.96891,102,891.7320724,125,0.540317246,9410.266547,415,46937.32258,267,1652.410869,326,5.676571134,4867.379248,159,24277.92547,102,854.695277,125,0.343445514,5678.609123,658,28324.24639,423,997.1444899,517,1.308363862,12168.44812,850,60694.81369,546,2136.738193,668,0.000166475,0.000629487,0.00E+00,0.6,0.717,0.273,0.01,0.510607368,0.442392632,0.047,1,1,0.02,0.473443158,0.471524399,0.035032444,1,0.74,0.26,0.92,0.08,0.96,0.04,0.15,0.85,1,0.9,0.1,0.01,0.99,0.35,0.65
Meishan City,Medium-small-cities,1,四川省,59.77,53.54594278,2228.840294,132,15138.4093,85,632.7504038,104,0.109792069,3875.705622,159,26324.01173,102,1100.282647,125,0.386528241,7181.818724,415,48779.31886,267,2038.862412,326,3.994626495,3714.733823,159,25230.68217,102,1054.584006,125,0.313333529,4333.856127,658,29435.79587,423,1230.348007,517,1.419776887,9286.834557,850,63076.70543,546,2636.460016,668,0.000348357,0.000632457,0,0.6,0.717,0.273,0.01,0.498,0.462,0.04,1,1,0.02,0.686,0.147,0.147,1,0.74,0.26,0.92,0.08,0.96,0.04,0.15,0.85,1,1,0,0.01,0.99,0.35,0.65
Meizhou City,Medium-small-cities,1,广东省,57.8645,51.37188377,3350.75983,132,14030.12599,85,619.1141799,104,0.128284952,5826.599038,159,24396.83019,102,1076.570768,125,0.437017415,10796.89279,415,45208.18375,267,1994.923468,326,4.59130346,5584.599717,159,23383.54332,102,1031.856966,125,0.277784342,6515.366336,658,27280.80054,423,1203.833127,517,1.058226064,13961.49929,850,58458.85829,546,2579.642416,668,0.000554764,0.000478957,5.71E-05,0.6,0.717,0.273,0.01,0.498,0.462,0.04,1,1,0.02,0.686,0.147,0.147,1,0.74,0.26,0.92,0.08,0.96,0.04,0.15,0.85,1,1,0,0.01,0.99,0.35,0.65
Mianyang City,Medium-small-cities,1,四川省,85.25,76.37262208,2223.80315,132,15206.05291,85,570.1439433,104,0.156596517,3866.946588,159,26441.63644,102,991.4169681,125,0.551305548,7165.587927,415,48997.28159,267,1837.130484,326,5.697539045,3706.338583,159,25343.42151,102,950.2399055,125,0.446907869,4324.06168,658,29567.3251,423,1108.613223,517,2.025028938,9265.846458,850,63358.55378,546,2375.599764,668,0.000178817,0.000312902,0.000879863,0.6,0.73,0.26,0.01,0.52,0.44,0.04,1,1,0.02,0.686,0.147,0.147,1,0.74,0.26,0.92,0.08,0.96,0.04,0.15,0.85,1,1,0,0.01,0.99,0.35,0.65
Mudanjiang City,Medium-small-cities,1,黑龙江省,28.9631,24.6961845,3610.849565,132,13901.63573,85,487.514702,104,0.118525431,6278.866188,159,24173.39991,102,847.7338985,125,0.287847474,11634.95971,415,44794.15958,267,1570.880707,326,2.464764551,6018.082608,159,23169.39289,102,812.5245034,125,0.236486455,7021.096376,658,27030.95837,423,947.945254,517,1.159291593,15045.20652,850,57923.48222,546,2031.311258,668,0.000404374,0.000378468,2.25E-05,0.6,0.73,0.26,0.01,0.52,0.44,0.04,1,1,0.02,0.686,0.147,0.147,1,0.74,0.26,0.92,0.08,0.96,0.04,0.15,0.85,1,1,0,0.01,0.99,0.35,0.65
Nagqu City,Medium-small-cities,1,西藏自治区,13.7757,9.001351382,1880.700584,132,15846.17389,85,273.1255256,104,0.072150135,3270.32935,159,27554.73571,102,474.9349417,125,0.106981235,6060.035217,415,51059.89365,267,880.0711379,326,3.092504082,3134.500974,159,26410.28982,102,455.2092093,125,0.462756041,3656.917803,658,30812.00479,423,531.0774108,517,1.039957125,7836.252435,850,66025.72454,546,1138.023023,668,0.001350368,0.000822087,0,0.6,0.73,0.26,0.01,0.52,0.44,0.04,1,1,0.02,0.686,0.147,0.147,1,0.74,0.26,0.92,0.08,0.96,0.04,0.15,0.85,1,1,0,0.01,0.99,0.35,0.65
Nanchang City,Largecities,1,江西省,116.5112,100.1767981,2446.134559,132,14908.48308,85,645.3823652,104,0.272759573,4253.556206,159,25924.19557,102,1122.248224,125,0.590329648,7881.989135,415,48038.44547,267,2079.565399,326,9.451119213,4076.890932,159,24847.47179,102,1075.637275,125,0.744243978,4756.372754,658,28988.71709,423,1254.910155,517,5.27594946,10192.22733,850,62118.67948,546,2689.093188,668,0.000393283,0.000171253,0.000441238,0.6,0.717,0.273,0.01,0.510607368,0.442392632,0.047,1,1,0.02,0.473443158,0.471524399,0.035032444,1,0.74,0.26,0.92,0.08,0.96,0.04,0.15,0.85,1,1,0,0.01,0.99,0.35,0.65
Nanchong City,Medium-small-cities,1,四川省,83.57,74.8675663,2232.821635,132,15187.67255,85,579.5058185,104,0.15351051,3882.628731,159,26409.67504,102,1007.696229,125,0.54044111,7194.64749,415,48938.05598,267,1867.296526,326,5.585259096,3721.369391,159,25312.78758,102,965.8430309,125,0.43810077,4341.597623,658,29531.58551,423,1126.816869,517,1.985122209,9303.423478,850,63281.96894,546,2414.607577,668,0.000106975,0.000754205,0.003586427,0.6,0.73,0.26,0.01,0.52,0.44,0.04,1,1,0.02,0.686,0.147,0.147,1,0.74,0.26,0.92,0.08,0.96,0.04,0.15,0.85,1,1,0,0.01,0.99,0.35,0.65
Nanjing City,Extra-large-cities,1,江苏省,269.94,249.8792773,7277.461191,132,9801.139713,85,921.3990961,104,0.560038552,12654.6964,159,17043.09295,102,1602.21065,125,1.633327626,23449.59717,415,31581.45019,267,2968.952643,326,9.160529332,12129.10198,159,16335.23286,102,1535.66516,125,1.585121776,14150.61898,658,19057.77166,423,1791.609354,517,7.121705438,30322.75496,850,40838.08214,546,3839.1629,668,0.000131755,0.00030005,0.000385773,0.6,0.7065625,0.2624375,0.031,0.4505,0.4505,0.099,1,1,0.02,0.014,0.9358125,0.0301875,1,0.74,0.26,0.92,0.08,0.96,0.04,0.15,0.85,1,1,0,0.01,0.99,0.35,0.65
Nanning City,Largecities,1,广西壮族自治区,176.1627,152.8440354,4883.750662,132,12308.89621,85,807.3531301,104,0.433432428,8492.299763,159,21403.80285,102,1403.897387,125,1.029730375,15736.52991,415,39661.99889,267,2601.471197,326,15.05192614,8139.584437,159,20514.82701,102,1345.58855,125,1.302924148,9496.181844,658,23933.96485,423,1569.853308,517,5.500651543,20348.96109,850,51287.06753,546,3363.971375,668,0.000584537,0.000163483,0.00029177,0.6,0.73,0.26,0.01,0.531673684,0.421326316,0.047,1,1,0.02,0.473443158,0.471524399,0.035032444,1,0.74,0.26,0.92,0.08,0.96,0.04,0.15,0.85,1,1,0,0.01,0.99,0.35,0.65
Nanping City,Medium-small-cities,1,福建省,29.25,25.57729426,3347.172609,132,13388.69044,85,1264.136955,104,0.095389349,5820.361259,159,23281.44504,102,2198.193705,125,0.153658861,10785.33396,415,43141.33585,267,4073.330188,326,2.728308026,5578.621015,159,22314.48406,102,2106.894925,125,0.086756829,6508.391184,658,26033.56474,423,2458.044079,517,0.608592678,13946.55254,850,55786.21015,546,5267.237312,668,0.000124806,0.000150529,3.64E-05,0.6,0.704,0.286,0.01,0.476,0.484,0.04,1,1,0.02,0.686,0.147,0.147,1,0.74,0.26,0.92,0.08,0.96,0.04,0.15,0.85,1,1,0,0.01,0.99,0.35,0.65
Nantong City,Extra-large-cities,1,江苏省,181.23,167.7618042,3129.873106,132,14295.01534,85,575.1115583,104,0.375993876,5442.501567,159,24857.44333,102,1000.055099,125,1.096569481,10085.14667,415,46061.71608,267,1853.137244,326,6.150117548,5216.455176,159,23825.02556,102,958.5192639,125,1.064205451,6085.864372,658,27795.86315,423,1118.272475,517,4.781309463,13041.13794,850,59562.5639,546,2396.29816,668,4.33E-05,0.000156292,0.000241554,0.6,0.73684375,0.23215625,0.031,0.542647727,0.358352273,0.099,1,1,0.02,0.014,0.9358125,0.0301875,1,0.74,0.26,0.92,0.08,0.96,0.04,0.15,0.85,1,0.9,0.1,0.01,0.99,0.35,0.65
Nanyang City,Largecities,1,河南省,114.3854,100.9598133,3139.654786,132,14505.26788,85,355.0773369,104,0.260075318,5459.510822,159,25223.04914,102,617.4400359,125,0.564327813,10116.66542,415,46739.19649,267,1144.138086,326,8.203416807,5232.757977,159,24175.44646,102,591.7955615,125,0.282163906,6104.884306,658,28204.68754,423,690.4281551,517,4.115602838,13081.89494,850,60438.61615,546,1479.488904,668,0.000155026,0.000124557,0.000168441,0.6,0.73,0.26,0.01,0.511610526,0.441389474,0.047,1,1,0.02,0.473443158,0.471524399,0.035032444,1,0.74,0.26,0.92,0.08,0.96,0.04,0.15,0.85,1,1,0,0.01,0.99,0.35,0.65
Neijiang City,Medium-small-cities,1,四川省,47.01,42.1146858,1365.546549,132,16199.57504,85,434.8784135,104,0.086353106,2374.533722,159,28169.26104,102,756.2052412,125,0.30401025,4400.094436,415,52198.63068,267,1401.274888,326,3.141833554,2275.910915,159,26999.29173,102,724.7973558,125,0.246441512,2655.229401,658,31499.17368,423,845.5969151,517,1.116675781,5689.777288,850,67498.22932,546,1811.993389,668,0.002499541,0.000679806,0,0.6,0.73,0.26,0.01,0.52,0.44,0.04,1,1,0.02,0.686,0.147,0.147,1,0.74,0.26,0.92,0.08,0.96,0.04,0.15,0.85,1,1,0,0.01,0.99,0.35,0.65
Ningbo City,Extra-large-cities,1,浙江省,277.0211,250.5567161,5973.626374,132,11129.14286,85,897.2307692,104,0.535377598,10387.47253,159,19352.34286,102,1560.184615,125,1.254791246,19248.35165,415,35860.57143,267,2891.076923,326,19.69687646,9956.043956,159,18548.57143,102,1495.384615,125,0.654164503,11615.38462,658,21640,423,1744.615385,517,4.323174108,24890.10989,850,46371.42857,546,3738.461538,668,0.000147189,0.000600286,0.000150185,0.6,0.713628125,0.255371875,0.031,0.5068125,0.3941875,0.099,1,1,0.02,0.014,0.9358125,0.0301875,1,0.74,0.26,0.92,0.08,0.96,0.04,0.15,0.85,1,0.9,0.1,0.01,0.99,0.35,0.65
Ningde City,Medium-small-cities,1,福建省,27.78,24.29187126,3955.652857,132,13416.97402,85,627.3731199,104,0.090595423,6878.440801,159,23330.62705,102,1090.932147,125,0.145936518,12745.99254,415,43232.47185,267,2021.535609,326,2.591193059,6592.754761,159,22361.62337,102,1045.621867,125,0.082396742,7691.547221,658,26088.5606,423,1219.892178,517,0.578006995,16481.8869,850,55904.05843,546,2614.054666,668,3.90E-05,8.16E-05,0,0.6,0.717,0.273,0.01,0.498,0.462,0.04,1,1,0.02,0.686,0.147,0.147,1,0.74,0.26,0.92,0.08,0.96,0.04,0.15,0.85,1,0.9,0.1,0.01,0.99,0.35,0.65
Panzhihua City,Medium-small-cities,1,四川省,25.2,22.57583667,2394.851291,132,14988.93276,85,616.2159532,104,0.046290114,4164.3803,159,26064.08863,102,1071.531074,125,0.162966567,7716.743048,415,48297.67221,267,1985.584738,326,1.684199225,3991.418818,159,24981.55459,102,1027.026589,125,0.13210649,4656.655288,658,29145.14703,423,1198.197687,517,0.598600929,9978.547045,850,62453.88648,546,2567.566471,668,0.002716429,0.0009396,6.69E-05,0.6,0.73,0.26,0.01,0.52,0.44,0.04,1,1,0.02,0.686,0.147,0.147,1,0.74,0.26,0.92,0.08,0.96,0.04,0.15,0.85,1,1,0,0.01,0.99,0.35,0.65
Panjin City,Medium-small-cities,1,辽宁省,36.0316,31.37697702,3393.777463,132,14104.7176,85,501.5049333,104,0.169014401,5901.401922,159,24526.53672,102,872.0613562,125,0.315325375,10935.50516,415,45448.5345,267,1615.960341,326,2.610053241,5656.295772,159,23507.86267,102,835.8415555,125,0.186672622,6599.011734,658,27425.83978,423,975.1484814,517,1.373557335,14140.73943,850,58769.65668,546,2089.603889,668,5.33E-05,0.000156803,0,0.6,0.73,0.26,0.01,0.52,0.44,0.04,1,1,0.02,0.686,0.147,0.147,1,0.74,0.26,0.92,0.08,0.96,0.04,0.15,0.85,1,0.9,0.1,0.01,0.99,0.35,0.65
Pingdingshan City,Medium-small-cities,1,河南省,71.3472,62.97307167,4066.522151,132,13382.33302,85,551.1448313,104,0.162220403,7071.230186,159,23270.39019,102,958.3796234,125,0.351996053,13103.23804,415,43120.85083,267,1775.911123,326,5.116831515,6777.536919,159,22303.88836,102,918.5747189,125,0.175998027,7907.126406,658,26021.20309,423,1071.670505,517,2.567082327,16943.8423,850,55759.72091,546,2296.436797,668,7.61E-05,0.00015493,0,0.6,0.73,0.26,0.01,0.52,0.44,0.04,1,1,0.02,0.686,0.147,0.147,1,0.74,0.26,0.92,0.08,0.96,0.04,0.15,0.85,1,1,0,0.01,0.99,0.35,0.65
Pingliang City,Medium-small-cities,1,甘肃省,23.89,19.50001114,3125.07054,132,14260.15181,85,614.7776497,104,0.075641161,5434.150439,159,24796.81954,102,1069.030024,125,0.167391088,10069.67174,415,45949.37806,267,1980.950205,326,3.210547054,5208.4509,159,23766.91968,102,1024.629416,125,0.18139871,6076.52605,658,27728.07296,423,1195.400986,517,0.755010847,13021.12725,850,59417.29921,546,2561.573541,668,0.001249739,0.000562729,0,0.6,0.73,0.26,0.01,0.52,0.44,0.04,1,1,0.02,0.686,0.147,0.147,1,0.74,0.26,0.92,0.08,0.96,0.04,0.15,0.85,1,1,0,0.01,0.99,0.35,0.65
Pingxiang City,Medium-small-cities,1,江西省,24.34,20.92762985,2369.365776,132,15418.82728,85,211.8069406,104,0.056981372,4120.063821,159,26811.62744,102,368.3087355,125,0.123323969,7634.623055,415,49682.88791,267,682.4890307,326,1.974404535,3948.94296,159,25698.04547,102,353.0115676,125,0.155477743,4607.10012,658,29981.05305,423,411.8468289,517,1.102182536,9872.357399,850,64245.11368,546,882.528919,668,0.000547363,0.000205499,0,0.6,0.704,0.286,0.01,0.476,0.484,0.04,1,1,0.02,0.686,0.147,0.147,1,0.74,0.26,0.92,0.08,0.96,0.04,0.15,0.85,1,1,0,0.01,0.99,0.35,0.65
Putian City,Medium-small-cities,1,福建省,38.77,33.90193841,2922.184925,132,14355.50809,85,722.3069881,104,0.126435728,5081.354898,159,24962.63351,102,1256.011596,125,0.203670223,9415.929204,415,46256.63717,267,2327.433628,326,3.616290672,4870.308209,159,23925.84681,102,1203.84498,125,0.114993581,5682.026244,658,27913.48795,423,1404.48581,517,0.806671389,12175.77052,850,59814.61703,546,3009.61245,668,6.08E-05,6.86E-05,0,0.6,0.73,0.26,0.01,0.52,0.44,0.04,1,1,0.02,0.686,0.147,0.147,1,0.74,0.26,0.92,0.08,0.96,0.04,0.15,0.85,1,0.9,0.1,0.01,0.99,0.35,0.65
Puyang City,Medium-small-cities,1,河南省,68.6431,60.58635596,5197.01963,132,12240.72217,85,562.2582032,104,0.156072157,9037.039691,159,21285.25577,102,977.7045422,125,0.3386552,16745.95214,415,39442.32698,267,1811.720877,326,4.922900652,8661.699384,159,20401.20361,102,937.0970053,125,0.1693276,10105.31595,658,23801.40421,423,1093.27984,517,2.469788427,21654.24846,850,51003.00903,546,2342.742513,668,0.000295505,0.000155381,0,0.6,0.73,0.26,0.01,0.52,0.44,0.04,1,1,0.02,0.686,0.147,0.147,1,0.74,0.26,0.92,0.08,0.96,0.04,0.15,0.85,1,1,0,0.01,0.99,0.35,0.65
Pu'er City,Medium-small-cities,1,云南省,29.6,25.16376529,1452.67353,132,16375.45666,85,171.8698107,104,0.082916531,2526.037861,159,28475.09963,102,298.8625042,125,0.126577893,4680.836931,415,52765.36035,267,553.8027233,326,3.382353578,2421.122551,159,27292.42776,102,286.4496845,125,0.199480351,2824.642976,658,31841.16573,423,334.1912986,517,0.644906355,6052.806377,850,68231.06941,546,716.1242112,668,0.000239338,0.000692773,2.90E-05,0.6,0.73,0.26,0.01,0.52,0.44,0.04,1,1,0.02,0.686,0.147,0.147,1,0.74,0.26,0.92,0.08,0.96,0.04,0.15,0.85,1,1,0,0.01,0.99,0.35,0.65
Qitaihe City,Medium-small-cities,1,黑龙江省,14.1179,12.03801607,3791.540327,132,13598.68505,85,609.7746234,104,0.057774554,6593.067346,159,23646.60234,102,1060.330317,125,0.140309631,12217.1855,415,43817.98516,267,1964.829342,326,1.201435601,6319.233878,159,22664.47508,102,1016.291039,125,0.115273991,7372.439524,658,26441.8876,423,1185.672879,517,0.565090159,15798.08469,850,56661.18771,546,2540.727598,668,0.000333073,0.000767399,0,0.6,0.73,0.26,0.01,0.54,0.42,0.04,1,1,0.02,0.686,0.147,0.147,1,0.74,0.26,0.92,0.08,0.96,0.04,0.15,0.85,1,1,0,0.01,0.99,0.35,0.65
Qiqihar City,Medium-small-cities,1,黑龙江省,7.8219,6.669558352,2939.433873,132,14479.93477,85,580.6313567,104,0.03200949,5111.348901,159,25178.99768,102,1009.653415,125,0.077737333,9471.509146,415,46657.56759,267,1870.92326,326,0.66564497,4899.056455,159,24133.22462,102,967.7189278,125,0.063866554,5715.565864,658,28155.42872,423,1129.005416,517,0.3130833,12247.64114,850,60333.06154,546,2419.297319,668,8.50E-05,0.000330202,9.91E-06,0.6,0.73,0.26,0.01,0.54,0.42,0.04,1,1,0.02,0.686,0.147,0.147,1,0.74,0.26,0.92,0.08,0.96,0.04,0.15,0.85,1,1,0,0.01,0.99,0.35,0.65
Qinzhou City,Medium-small-cities,1,广西壮族自治区,75.1807,65.22902731,3499.455826,132,13639.54465,85,860.9995198,104,0.184975329,6085.164853,159,23717.65265,102,1497.182498,125,0.439456539,11276.02433,415,43949.64389,267,2774.331786,326,6.423688691,5832.426376,159,22732.57442,102,1434.9992,125,0.556047049,6804.497439,658,26521.33683,423,1674.165733,517,2.347505082,14581.06594,850,56831.43606,546,3587.497999,668,0.000329584,0.000295708,0,0.6,0.73,0.26,0.01,0.52,0.44,0.04,1,1,0.02,0.686,0.147,0.147,1,0.74,0.26,0.92,0.08,0.96,0.04,0.15,0.85,1,0.9,0.1,0.01,0.99,0.35,0.65
Qinhuangdao City,Medium-small-cities,1,河北省,71.2,61.65566519,3813.279264,132,13485.09549,85,701.6252489,104,0.095465045,6630.868942,159,23449.08271,102,1220.04835,125,0.292904114,12287.23318,415,43451.97435,267,2260.792469,326,5.83898928,6355.46544,159,22475.15915,102,1169.375415,125,0.191797953,7414.709679,658,26221.019,423,1364.271317,517,3.125178418,15888.6636,850,56187.89786,546,2923.438537,668,0.000218775,0.000282392,1.71E-05,0.6,0.73,0.26,0.01,0.54,0.42,0.04,1,1,0.02,0.686,0.147,0.147,1,0.74,0.26,0.92,0.08,0.96,0.04,0.15,0.85,1,0.9,0.1,0.01,0.99,0.35,0.65
Qingdao City,Extra-large-cities,1,山东省,291.0938,255.9918243,6001.288464,132,11124.7394,85,873.972137,104,0.502190311,10435.57383,159,19344.68573,102,1519.740438,125,1.658104669,19337.48505,415,35846.38251,267,2816.132441,326,21.3324433,10002.14744,159,18541.23233,102,1456.620228,125,1.000623588,11669.17201,658,21631.43772,423,1699.390266,517,10.60861379,25005.3686,850,46353.08083,546,3641.550571,668,6.63E-05,0.000132343,0.001070981,0.6,0.7065625,0.2624375,0.031,0.4505,0.4505,0.099,1,1,0.02,0.014,0.9358125,0.0301875,1,0.74,0.26,0.92,0.08,0.96,0.04,0.15,0.85,1,0.9,0.1,0.01,0.99,0.35,0.65
Qingyuan City,Medium-small-cities,1,广东省,68.8998,61.16898128,2973.07071,132,14433.07097,85,593.8583224,104,0.152750089,5169.839624,159,25097.50674,102,1032.653638,125,0.520360713,9579.894511,415,46506.56201,267,1913.543483,326,5.466907865,4955.11785,159,24055.11828,102,989.7638706,125,0.330760407,5780.970826,658,28064.30466,423,1154.724516,517,1.260039647,12387.79463,850,60137.7957,546,2474.409677,668,0.000194902,0.00096058,0,0.6,0.704,0.286,0.01,0.476,0.484,0.04,1,1,0.02,0.686,0.147,0.147,1,0.74,0.26,0.92,0.08,0.96,0.04,0.15,0.85,1,1,0,0.01,0.99,0.35,0.65
Qingyang City,Medium-small-cities,1,甘肃省,31.7,25.87485781,2975.093417,132,14482.95058,85,541.9560024,104,0.100369393,5173.356885,159,25184.24184,102,942.4012709,125,0.22211375,9586.41212,415,46667.28521,267,1746.302674,326,4.260123131,4958.489028,159,24138.25097,102,903.260004,125,0.240700674,5784.903866,658,28161.2928,423,1053.803338,517,1.001835239,12396.22257,850,60345.62742,546,2258.15001,668,0.001443425,0.000674448,0.000301712,0.6,0.73,0.26,0.01,0.52,0.44,0.04,1,1,0.02,0.686,0.147,0.147,1,0.74,0.26,0.92,0.08,0.96,0.04,0.15,0.85,1,1,0,0.01,0.99,0.35,0.65
Qujing City,Medium-small-cities,1,云南省,76.69,65.19625541,1324.827586,132,16129.65517,85,545.5172414,104,0.214826648,2303.727969,159,28047.67816,102,948.5938697,125,0.327947927,4268.888889,415,51973.33333,267,1757.777778,326,8.763266753,2208.045977,159,26882.75862,102,909.1954023,125,0.516829328,2576.05364,658,31363.21839,423,1060.727969,517,1.670873931,5520.114943,850,67206.89655,546,2272.988506,668,0.000401964,0.00019022,0,0.6,0.73,0.26,0.01,0.52,0.44,0.04,1,1,0.02,0.686,0.147,0.147,1,0.74,0.26,0.92,0.08,0.96,0.04,0.15,0.85,1,1,0,0.01,0.99,0.35,0.65
Quzhou City,Medium-small-cities,1,浙江省,46.658,42.20066724,3134.733897,132,14216.72344,85,648.5426617,104,0.090172366,5450.953943,159,24721.30243,102,1127.743628,125,0.211341483,10100.80922,415,45809.4422,267,2089.748576,326,3.317497699,5224.556495,159,23694.53907,102,1080.904436,125,0.11017936,6095.31591,658,27643.62891,423,1261.055175,517,0.728141855,13061.39124,850,59236.34767,546,2702.26109,668,0.000179936,0.000184695,0,0.6,0.704,0.286,0.01,0.476,0.484,0.04,1,1,0.02,0.686,0.147,0.147,1,0.74,0.26,0.92,0.08,0.96,0.04,0.15,0.85,1,1,0,0.01,0.99,0.35,0.65
Quanzhou City,Extra-large-cities,1,福建省,160.18,140.0673844,3106.877114,132,14230.55242,85,662.5704622,104,0.522374902,5402.514092,159,24745.34949,102,1152.136415,125,0.841472693,10011.04848,415,45854.00225,267,2134.949267,326,14.94086768,5178.128523,159,23717.58737,102,1104.284104,125,0.475101155,6041.149944,658,27670.5186,423,1288.331454,517,3.33279915,12945.32131,850,59293.96843,546,2760.710259,668,0.000160691,6.83E-05,8.75E-05,0.6,0.725235938,0.243764063,0.031,0.524730114,0.376269886,0.099,1,1,0.02,0.014,0.9358125,0.0301875,1,0.74,0.26,0.92,0.08,0.96,0.04,0.15,0.85,1,0.9,0.1,0.01,0.99,0.35,0.65
Shigatse City,Medium-small-cities,1,西藏自治区,13.6951,8.948685534,1749.551761,132,15964.62293,85,285.8253076,104,0.071727993,3042.276117,159,27760.70543,102,497.0184516,125,0.106355301,5637.444563,415,51441.56278,267,920.9926579,326,3.074410204,2915.919601,159,26607.70489,102,476.3755127,125,0.46004851,3401.906202,658,31042.32237,423,555.7714315,517,1.033872458,7289.799003,850,66519.26222,546,1190.938782,668,0.001607922,0.000732887,0,0.6,0.704,0.286,0.01,0.476,0.484,0.04,1,1,0.02,0.686,0.147,0.147,1,0.74,0.26,0.92,0.08,0.96,0.04,0.15,0.85,1,1,0,0.01,0.99,0.35,0.65
Rizhao City,Medium-small-cities,1,山东省,70.3935,61.90499587,3909.934142,132,13478.50295,85,611.562911,104,0.121441727,6798.941036,159,23437.61901,102,1063.439951,125,0.400969691,12598.67668,415,43430.73172,267,1970.591602,326,5.158699181,6516.556903,159,22464.17158,102,1019.271518,125,0.241974912,7602.64972,658,26208.20017,423,1189.150105,517,2.56541862,16291.39226,850,56160.42895,546,2548.178796,668,5.77E-05,0.000304431,0.001312173,0.6,0.73,0.26,0.01,0.54,0.42,0.04,1,1,0.02,0.686,0.147,0.147,1,0.74,0.26,0.92,0.08,0.96,0.04,0.15,0.85,1,0.9,0.1,0.01,0.99,0.35,0.65
Sanmenxia City,Medium-small-cities,1,河南省,32.4525,28.6435012,3797.513321,132,13642.98401,85,559.5026643,104,0.073786464,6603.45372,159,23723.63331,102,972.9129663,125,0.16010652,12236.43181,415,43960.72627,267,1802.841918,326,2.327407028,6329.188869,159,22738.30669,102,932.5044405,125,0.08005326,7384.053681,658,26528.02447,423,1087.921847,517,1.167645531,15822.97217,850,56845.76673,546,2331.261101,668,0.000119176,0.000216788,0,0.6,0.73,0.26,0.01,0.52,0.44,0.04,1,1,0.02,0.686,0.147,0.147,1,0.74,0.26,0.92,0.08,0.96,0.04,0.15,0.85,1,1,0,0.01,0.99,0.35,0.65
Sanming City,Medium-small-cities,1,福建省,31.08,27.17751472,3363.313656,132,13931.99095,85,704.6953918,104,0.101357298,5848.428746,159,24226.18427,102,1225.386987,125,0.163272389,10837.344,415,44891.97085,267,2270.685151,326,2.899002169,5605.522759,159,23219.98492,102,1174.49232,125,0.092184692,6539.776553,658,27089.98241,423,1370.24104,517,0.646668733,14013.8069,850,58049.9623,546,2936.230799,668,2.08E-05,0.000110753,1.62E-06,0.6,0.704,0.286,0.01,0.476,0.484,0.04,1,1,0.02,0.686,0.147,0.147,1,0.74,0.26,0.92,0.08,0.96,0.04,0.15,0.85,1,1,0,0.01,0.99,0.35,0.65
Sanya City,Medium-small-cities,1,海南省,21.6115,18.57366902,2083.773391,132,14984.15791,85,932.0687003,104,0.090232603,3623.450397,159,26055.7857,102,1620.763907,125,0.264365697,6714.380928,415,48282.28659,267,3003.332479,326,2.214656351,3472.955652,159,24973.59651,102,1553.447834,125,0.178882178,4051.781594,658,29135.8626,423,1812.355806,517,0.289694147,8682.389131,850,62433.99128,546,3883.619585,668,1.89E-05,0.000243427,0.001304414,0.6,0.73,0.26,0.01,0.52,0.44,0.04,1,1,0.02,0.686,0.147,0.147,1,0.74,0.26,0.92,0.08,0.96,0.04,0.15,0.85,1,0.9,0.1,0.01,0.99,0.35,0.65
Xiamen City,Largecities,1,福建省,140.53,122.8846893,6883.963849,132,10081.11177,85,1034.924383,104,0.458292827,11970.44825,159,17529.93324,102,1799.618511,125,0.738245459,22181.66129,415,32483.58236,267,3334.756347,326,13.10800434,11473.27308,159,16801.85295,102,1724.873972,125,0.416818363,13385.48526,658,19602.16177,423,2012.352968,517,2.92394971,28683.18271,850,42004.63236,546,4312.184931,668,6.78E-05,0.000187885,0.005829703,0.6,0.73,0.26,0.01,0.531673684,0.421326316,0.047,1,1,0.02,0.473443158,0.471524399,0.035032444,1,0.74,0.26,0.92,0.08,0.96,0.04,0.15,0.85,1,0.9,0.1,0.01,0.99,0.35,0.65
Shannan City,Medium-small-cities,1,西藏自治区,13.6951,8.948685534,2495.666996,132,15294.68369,85,209.6493101,104,0.071727993,4339.687609,159,26595.75554,102,364.5568559,125,0.106355301,8041.593652,415,49282.86968,267,675.5366658,326,3.074410204,4159.444993,159,25491.13949,102,349.4155168,125,0.46004851,4852.685825,658,29739.66274,423,407.6514363,517,1.033872458,10398.61248,850,63727.84873,546,873.538792,668,0.001327498,0.000478548,0,0.6,0.717,0.273,0.01,0.498,0.462,0.04,1,1,0.02,0.686,0.147,0.147,1,0.74,0.26,0.92,0.08,0.96,0.04,0.15,0.85,1,1,0,0.01,0.99,0.35,0.65
Shantou City,Medium-small-cities,1,广东省,79.0098,70.14460096,6190.96145,132,10590.06079,85,1218.977765,104,0.175163847,10765.39408,159,18414.93903,102,2119.666891,125,0.59671575,19948.65356,415,34123.5292,267,3927.817243,326,6.269093626,10318.26908,159,17650.10131,102,2031.629608,125,0.379294477,12037.9806,658,20591.78486,423,2370.234543,517,1.444931342,25795.67271,850,44125.25327,546,5079.074021,668,0.000177906,0.00041663,0,0.6,0.717,0.273,0.01,0.498,0.462,0.04,1,1,0.02,0.686,0.147,0.147,1,0.74,0.26,0.92,0.08,0.96,0.04,0.15,0.85,1,0.9,0.1,0.01,0.99,0.35,0.65
Shanwei City,Medium-small-cities,1,广东省,28.4348,25.24430766,3786.803785,132,13533.71399,85,679.4822228,104,0.063039635,6584.831026,159,23533.62489,102,1181.544087,125,0.214751752,12201.92331,415,43608.63397,267,2189.442718,326,2.256181175,6311.339642,159,22556.18999,102,1132.470371,125,0.136504112,7363.229582,658,26315.55498,423,1321.215433,517,0.520015666,15778.3491,850,56390.47497,546,2831.175928,668,0.000197854,0.000205605,0,0.6,0.717,0.273,0.01,0.498,0.462,0.04,1,1,0.02,0.686,0.147,0.147,1,0.74,0.26,0.92,0.08,0.96,0.04,0.15,0.85,1,0.9,0.1,0.01,0.99,0.35,0.65
Shangluo City,Medium-small-cities,1,陕西省,10.6124,9.516446099,2012.406417,132,15408.77005,85,578.8235294,104,0.027189394,3499.351159,159,26794.13904,102,1006.509804,125,0.067499252,6484.420677,415,49650.48128,267,1865.098039,326,0.697439581,3354.010695,159,25681.28342,102,964.7058824,125,0.026082849,3913.012478,658,29961.49733,423,1125.490196,517,0.277742825,8385.026738,850,64203.20856,546,2411.764706,668,0.001868576,0.000637652,0,0.6,0.73,0.26,0.01,0.52,0.44,0.04,1,1,0.02,0.686,0.147,0.147,1,0.74,0.26,0.92,0.08,0.96,0.04,0.15,0.85,1,1,0,0.01,0.99,0.35,0.65
Shangqiu City,Medium-small-cities,1,河南省,111.034,98.00177218,2444.221186,132,15186.14371,85,369.6351069,104,0.252455321,4250.229063,159,26407.01656,102,642.7543803,125,0.547793463,7875.823823,415,48933.12972,267,1191.046456,326,7.963063308,4073.701977,159,25310.23951,102,616.0585115,125,0.273896732,4752.652307,658,29528.61276,423,718.7349301,517,3.995018993,10184.25494,850,63275.59878,546,1540.146279,668,2.56E-05,0.000140324,0,0.6,0.73,0.26,0.01,0.52,0.44,0.04,1,1,0.02,0.686,0.147,0.147,1,0.74,0.26,0.92,0.08,0.96,0.04,0.15,0.85,1,1,0,0.01,0.99,0.35,0.65
Shanghai,Megacities,1,上海市,411.22,370.8034168,9438.098888,132,7395.937141,85,1165.963971,104,2.437984255,16411.80529,159,12860.71292,102,2027.481794,125,4.945910681,30411.65197,415,23831.35301,267,3756.995017,326,7.733605793,15730.16481,159,12326.5619,102,1943.273285,125,4.566224609,18351.85895,658,14380.98888,423,2267.152166,517,20.73285791,39325.41204,850,30816.40475,546,4858.183212,668,0.000280993,0.000315118,0.42121451,0.6,0.555321642,0.201678358,0.243,0.455376316,0.207623684,0.337,1,1,0.02,0.130727869,0.562343538,0.286928594,1,0.74,0.26,0.92,0.08,0.96,0.04,0.15,0.85,1,0.9,0.1,0.01,0.99,0.35,0.65
Shangrao City,Medium-small-cities,1,江西省,67.1715,57.75432572,3042.689076,132,14499.4958,85,457.8151261,104,0.157252433,5290.898226,159,25213.01214,102,796.0896359,125,0.340339194,9804.220355,415,46720.59757,267,1475.182073,326,5.448796804,5071.148459,159,24165.82633,102,763.0252101,125,0.429074496,5916.339869,658,28193.46405,423,890.1960784,517,3.041711347,12677.87115,850,60414.56583,546,1907.563025,668,9.82E-05,0.000189029,2.03E-05,0.6,0.704,0.286,0.01,0.476,0.484,0.04,1,1,0.02,0.686,0.147,0.147,1,0.74,0.26,0.92,0.08,0.96,0.04,0.15,0.85,1,1,0,0.01,0.99,0.35,0.65
Shaoguan City,Medium-small-cities,1,广东省,42.2016,37.46642052,2658.982089,132,14607.9092,85,733.1087072,104,0.093560477,4623.67441,159,25401.531,102,1274.794585,125,0.318724505,8567.831176,415,47069.92966,267,2362.239168,326,3.348518558,4431.636815,159,24346.51534,102,1221.847845,125,0.202593018,5170.242951,658,28404.2679,423,1425.489153,517,0.771782925,11079.09204,850,60866.28835,546,3054.619613,668,0.000581476,0.001708338,0,0.6,0.704,0.286,0.01,0.476,0.484,0.04,1,1,0.02,0.686,0.147,0.147,1,0.74,0.26,0.92,0.08,0.96,0.04,0.15,0.85,1,1,0,0.01,0.99,0.35,0.65
Shaoyang City,Medium-small-cities,1,湖南省,60.6648,54.2170088,1754.173124,132,15781.97919,85,463.8476865,104,0.294608215,3050.312154,159,27443.10826,102,806.5795882,125,0.431065702,5652.335621,415,50853.04406,267,1494.620323,326,4.138510655,2923.621873,159,26303.29865,102,773.0794775,125,0.344992518,3410.892185,658,30687.18176,423,901.9260571,517,1.238614112,7309.054682,850,65758.24662,546,1932.698694,668,4.49E-05,0.000420575,6.47E-05,0.6,0.717,0.273,0.01,0.498,0.462,0.04,1,1,0.02,0.686,0.147,0.147,1,0.74,0.26,0.92,0.08,0.96,0.04,0.15,0.85,1,1,0,0.01,0.99,0.35,0.65
Shaoxing City,Largecities,1,浙江省,153.3721,138.7201542,3431.813224,132,13792.28418,85,775.9026008,104,0.296410586,5967.541883,159,23983.24971,102,1349.208411,125,0.694712311,11058.06483,415,44441.80457,267,2500.130603,326,10.90513071,5719.688706,159,22987.14029,102,1293.171001,125,0.362176685,6672.970157,658,26818.33034,423,1508.699502,517,2.393515482,14299.22177,850,57467.85073,546,3232.927503,668,0.000146894,7.27E-05,0,0.6,0.717,0.273,0.01,0.510607368,0.442392632,0.047,1,1,0.02,0.473443158,0.471524399,0.035032444,1,0.74,0.26,0.92,0.08,0.96,0.04,0.15,0.85,1,1,0,0.01,0.99,0.35,0.65
Shenzhen City,Megacities,1,广东省,341.4152,303.1071204,7346.938776,132,220.4081633,85,10432.65306,104,0.756913696,12775.5102,159,383.2653061,102,18141.22449,125,2.578513389,23673.46939,415,710.2040816,267,33616.32653,326,27.08985283,12244.89796,159,367.3469388,102,17387.7551,125,1.638997945,14285.71429,658,428.5714286,423,20285.71429,517,6.243801696,30612.2449,850,918.3673469,546,43469.38776,668,0.000171148,0.000168806,0.002896355,0.6,0.555321642,0.201678358,0.243,0.455376316,0.207623684,0.337,1,1,0.02,0.130727869,0.562343538,0.286928594,1,0.74,0.26,0.92,0.08,0.96,0.04,0.15,0.85,1,0.9,0.1,0.01,0.99,0.35,0.65
Shenyang City,Largecities,1,辽宁省,257.9958,224.6674666,8851.440803,132,8253.63914,85,894.920057,104,1.210187881,15391.67206,159,14352.16139,102,1556.166544,125,2.257813211,28521.30925,415,26595.05945,267,2883.631295,326,18.68867255,14752.40134,159,13756.06523,102,1491.533428,125,1.336625421,17211.13489,658,16048.74277,423,1740.122333,517,9.835034347,36881.00334,850,34390.16309,546,3728.833571,668,0.000258363,0.000186795,0.000105832,0.6,0.73,0.26,0.01,0.511610526,0.441389474,0.047,1,1,0.02,0.473443158,0.471524399,0.035032444,1,0.74,0.26,0.92,0.08,0.96,0.04,0.15,0.85,1,1,0,0.01,0.99,0.35,0.65
Shiyan City,Medium-small-cities,1,湖北省,39.0369,34.3656815,2256.822231,132,15446.65687,85,296.5208965,104,0.126347771,3924.363102,159,26860.02001,102,515.6168923,125,0.280975549,7271.982745,415,49772.56103,267,955.4562221,326,2.908735512,3761.370385,159,25744.42812,102,494.2014942,125,0.265011029,4388.26545,658,30035.16614,423,576.5684099,517,1.090148639,9403.425964,850,64361.0703,546,1235.503735,668,0.000193444,0.000210091,7.65E-05,0.6,0.73,0.26,0.01,0.52,0.44,0.04,1,1,0.02,0.686,0.147,0.147,1,0.74,0.26,0.92,0.08,0.96,0.04,0.15,0.85,1,1,0,0.01,0.99,0.35,0.65
Shijiazhuang City,Largecities,1,河北省,287.6,249.0473217,3893.337501,132,13427.64833,85,679.0141721,104,0.385614422,6770.081322,159,23349.18848,102,1180.730199,125,1.183135159,12545.19862,415,43266.86683,267,2187.934555,326,23.58558029,6488.895836,159,22379.41388,102,1131.690287,125,0.77473443,7570.378475,658,26109.31619,423,1320.305335,517,12.62361395,16222.23959,850,55948.53469,546,2829.225717,668,0.000215428,0.000219635,0.00036833,0.6,0.73,0.26,0.01,0.511610526,0.441389474,0.047,1,1,0.02,0.473443158,0.471524399,0.035032444,1,0.74,0.26,0.92,0.08,0.96,0.04,0.15,0.85,1,1,0,0.01,0.99,0.35,0.65
Shizuishan City,Medium-small-cities,1,宁夏回族自治区,12.2,9.498921712,3689.368015,132,13739.29804,85,571.3339425,104,0.028801123,6415.401048,159,23891.11271,102,993.4862445,125,0.077062464,11887.9636,415,44271.07147,267,1840.964926,326,1.918777515,6148.946692,159,22898.83007,102,952.2232375,125,0.063829516,7173.77114,658,26715.30175,423,1110.92711,517,0.612607669,15372.36673,850,57247.07518,546,2380.558094,668,0.002004563,0.000482997,0,0.6,0.73,0.26,0.01,0.52,0.44,0.04,1,1,0.02,0.686,0.147,0.147,1,0.74,0.26,0.92,0.08,0.96,0.04,0.15,0.85,1,1,0,0.01,0.99,0.35,0.65
Shuangyashan City,Medium-small-cities,1,黑龙江省,22.4332,19.12828551,3381.130226,132,14167.54062,85,451.3291519,104,0.09180318,5879.409781,159,24635.77897,102,784.8112475,125,0.222950581,10894.75295,415,45650.96423,267,1454.282823,326,1.909068992,5635.217043,159,23612.5677,102,752.2152532,125,0.183169203,6574.419883,658,27547.99565,423,877.5844621,517,0.897922535,14088.04261,850,59031.41926,546,1880.538133,668,0.000341725,0.000604961,0,0.6,0.73,0.26,0.01,0.52,0.44,0.04,1,1,0.02,0.686,0.147,0.147,1,0.74,0.26,0.92,0.08,0.96,0.04,0.15,0.85,1,1,0,0.01,0.99,0.35,0.65
Shuozhou City,Medium-small-cities,1,山西省,25.9063,22.93251566,4929.133858,132,12278.21522,85,792.6509186,104,0.04466351,8571.216098,159,21350.45203,102,1378.331875,125,0.132160057,15882.76465,415,39563.13794,267,2554.097404,326,1.62143184,8215.223097,159,20463.69204,102,1321.084864,125,0.046493981,9584.426947,658,23874.30738,423,1541.265675,517,1.12903495,20538.05774,850,51159.2301,546,3302.712161,668,0.000155701,0.000287993,0,0.6,0.73,0.26,0.01,0.52,0.44,0.04,1,1,0.02,0.686,0.147,0.147,1,0.74,0.26,0.92,0.08,0.96,0.04,0.15,0.85,1,1,0,0.01,0.99,0.35,0.65
Siping City,Medium-small-cities,1,吉林省,42.0783,37.21748885,2710.471766,132,15289.52823,85,0,104,0.125573297,4713.209238,159,26586.79076,102,0,125,0.338298212,8733.742359,415,49266.25764,267,0,326,2.794474424,4517.452944,159,25482.54706,102,0,125,0.171491891,5270.361768,658,29729.63823,423,0,517,1.430973322,11293.63236,850,63706.36764,546,0,668,8.13E-05,0.000283622,0,0.6,0.73,0.26,0.01,0.52,0.44,0.04,1,1,0.02,0.686,0.147,0.147,1,0.74,0.26,0.92,0.08,0.96,0.04,0.15,0.85,1,1,0,0.01,0.99,0.35,0.65
Songyuan City,Medium-small-cities,1,吉林省,45.6072,40.33873654,3240.479099,132,14349.8883,85,409.6326012,104,0.136104512,5634.833099,159,24952.86132,102,712.3055787,125,0.366669618,10441.54376,415,46238.52897,267,1319.92727,326,3.028833246,5400.798498,159,23916.4805,102,682.721002,125,0.185874072,6300.93158,658,27902.56058,423,796.5078356,517,1.550982014,13501.99624,850,59791.20125,546,1706.802505,668,7.09E-05,0.000172066,0.000242111,0.6,0.73,0.26,0.01,0.52,0.44,0.04,1,1,0.02,0.686,0.147,0.147,1,0.74,0.26,0.92,0.08,0.96,0.04,0.15,0.85,1,1,0,0.01,0.99,0.35,0.65
Suzhou City (Jiangsu),Extra-large-cities,1,江苏省,419.1,387.9543791,6476.357729,132,10593.76108,85,929.881194,104,0.869497508,11261.6665,159,18421.37343,102,1616.960076,125,2.535850959,20868.26379,415,34135.45236,267,2996.283847,326,14.22233772,10793.92955,159,17656.26846,102,1549.80199,125,2.461008136,12592.91781,658,20598.97987,423,1808.102322,517,11.05692654,26984.82387,850,44140.67115,546,3874.504975,668,3.59E-05,0.000136788,0,0.6,0.73684375,0.23215625,0.031,0.542647727,0.358352273,0.099,1,1,0.02,0.014,0.9358125,0.0301875,1,0.74,0.26,0.92,0.08,0.96,0.04,0.15,0.85,1,1,0,0.01,0.99,0.35,0.65
Suqian City,Largecities,1,江苏省,107.5,99.51108508,4789.456233,132,12842.00928,85,368.5344828,104,0.223027874,8328.332228,159,22330.82725,102,640.8405172,125,0.650450914,15432.69231,415,41379.80769,267,1187.5,326,3.648058469,7982.427056,159,21403.34881,102,614.2241379,125,0.631253578,9312.831565,658,24970.57361,423,716.5948276,517,2.836124081,19956.06764,850,53508.37202,546,1535.560345,668,0.000515258,0.000128584,0.00E+00,0.6,0.73,0.26,0.01,0.511610526,0.441389474,0.047,1,1,0.02,0.473443158,0.471524399,0.035032444,1,0.74,0.26,0.92,0.08,0.96,0.04,0.15,0.85,1,1,0,0.01,0.99,0.35,0.65
Suzhou City (Anhui),Medium-small-cities,1,安徽省,58.2996,49.93135061,2995.621808,132,14667.5701,85,336.8080892,104,0.159401373,5209.053476,159,25505.27468,102,585.6718441,125,0.366558622,9652.559158,415,47262.17033,267,1085.27051,326,4.966611189,4992.703013,159,24445.95017,102,561.3468154,125,0.204575851,5824.820181,658,28520.2752,423,654.904618,517,2.671102353,12481.75753,850,61114.87543,546,1403.367038,668,0.000269383,0.000183387,0,0.6,0.73,0.26,0.01,0.52,0.44,0.04,1,1,0.02,0.686,0.147,0.147,1,0.74,0.26,0.92,0.08,0.96,0.04,0.15,0.85,1,1,0,0.01,0.99,0.35,0.65
Suihua City,Medium-small-cities,1,黑龙江省,33.2348,28.33856709,2448.473817,132,15122.3569,85,429.1692856,104,0.13600647,4257.623915,159,26296.09838,102,746.2777022,125,0.330301426,7889.526743,415,48727.59445,267,1382.878809,326,2.82828692,4080.789695,159,25203.92816,102,715.2821426,125,0.27136529,4760.92131,658,29404.58286,423,834.4958331,517,1.330272804,10201.97424,850,63009.82041,546,1788.205357,668,0.000146461,0.000586989,0,0.6,0.73,0.26,0.01,0.52,0.44,0.04,1,1,0.02,0.686,0.147,0.147,1,0.74,0.26,0.92,0.08,0.96,0.04,0.15,0.85,1,1,0,0.01,0.99,0.35,0.65
Suizhou City,Medium-small-cities,1,湖北省,23.3725,20.5757089,2527.561222,132,14944.14381,85,528.2949647,104,0.075647997,4395.148124,159,25986.20563,102,918.6462442,125,0.168228036,8144.363937,415,48153.35229,267,1702.283775,326,1.741542508,4212.602036,159,24906.90636,102,880.4916078,125,0.158669625,4914.702375,658,29058.05742,423,1027.240209,517,0.652702932,10531.50509,850,62267.26589,546,2201.22902,668,0.000766663,0.000281155,0,0.6,0.73,0.26,0.01,0.52,0.44,0.04,1,1,0.02,0.686,0.147,0.147,1,0.74,0.26,0.92,0.08,0.96,0.04,0.15,0.85,1,1,0,0.01,0.99,0.35,0.65
Suining City,Medium-small-cities,1,四川省,44.72,40.06315143,1889.743027,132,15400.61498,85,709.6419943,104,0.082146584,3286.053152,159,26779.95827,102,1233.988579,125,0.289200986,6089.171975,415,49624.20382,267,2286.624204,326,2.988785291,3149.571711,159,25667.69163,102,1182.736657,125,0.234436597,3674.500329,658,29945.64024,423,1379.859433,517,1.06227911,7873.929277,850,64169.22908,546,2956.841643,668,0.000862817,0.000776323,0,0.6,0.73,0.26,0.01,0.52,0.44,0.04,1,1,0.02,0.686,0.147,0.147,1,0.74,0.26,0.92,0.08,0.96,0.04,0.15,0.85,1,1,0,0.01,0.99,0.35,0.65
Tacheng Prefecture,Medium-small-cities,1,新疆维吾尔族自治区,23.1583,19.18367152,2474.124682,132,15264.00676,85,261.8685623,104,0.118837377,4302.227918,159,26542.41175,102,455.3603334,125,0.161126353,7972.179529,415,49184.02177,267,843.7987009,326,2.608533954,4123.541136,159,25440.01126,102,436.4476039,125,0.154167408,4810.797992,658,29680.01314,423,509.1888712,517,0.931963393,10308.85284,850,63600.02815,546,1091.11901,668,0.001281706,0.000553066,8.58E-06,0.6,0.73,0.26,0.01,0.52,0.44,0.04,1,1,0.02,0.686,0.147,0.147,1,0.74,0.26,0.92,0.08,0.96,0.04,0.15,0.85,1,1,0,0.01,0.99,0.35,0.65
Taizhou City (Zhejiang),Largecities,1,浙江省,175.2182,158.4792523,3618.945923,132,13768.7438,85,612.3102738,104,0.338630881,6292.944855,159,23942.31561,102,1064.739532,125,0.793666127,11661.04797,415,44365.95225,267,1972.999771,326,12.45844175,6031.576539,159,22947.90634,102,1020.517123,125,0.413764608,7036.839295,658,26772.55739,423,1190.60331,517,2.734444363,15078.94135,850,57369.76585,546,2551.292808,668,0.000317307,0.000112076,8.95E-05,0.6,0.704,0.286,0.01,0.489541053,0.463458947,0.047,1,1,0.02,0.473443158,0.471524399,0.035032444,1,0.74,0.26,0.92,0.08,0.96,0.04,0.15,0.85,1,0.9,0.1,0.01,0.99,0.35,0.65
Taiyuan City,Largecities,1,山西省,168.37,149.0428067,5800.813542,132,11521.32266,85,677.8637974,104,0.290276694,10086.97021,159,20034.29996,102,1178.729825,125,0.858933497,18691.5103,415,37124.26191,267,2184.227792,326,10.53799573,9668.022569,159,19202.20444,102,1129.772996,125,0.30217328,11279.35966,658,22402.57184,423,1318.068495,517,7.337814143,24170.05642,850,48005.51109,546,2824.432489,668,0.000393483,0.000119586,0.000273655,0.6,0.73,0.26,0.01,0.511610526,0.441389474,0.047,1,1,0.02,0.473443158,0.471524399,0.035032444,1,0.74,0.26,0.92,0.08,0.96,0.04,0.15,0.85,1,1,0,0.01,0.99,0.35,0.65
Tai'an City,Medium-small-cities,1,山东省,85.3328,75.04281832,3140.834262,132,14249.5804,85,609.5853388,104,0.147214765,5461.5618,159,24778.43703,102,1060.001173,125,0.486065708,10120.46596,415,45915.31462,267,1964.219425,326,6.253507007,5234.72377,159,23749.30066,102,1015.975565,125,0.293328173,6107.177732,658,27707.51744,423,1185.304826,517,3.109866024,13086.80943,850,59373.25166,546,2539.938912,668,5.34E-05,0.00041576,0,0.6,0.73,0.26,0.01,0.52,0.44,0.04,1,1,0.02,0.686,0.147,0.147,1,0.74,0.26,0.92,0.08,0.96,0.04,0.15,0.85,1,1,0,0.01,0.99,0.35,0.65
Taizhou City (Jiangsu),Largecities,1,江苏省,82.87,76.71147554,3983.383495,132,13374.81476,85,641.8017491,104,0.171928558,6926.661299,159,23257.31677,102,1116.02193,125,0.501422021,12835.34682,415,43096.62533,267,2068.027858,326,2.812228887,6638.972491,159,22291.35793,102,1069.669582,125,0.486623107,7745.467906,658,26006.58425,423,1247.947845,517,2.186321885,16597.43123,850,55728.39482,546,2674.173954,668,0.000111883,0.000157175,0,0.6,0.73,0.26,0.01,0.531673684,0.421326316,0.047,1,1,0.02,0.473443158,0.471524399,0.035032444,1,0.74,0.26,0.92,0.08,0.96,0.04,0.15,0.85,1,1,0,0.01,0.99,0.35,0.65
Tangshan City,Largecities,1,河北省,213.8,185.1401856,3950.672099,132,13442.34603,85,606.9818706,104,0.286663294,6869.779817,159,23374.74615,102,1055.474031,125,0.879535108,12729.94343,415,43314.2261,267,1955.830472,326,17.53336949,6584.453498,159,22403.91005,102,1011.636451,125,0.575932619,7681.862415,658,26137.89506,423,1180.242526,517,9.384313845,16461.13375,850,56009.77513,546,2529.091128,668,0.000185099,0.0002233,1.21E-05,0.6,0.73,0.26,0.01,0.531673684,0.421326316,0.047,1,1,0.02,0.473443158,0.471524399,0.035032444,1,0.74,0.26,0.92,0.08,0.96,0.04,0.15,0.85,1,0.9,0.1,0.01,0.99,0.35,0.65
Tianjin,Extra-large-cities,1,天津市,306.93,267.33,5872.427473,132,10682.6184,85,1444.954128,104,1.2,10211.49888,159,18575.88644,102,2512.614679,125,2.74,18922.2663,415,34421.77039,267,4655.963303,326,26.57,9787.379122,159,17804.364,102,2408.256881,125,1.01,11418.60898,658,20771.758,423,2809.633028,517,8.08,24468.44781,850,44510.90999,546,6020.642202,668,0.000294148,0.00027155,0.001064107,0.6,0.7065625,0.2624375,0.031,0.4505,0.4505,0.099,1,1,0.02,0.014,0.9358125,0.0301875,1,0.74,0.26,0.92,0.08,0.96,0.04,0.15,0.85,1,0.9,0.1,0.01,0.99,0.35,0.65
Tianshui City,Medium-small-cities,1,甘肃省,30.44,24.84639343,3280.462675,132,14144.29476,85,575.2425692,104,0.096379947,5704.360096,159,24595.35699,102,1000.282912,125,0.213285254,10570.37973,415,45576.06088,267,1853.55939,326,4.090793316,5467.437792,159,23573.82459,102,958.7376153,125,0.231133392,6378.677424,658,27502.79536,423,1118.527218,517,0.962014658,13668.59448,850,58934.56148,546,2396.844038,668,0.000808934,0.000799579,0.000157728,0.6,0.73,0.26,0.01,0.52,0.44,0.04,1,1,0.02,0.686,0.147,0.147,1,0.74,0.26,0.92,0.08,0.96,0.04,0.15,0.85,1,1,0,0.01,0.99,0.35,0.65
Tieling City,Medium-small-cities,1,辽宁省,37.023,32.2403063,3349.463476,132,14174.77601,85,475.7605189,104,0.173664788,5824.344822,159,24648.3605,102,827.2946801,125,0.32400147,10792.71564,415,45674.27824,267,1533.006117,326,2.68186817,5582.439126,159,23624.62668,102,792.9341982,125,0.19180887,6512.845648,658,27562.06445,423,925.0898979,517,1.411350404,13956.09782,850,59061.56669,546,1982.335496,668,0.00037987,0.000326772,0,0.6,0.73,0.26,0.01,0.54,0.42,0.04,1,1,0.02,0.686,0.147,0.147,1,0.74,0.26,0.92,0.08,0.96,0.04,0.15,0.85,1,1,0,0.01,0.99,0.35,0.65
Tonghua City,Medium-small-cities,1,吉林省,25.0754,22.17873393,3066.361534,132,14431.97186,85,501.6666072,104,0.074831936,5332.062,159,25095.59551,102,872.3424891,125,0.20159947,9880.498275,415,46503.02044,267,1616.48129,326,1.665289804,5110.602556,159,24053.28643,102,836.1110119,125,0.102195853,5962.369649,658,28062.1675,423,975.4628473,517,0.852749004,12776.50639,850,60133.21608,546,2090.27753,668,7.85E-05,0.000239512,1.69E-05,0.6,0.73,0.26,0.01,0.54,0.42,0.04,1,1,0.02,0.686,0.147,0.147,1,0.74,0.26,0.92,0.08,0.96,0.04,0.15,0.85,1,1,0,0.01,0.99,0.35,0.65
Tongliao City,Largecities,1,内蒙古自治区,133.838,117.3420898,3022.894631,132,14270.18342,85,706.921944,104,0.282240545,5256.477886,159,24814.2634,102,1229.258714,125,0.709100213,9740.438256,415,45981.70215,267,2277.859597,326,10.35659521,5038.157719,159,23783.63904,102,1178.20324,125,0.342887274,5877.850672,658,27747.57888,423,1374.570447,517,4.805086967,12595.3943,850,59459.0976,546,2945.5081,668,0.000881663,0.000228869,0.00011376,0.6,0.73,0.26,0.01,0.531673684,0.421326316,0.047,1,1,0.02,0.473443158,0.471524399,0.035032444,1,0.74,0.26,0.92,0.08,0.96,0.04,0.15,0.85,1,1,0,0.01,0.99,0.35,0.65
Tongchuan City,Medium-small-cities,1,陕西省,9.8757,8.855825896,3202.027516,132,13781.31789,85,1016.654598,104,0.025301939,5567.97007,159,23964.18055,102,1767.849385,125,0.062813536,10317.64422,415,44406.46874,267,3275.887038,326,0.649024167,5336.712527,159,22968.86314,102,1694.42433,125,0.024272209,6226.164615,658,26797.007,423,1976.828385,517,0.258462253,13341.78132,850,57422.15786,546,4236.060825,668,0.000191516,0.000530181,0,0.6,0.73,0.26,0.01,0.54,0.42,0.04,1,1,0.02,0.686,0.147,0.147,1,0.74,0.26,0.92,0.08,0.96,0.04,0.15,0.85,1,1,0,0.01,0.99,0.35,0.65
Tongling City,Medium-small-cities,1,安徽省,19.7746,16.93617942,3753.720078,132,13691.17964,85,555.1002804,104,0.054067239,6527.302135,159,23807.44016,102,965.2577097,125,0.124332759,12095.32025,415,44116.02329,267,1788.656459,326,1.684621329,6256.200129,159,22818.63274,102,925.1671339,125,0.069389938,7298.900151,658,26621.73819,423,1079.361656,517,0.906009314,15640.50032,850,57046.58184,546,2312.917835,668,0.000808203,0.000232769,0,0.6,0.73,0.26,0.01,0.52,0.44,0.04,1,1,0.02,0.686,0.147,0.147,1,0.74,0.26,0.92,0.08,0.96,0.04,0.15,0.85,1,1,0,0.01,0.99,0.35,0.65
Tongren City,Medium-small-cities,1,贵州省,34.9589,30.2681002,2557.963056,132,14943.14901,85,498.8879294,104,0.124744782,4448.013536,159,25984.47579,102,867.5106772,125,0.205267868,8242.325402,415,48150.14683,267,1607.527773,326,3.556216312,4263.27176,159,24905.24836,102,831.4798823,125,0.193387413,4973.817053,658,29056.12308,423,970.0598627,517,0.611183427,10658.1794,850,62263.1209,546,2078.699706,668,0.000831611,0.000847259,0.00023046,0.6,0.717,0.273,0.01,0.498,0.462,0.04,1,1,0.02,0.686,0.147,0.147,1,0.74,0.26,0.92,0.08,0.96,0.04,0.15,0.85,1,1,0,0.01,0.99,0.35,0.65
Turpan City,Medium-small-cities,1,新疆维吾尔族自治区,10.01,8.291996903,2511.189766,132,15233.95906,85,254.8511704,104,0.051366557,4366.679982,159,26490.16215,102,443.1578686,125,0.069645647,8091.611469,415,49087.20143,267,821.1871047,326,1.12751907,4185.316277,159,25389.93177,102,424.7519507,125,0.066637696,4882.86899,658,29621.58707,423,495.5439425,517,0.402834127,10463.29069,850,63474.82943,546,1061.879877,668,0.000924632,0.001071334,0,0.6,0.73,0.26,0.01,0.52,0.44,0.04,1,1,0.02,0.686,0.147,0.147,1,0.74,0.26,0.92,0.08,0.96,0.04,0.15,0.85,1,1,0,0.01,0.99,0.35,0.65
Weihai City,Largecities,1,山东省,80.9722,71.20804771,4453.251666,132,12842.99095,85,703.7573796,104,0.139691929,7743.709842,159,22332.53427,102,1223.755888,125,0.461227216,14349.36648,415,41382.97085,267,2267.662667,326,5.933945916,7422.086111,159,21404.98492,102,1172.928966,125,0.27833878,8659.100462,658,24972.48241,423,1368.417127,517,2.950948448,18555.21528,850,53512.46231,546,2932.322415,668,0.000187056,0.000692303,0.000276794,0.6,0.73,0.26,0.01,0.511610526,0.441389474,0.047,1,1,0.02,0.473443158,0.471524399,0.035032444,1,0.74,0.26,0.92,0.08,0.96,0.04,0.15,0.85,1,0.9,0.1,0.01,0.99,0.35,0.65
Weifang City,Largecities,1,山东省,246.0261,216.3586795,3336.153397,132,14126.10438,85,537.7422264,104,0.424440245,5801.200073,159,24563.72594,102,935.0739826,125,1.401393727,10749.82761,415,45517.44744,267,1732.724952,326,18.02971355,5560.255661,159,23543.50729,102,896.237044,125,0.845705127,6486.964938,658,27467.42518,423,1045.609885,517,8.966167868,13900.63915,850,58858.76824,546,2240.59261,668,7.01E-05,0.000494418,5.72E-06,0.6,0.73,0.26,0.01,0.531673684,0.421326316,0.047,1,1,0.02,0.473443158,0.471524399,0.035032444,1,0.74,0.26,0.92,0.08,0.96,0.04,0.15,0.85,1,0.9,0.1,0.01,0.99,0.35,0.65
Weinan City,Medium-small-cities,1,陕西省,59.7456,53.57560797,2273.408051,132,15367.44233,85,359.1496205,104,0.153070623,3953.204001,159,26722.27471,102,624.5212846,125,0.380006721,7325.425944,415,49517.31417,267,1157.259888,326,3.926439467,3789.013419,159,25612.40388,102,598.5827009,125,0.146841005,4420.515656,658,29881.13786,423,698.3464844,517,1.563634212,9472.533548,850,64031.0097,546,1496.456752,668,0.001010014,0.000323803,0,0.6,0.73,0.26,0.01,0.52,0.44,0.04,1,1,0.02,0.686,0.147,0.147,1,0.74,0.26,0.92,0.08,0.96,0.04,0.15,0.85,1,1,0,0.01,0.99,0.35,0.65
Wenzhou City,Largecities,1,浙江省,234.9526,212.5071047,3026.124377,132,14354.7164,85,619.1592187,104,0.45407501,5262.094056,159,24961.25686,102,1076.649086,125,1.064238305,9750.845216,415,46254.08619,267,1995.068594,326,16.70570341,5043.540629,159,23924.52734,102,1031.932031,125,0.554822903,5884.130734,658,27911.94856,423,1203.920703,517,3.666655705,12608.85157,850,59811.31835,546,2579.830078,668,0.00025638,6.52E-05,0.000350366,0.6,0.704,0.286,0.01,0.489541053,0.463458947,0.047,1,1,0.02,0.473443158,0.471524399,0.035032444,1,0.74,0.26,0.92,0.08,0.96,0.04,0.15,0.85,1,0.9,0.1,0.01,0.99,0.35,0.65
Wuhai City,Medium-small-cities,1,内蒙古自治区,21.65,18.98157656,4893.926174,132,9947.399329,85,3158.674497,104,0.045656001,8509.993848,159,17297.42217,102,5492.583986,125,0.114705985,15769.31767,415,32052.73117,267,10177.95116,326,1.675311095,8156.543624,159,16578.99888,102,5264.457494,125,0.055466381,9515.967562,658,19342.16536,423,6141.867077,517,0.777283976,20391.35906,850,41447.4972,546,13161.14374,668,0.000482773,0.000183414,3.81E-05,0.6,0.73,0.26,0.01,0.52,0.44,0.04,1,1,0.02,0.686,0.147,0.147,1,0.74,0.26,0.92,0.08,0.96,0.04,0.15,0.85,1,1,0,0.01,0.99,0.35,0.65
Ulanqab City,Medium-small-cities,1,内蒙古自治区,15.4501,13.54583169,2982.654877,132,14578.28445,85,439.0606721,104,0.032581514,5186.505425,159,25350.01685,102,763.4777242,125,0.081857688,9610.776826,415,46974.47212,267,1414.751054,326,1.195553069,4971.091462,159,24297.14075,102,731.7677868,125,0.0395825,5799.606705,658,28346.66421,423,853.7290845,517,0.554693541,12427.72865,850,60742.85188,546,1829.419467,668,0.000430159,0.000231662,6.29E-06,0.6,0.73,0.26,0.01,0.52,0.44,0.04,1,1,0.02,0.686,0.147,0.147,1,0.74,0.26,0.92,0.08,0.96,0.04,0.15,0.85,1,1,0,0.01,0.99,0.35,0.65
ürümqi City,Largecities,1,新疆维吾尔族自治区,123.58,102.3701276,8627.79661,132,7682.033898,85,1690.169492,104,0.634153761,15002.77966,159,13358.20339,102,2939.016949,125,0.85982109,27800.67797,415,24753.22034,267,5446.101695,326,13.9199607,14379.66102,159,12803.38983,102,2816.949153,125,0.82268596,16776.27119,658,14937.28814,423,3286.440678,517,4.97325089,35949.15254,850,32008.47458,546,7042.372881,668,0.000879817,0.000566392,0.002320186,0.6,0.73,0.26,0.01,0.511610526,0.441389474,0.047,1,1,0.02,0.473443158,0.471524399,0.035032444,1,0.74,0.26,0.92,0.08,0.96,0.04,0.15,0.85,1,1,0,0.01,0.99,0.35,0.65
Wuxi City,Extra-large-cities,1,江苏省,209.71,194.1252991,6111.603303,132,10760.66071,85,1127.735988,104,0.435080702,10627.39908,159,18711.59334,102,1961.007579,125,1.268893593,19692.94398,415,34673.24006,267,3633.81596,326,7.116598526,10186.00551,159,17934.43451,102,1879.55998,125,1.231443608,11883.67309,658,20923.50693,423,2192.819976,517,5.532684476,25465.01376,850,44836.08629,546,4698.899949,668,7.75E-05,0.000145443,5.96E-05,0.6,0.73684375,0.23215625,0.031,0.542647727,0.358352273,0.099,1,1,0.02,0.014,0.9358125,0.0301875,1,0.74,0.26,0.92,0.08,0.96,0.04,0.15,0.85,1,1,0,0.01,0.99,0.35,0.65
Wuhu City,Largecities,1,安徽省,61.5052,52.67682292,3554.497161,132,13990.47445,85,455.0283935,104,0.168166048,6180.875618,159,24327.88056,102,791.2438175,125,0.386713826,11453.37974,415,45080.41766,267,1466.202601,326,5.239700007,5924.161934,159,23317.45741,102,758.3806558,125,0.215824442,6911.522257,658,27203.70031,423,884.7774318,517,2.817972756,14810.40484,850,58293.64352,546,1895.951639,668,4.30E-05,0.000141027,0,0.6,0.73,0.26,0.01,0.531673684,0.421326316,0.047,1,1,0.02,0.473443158,0.471524399,0.035032444,1,0.74,0.26,0.92,0.08,0.96,0.04,0.15,0.85,1,1,0,0.01,0.99,0.35,0.65
Wuzhong City,Medium-small-cities,1,宁夏回族自治区,32.2,25.07092452,5444.501678,132,11717.63403,85,837.8642889,104,0.076016079,9467.383473,159,20375.66362,102,1456.952902,125,0.203394372,17543.39429,415,37756.82077,267,2699.784931,326,5.064314426,9074.169463,159,19529.39006,102,1396.440481,125,0.168468066,10586.53104,658,22784.2884,423,1629.180562,517,1.616882537,22685.42366,850,48823.47514,546,3491.101204,668,0.001989978,0.000235251,0,0.6,0.73,0.26,0.01,0.52,0.44,0.04,1,1,0.02,0.686,0.147,0.147,1,0.74,0.26,0.92,0.08,0.96,0.04,0.15,0.85,1,1,0,0.01,0.99,0.35,0.65
Wuzhou City,Medium-small-cities,1,广西壮族自治区,27.4065,23.77870034,3273.725685,132,14042.73649,85,683.5378293,104,0.06743122,5692.645219,159,24418.75844,102,1188.596336,125,0.160200233,10548.67165,415,45248.81756,267,2202.510783,326,2.34170238,5456.209475,159,23404.56081,102,1139.229715,125,0.202702335,6365.577721,658,27305.32094,423,1329.101335,517,0.855763488,13640.52369,850,58511.40202,546,2848.074289,668,0.001902087,0.000484202,0.000865009,0.6,0.717,0.273,0.01,0.498,0.462,0.04,1,1,0.02,0.686,0.147,0.147,1,0.74,0.26,0.92,0.08,0.96,0.04,0.15,0.85,1,1,0,0.01,0.99,0.35,0.65
Wuhan City,Extra-large-cities,1,湖北省,334.439,294.4194891,6342.295014,132,10654.25671,85,1003.448275,104,1.082453326,11028.54633,159,18526.56861,102,1744.885056,125,2.407188624,20436.28393,415,34330.38274,267,3233.33333,326,24.91987314,10570.49169,159,17757.09452,102,1672.413791,125,2.270416543,12332.24031,658,20716.61027,423,1951.149423,517,9.339579239,26426.22923,850,44392.7363,546,4181.034478,668,0.000331915,0.000114585,0.000341765,0.6,0.73684375,0.23215625,0.031,0.542647727,0.358352273,0.099,1,1,0.02,0.014,0.9358125,0.0301875,1,0.74,0.26,0.92,0.08,0.96,0.04,0.15,0.85,1,1,0,0.01,0.99,0.35,0.65
Wuwei City,Medium-small-cities,1,甘肃省,21.96,17.92466491,3159.468012,132,14207.0805,85,633.4514921,104,0.069530343,5493.963821,159,24704.53442,102,1101.501761,125,0.153868074,10180.50804,415,45778.37049,267,2041.121475,326,2.951176781,5265.78002,159,23678.46749,102,1055.752487,125,0.166744063,6143.410024,658,27624.87874,423,1231.711235,517,0.694015831,13164.45005,850,59196.16873,546,2639.381217,668,0.001148011,0.000522487,0,0.6,0.73,0.26,0.01,0.52,0.44,0.04,1,1,0.02,0.686,0.147,0.147,1,0.74,0.26,0.92,0.08,0.96,0.04,0.15,0.85,1,1,0,0.01,0.99,0.35,0.65
Xi'an City,Extra-large-cities,1,陕西省,341.2616,306.0191495,3816.225908,132,13415.95697,85,767.8171224,104,0.874325903,6635.992828,159,23328.85851,102,1335.148663,125,2.170564888,12296.72792,415,43229.19468,267,2474.077394,326,22.42747608,6360.376513,159,22359.92828,102,1279.695204,125,0.838742872,7420.439265,658,26086.583,423,1492.977738,517,8.931340769,15900.94128,850,55899.82071,546,3199.23801,668,0.000571772,0.000179852,0.001630731,0.6,0.7065625,0.2624375,0.031,0.4505,0.4505,0.099,1,1,0.02,0.014,0.9358125,0.0301875,1,0.74,0.26,0.92,0.08,0.96,0.04,0.15,0.85,1,1,0,0.01,0.99,0.35,0.65
Xining City,Medium-small-cities,1,青海省,49.0554,40.5603497,3162.472111,132,14311.06507,85,526.4628203,104,0.239879707,5499.187615,159,24885.35204,102,915.4603486,125,0.384634702,10190.18791,415,46113.43189,267,1696.380199,326,6.133475946,5270.786852,159,23851.77511,102,877.4380338,125,0.306053419,6149.251327,658,27827.07097,423,1023.677706,517,1.431006526,13176.96713,850,59629.43779,546,2193.595084,668,0.004893939,0.000343406,0.000315778,0.6,0.73,0.26,0.01,0.52,0.44,0.04,1,1,0.02,0.686,0.147,0.147,1,0.74,0.26,0.92,0.08,0.96,0.04,0.15,0.85,1,1,0,0.01,0.99,0.35,0.65
Xishuangbanna Dai Autonomous Prefecture,Medium-small-cities,1,云南省,20.74,17.63163825,1876.57563,132,15539.65336,85,583.7710084,104,0.058097597,3263.156513,159,27021.73057,102,1015.11292,125,0.088690051,6046.743697,415,50072.21639,267,1881.039916,326,2.369932879,3127.62605,159,25899.42227,102,972.9516807,125,0.13977103,3648.897059,658,30215.99265,423,1135.110294,517,0.451870196,7819.065126,850,64748.55567,546,2432.379202,668,0.00042959,0.000278234,0.000443635,0.6,0.73,0.26,0.01,0.52,0.44,0.04,1,1,0.02,0.686,0.147,0.147,1,0.74,0.26,0.92,0.08,0.96,0.04,0.15,0.85,1,1,0,0.01,0.99,0.35,0.65
Xianning City,Medium-small-cities,1,湖北省,26.43,23.26734351,2812.923363,132,14717.59064,85,469.4859948,104,0.085543975,4891.361181,159,25592.25484,102,816.3839799,125,0.190234977,9063.86417,415,47423.34762,267,1512.788206,326,1.96936436,4688.205605,159,24529.31774,102,782.476658,125,0.179426171,5469.573206,658,28617.53736,423,912.8894344,517,0.738087003,11720.51401,850,61323.29434,546,1956.191645,668,7.94E-05,0.000286772,0,0.6,0.73,0.26,0.01,0.52,0.44,0.04,1,1,0.02,0.686,0.147,0.147,1,0.74,0.26,0.92,0.08,0.96,0.04,0.15,0.85,1,1,0,0.01,0.99,0.35,0.65
Xianyang City,Medium-small-cities,1,陕西省,45.2991,40.62101348,3177.837774,132,14260.12443,85,562.0377979,104,0.116058111,5525.906797,159,24796.77192,102,977.3212818,125,0.288121007,10239.6995,415,45949.28982,267,1811.010682,326,2.977025489,5296.396291,159,23766.87405,102,936.7296631,125,0.111334815,6179.129006,658,27728.01972,423,1092.851274,517,1.185547095,13240.99073,850,59417.18512,546,2341.824158,668,0.000885463,0.000350866,0,0.6,0.73,0.26,0.01,0.52,0.44,0.04,1,1,0.02,0.686,0.147,0.147,1,0.74,0.26,0.92,0.08,0.96,0.04,0.15,0.85,1,1,0,0.01,0.99,0.35,0.65
Xiangtan City,Medium-small-cities,1,湖南省,38.4975,34.40577231,1814.954683,132,15539.27492,85,645.7703927,104,0.186956518,3156.004532,159,27021.07251,102,1122.922961,125,0.27355158,5848.187311,415,50070.99698,267,2080.81571,326,2.626272796,3024.924471,159,25898.79154,102,1076.283988,125,0.218930079,3529.07855,658,30215.2568,423,1255.664653,517,0.786016715,7562.311178,850,64746.97885,546,2690.70997,668,0.000118531,0.000377105,0,0.6,0.717,0.273,0.01,0.498,0.462,0.04,1,1,0.02,0.686,0.147,0.147,1,0.74,0.26,0.92,0.08,0.96,0.04,0.15,0.85,1,1,0,0.01,0.99,0.35,0.65
Xiangyang City,Largecities,1,湖北省,79.7164,70.17740683,2596.206347,132,14997.77337,85,406.0202784,104,0.258012021,4514.51437,159,26079.46148,102,706.0241508,125,0.573774025,8365.553784,415,48326.15865,267,1308.287564,326,5.939865193,4327.010578,159,24996.28896,102,676.700464,125,0.541173228,5048.179008,658,29162.33712,423,789.4838747,517,2.226168702,10817.52645,850,62490.72239,546,1691.75116,668,0.000202708,0.00021133,8.05E-05,0.6,0.73,0.26,0.01,0.511610526,0.441389474,0.047,1,1,0.02,0.473443158,0.471524399,0.035032444,1,0.74,0.26,0.92,0.08,0.96,0.04,0.15,0.85,1,1,0,0.01,0.99,0.35,0.65
Xiaogan City,Medium-small-cities,1,湖北省,31.4296,27.6686833,2619.584771,132,14973.46336,85,406.9518663,104,0.101725801,4555.166851,159,26037.18907,102,707.6440786,125,0.226220553,8440.884261,415,48247.82639,267,1311.289347,326,2.341896863,4365.974618,159,24955.77227,102,678.2531104,125,0.213367113,5093.637054,658,29115.06765,423,791.2952955,517,0.877706367,10914.93654,850,62389.43068,546,1695.632776,668,0.000673873,0.000345616,0,0.6,0.73,0.26,0.01,0.52,0.44,0.04,1,1,0.02,0.686,0.147,0.147,1,0.74,0.26,0.92,0.08,0.96,0.04,0.15,0.85,1,1,0,0.01,0.99,0.35,0.65
Xinzhou City,Medium-small-cities,1,山西省,40.2784,35.65484221,3799.965748,132,13284.46652,85,915.5677342,104,0.069441592,6607.718217,159,23100.21122,102,1592.07056,125,0.205478808,12244.33408,415,42805.50323,267,2950.162699,326,2.520957459,6333.276246,159,22140.77753,102,1525.946224,125,0.072287559,7388.822287,658,25830.90712,423,1780.270594,517,1.755392369,15833.19061,850,55351.94383,546,3814.865559,668,0.000219034,0.000264323,2.45E-05,0.6,0.73,0.26,0.01,0.54,0.42,0.04,1,1,0.02,0.686,0.147,0.147,1,0.74,0.26,0.92,0.08,0.96,0.04,0.15,0.85,1,1,0,0.01,0.99,0.35,0.65
Xinxiang City,Medium-small-cities,1,河南省,105.0265,92.69938151,4945.34712,132,12697.04579,85,357.6070901,104,0.238796213,8599.409158,159,22078.75185,102,621.8389956,125,0.518155071,15935.00739,415,40912.7031,267,1152.289513,326,7.532221378,8242.245199,159,21161.74298,102,596.0118168,125,0.259077535,9615.952733,658,24688.70015,423,695.3471196,517,3.778868295,20605.613,850,52904.35746,546,1490.029542,668,0.000270396,0.000104613,0,0.6,0.73,0.26,0.01,0.54,0.42,0.04,1,1,0.02,0.686,0.147,0.147,1,0.74,0.26,0.92,0.08,0.96,0.04,0.15,0.85,1,1,0,0.01,0.99,0.35,0.65
Xinyu City,Medium-small-cities,1,江西省,19.2386,16.54142562,3059.04059,132,14468.63469,85,472.3247232,104,0.045038694,5319.331693,159,25159.34809,102,821.3202132,125,0.097476603,9856.908569,415,46621.15621,267,1521.935219,326,1.56059076,5098.400984,159,24114.39114,102,787.2078721,125,0.122891295,5948.134481,658,28133.45633,423,918.4091841,517,0.871177031,12746.00246,850,60285.97786,546,1968.01968,668,0.001126646,0.000338398,0,0.6,0.704,0.286,0.01,0.476,0.484,0.04,1,1,0.02,0.686,0.147,0.147,1,0.74,0.26,0.92,0.08,0.96,0.04,0.15,0.85,1,1,0,0.01,0.99,0.35,0.65
Xinyang City,Medium-small-cities,1,河南省,66.5127,58.70600422,2815.016403,132,14787.72741,85,397.2561885,104,0.151228318,4895.000746,159,25714.21488,102,690.7843722,125,0.328144733,9070.60841,415,47649.34387,267,1280.047718,326,4.770114027,4691.694005,159,24646.21235,102,662.0936475,125,0.164072366,5473.643006,658,28753.91441,423,772.4425887,517,2.393136335,11729.23501,850,61615.53087,546,1655.234119,668,8.07E-05,0.000235703,8.40E-05,0.6,0.73,0.26,0.01,0.54,0.42,0.04,1,1,0.02,0.686,0.147,0.147,1,0.74,0.26,0.92,0.08,0.96,0.04,0.15,0.85,1,1,0,0.01,0.99,0.35,0.65
Xingtai City,Medium-small-cities,1,河北省,141.2,122.27219,2427.314684,132,15108.35435,85,464.330962,104,0.189321128,4220.830534,159,26271.74952,102,807.4199506,125,0.580871643,7821.347315,415,48682.47514,267,1496.177544,326,11.57956863,4045.524473,159,25180.59059,102,773.8849366,125,0.380363357,4719.778552,658,29377.35569,423,902.8657594,517,6.19768529,10113.81118,850,62951.47647,546,1934.712342,668,0.000270192,0.000302635,0,0.6,0.73,0.26,0.01,0.52,0.44,0.04,1,1,0.02,0.686,0.147,0.147,1,0.74,0.26,0.92,0.08,0.96,0.04,0.15,0.85,1,1,0,0.01,0.99,0.35,0.65
Xuzhou City,Largecities,1,江苏省,151.4,140.1486352,3448.237052,132,13890.54183,85,661.2211215,104,0.314106234,5996.101096,159,24154.10884,102,1149.790061,125,0.916076915,11110.98606,415,44758.41255,267,2130.601391,326,5.137823742,5747.061753,159,23150.90304,102,1102.035202,125,0.889039923,6704.905379,658,27009.38689,423,1285.707736,517,3.994318009,14367.65438,850,57877.25761,546,2755.088006,668,2.93E-05,0.000170228,0.000460438,0.6,0.73,0.26,0.01,0.531673684,0.421326316,0.047,1,1,0.02,0.473443158,0.471524399,0.035032444,1,0.74,0.26,0.92,0.08,0.96,0.04,0.15,0.85,1,1,0,0.01,0.99,0.35,0.65
Xuchang City,Largecities,1,河南省,70.6631,62.36926552,4035.133247,132,13460.02595,85,504.8408025,104,0.160664982,7016.648368,159,23405.48957,102,877.8620621,125,0.348621001,13002.09602,415,43371.19473,267,1626.709252,326,5.067769682,6725.222078,159,22433.37658,102,841.4013375,125,0.174310501,7846.092424,658,26172.27268,423,981.6348937,517,2.542468312,16813.0552,850,56083.44146,546,2103.503344,668,0.000133785,9.37E-05,0,0.6,0.73,0.26,0.01,0.531673684,0.421326316,0.047,1,1,0.02,0.473443158,0.471524399,0.035032444,1,0.74,0.26,0.92,0.08,0.96,0.04,0.15,0.85,1,1,0,0.01,0.99,0.35,0.65
Xuancheng City,Medium-small-cities,1,安徽省,43.3812,37.15431851,5051.580699,132,12440.69408,85,507.7252199,104,0.11861184,8784.137549,159,21632.98471,102,882.8777434,125,0.272759211,16277.31559,415,40086.68093,267,1636.003486,326,3.695695225,8419.301165,159,20734.49014,102,846.2086998,125,0.152226531,9822.518026,658,24190.23849,423,987.2434831,517,1.987588687,21048.25291,850,51836.22534,546,2115.521749,668,0.001873347,0.000148855,0,0.6,0.717,0.273,0.01,0.498,0.462,0.04,1,1,0.02,0.686,0.147,0.147,1,0.74,0.26,0.92,0.08,0.96,0.04,0.15,0.85,1,1,0,0.01,0.99,0.35,0.65
Ya'an City,Medium-small-cities,1,四川省,32.12,28.77523309,2486.06063,132,14886.73481,85,627.2045593,104,0.059001527,4322.983206,159,25886.37775,102,1090.639039,125,0.207717703,8010.639807,415,47968.36772,267,2020.992469,326,2.146685679,4143.434383,159,24811.22468,102,1045.340932,125,0.168383352,4834.00678,658,28946.4288,423,1219.564421,517,0.762978645,10358.58596,850,62028.06171,546,2613.35233,668,0.000235587,0.00063406,0,0.6,0.717,0.273,0.01,0.498,0.462,0.04,1,1,0.02,0.686,0.147,0.147,1,0.74,0.26,0.92,0.08,0.96,0.04,0.15,0.85,1,1,0,0.01,0.99,0.35,0.65
Yantai City,Largecities,1,山东省,174.1372,153.1386086,3239.599538,132,14113.59176,85,646.8086992,104,0.300418678,5633.30364,159,24541.9679,102,1124.72846,125,0.991906061,10438.70962,415,45477.12901,267,2084.161364,326,12.76142586,5399.332563,159,23522.65294,102,1078.014499,125,0.598589836,6299.221323,658,27443.09509,423,1257.683582,517,6.346250936,13498.33141,850,58806.63235,546,2695.036247,668,3.89E-05,0.000137396,0.000206905,0.6,0.73,0.26,0.01,0.511610526,0.441389474,0.047,1,1,0.02,0.473443158,0.471524399,0.035032444,1,0.74,0.26,0.92,0.08,0.96,0.04,0.15,0.85,1,0.9,0.1,0.01,0.99,0.35,0.65
Yan'an City,Medium-small-cities,1,陕西省,37.3688,33.50968405,4153.316201,132,13017.98896,85,828.6948439,104,0.095740364,7222.155394,159,22636.83635,102,1441.008256,125,0.23768102,13382.90776,415,41946.8533,267,2670.238941,326,2.455851664,6922.193668,159,21696.64826,102,1381.158073,125,0.091843954,8075.892613,658,25312.7563,423,1611.351085,517,0.977998951,17305.48417,850,54241.62065,546,3452.895183,668,0.000522876,0.000303525,2.01E-05,0.6,0.73,0.26,0.01,0.52,0.44,0.04,1,1,0.02,0.686,0.147,0.147,1,0.74,0.26,0.92,0.08,0.96,0.04,0.15,0.85,1,1,0,0.01,0.99,0.35,0.65
Yancheng City,Largecities,1,江苏省,136.38,126.2448538,2738.151701,132,14731.49986,85,530.3484372,104,0.282944572,4761.341568,159,25616.44143,102,922.2170048,125,0.825195309,8822.933258,415,47468.16622,267,1708.90052,326,4.628113619,4563.586168,159,24552.49977,102,883.9140621,125,0.800840586,5324.183863,658,28644.58307,423,1031.233072,517,3.598052114,11408.96542,850,61381.24943,546,2209.785155,668,7.06E-05,0.000123293,4.75E-05,0.6,0.73,0.26,0.01,0.531673684,0.421326316,0.047,1,1,0.02,0.473443158,0.471524399,0.035032444,1,0.74,0.26,0.92,0.08,0.96,0.04,0.15,0.85,1,0.9,0.1,0.01,0.99,0.35,0.65
Yangzhou City,Largecities,1,江苏省,82.73,76.58187971,4736.212373,132,12537.37217,85,726.4154598,104,0.171638103,8235.747071,159,21801.09716,102,1263.155772,125,0.500574922,15261.12876,415,40398.19921,267,2340.672037,326,2.807477927,7893.687288,159,20895.62028,102,1210.692433,125,0.48580101,9209.301836,658,24378.22366,423,1412.474505,517,2.182628328,19734.21822,850,52239.0507,546,3026.731083,668,0.000109751,0.00012455,0.000306371,0.6,0.73,0.26,0.01,0.511610526,0.441389474,0.047,1,1,0.02,0.473443158,0.471524399,0.035032444,1,0.74,0.26,0.92,0.08,0.96,0.04,0.15,0.85,1,1,0,0.01,0.99,0.35,0.65
Yangjiang City,Medium-small-cities,1,广东省,42.9027,38.08885444,3458.124968,132,13721.161,85,820.7140363,104,0.095114808,6013.295083,159,23859.5744,102,1427.130519,125,0.324019512,11142.84712,415,44212.62988,267,2644.523006,326,3.404147879,5763.541613,159,22868.60166,102,1367.856727,125,0.205958719,6724.131882,658,26680.03527,423,1595.832848,517,0.784604643,14408.85403,850,57171.50415,546,3419.641818,668,0.000731967,0.000631084,0,0.6,0.704,0.286,0.01,0.476,0.484,0.04,1,1,0.02,0.686,0.147,0.147,1,0.74,0.26,0.92,0.08,0.96,0.04,0.15,0.85,1,0.9,0.1,0.01,0.99,0.35,0.65
Yangquan City,Medium-small-cities,1,山西省,25.2758,22.37439076,3635.918082,132,13475.58201,85,888.4999125,104,0.043576502,6322.457553,159,23432.53982,102,1545.002626,125,0.128943584,11715.73604,415,43421.3198,267,2862.944162,326,1.581969903,6059.863469,159,22459.30334,102,1480.833187,125,0.045362424,7069.840714,658,26202.52057,423,1727.638719,517,1.101556826,15149.65867,850,56148.25836,546,3702.082969,668,0.000534359,0.000362749,0,0.6,0.73,0.26,0.01,0.52,0.44,0.04,1,1,0.02,0.686,0.147,0.147,1,0.74,0.26,0.92,0.08,0.96,0.04,0.15,0.85,1,1,0,0.01,0.99,0.35,0.65
Yichun City (Heilongjiang),Medium-small-cities,1,黑龙江省,8.5064,7.25321612,3562.86611,132,13971.92696,85,465.2069302,104,0.034810663,6195.42829,159,24295.62855,102,808.943162,125,0.084540182,11480.34635,415,45020.65354,267,1499.000108,326,0.723896032,5938.110183,159,23286.54493,102,775.3448837,125,0.069455562,6927.795213,658,27167.63576,423,904.569031,517,0.34048144,14845.27546,850,58216.36233,546,1938.362209,668,0.000144443,0.000200353,0,0.6,0.73,0.26,0.01,0.52,0.44,0.04,1,1,0.02,0.686,0.147,0.147,1,0.74,0.26,0.92,0.08,0.96,0.04,0.15,0.85,1,1,0,0.01,0.99,0.35,0.65
Yibin City,Medium-small-cities,1,四川省,79.81,71.49910813,1961.703767,132,15441.6759,85,596.6203312,104,0.146603731,3411.184884,159,26851.35865,102,1037.456465,125,0.516125463,6321.045472,415,49756.51124,267,1922.443289,326,5.333965879,3269.506279,159,25736.1265,102,994.3672187,125,0.418389643,3814.423992,658,30025.48092,423,1160.095088,517,1.89580715,8173.765697,850,64340.31626,546,2485.918047,668,0.000188577,0.000384308,0.000227791,0.6,0.73,0.26,0.01,0.52,0.44,0.04,1,1,0.02,0.686,0.147,0.147,1,0.74,0.26,0.92,0.08,0.96,0.04,0.15,0.85,1,1,0,0.01,0.99,0.35,0.65
Yichang City,Largecities,1,湖北省,69.3144,61.02012695,2650.214758,132,14927.54892,85,422.2363219,104,0.224344657,4608.428995,159,25957.34896,102,734.2220487,125,0.498903642,8539.580886,415,48099.87985,267,1360.53926,326,5.164786567,4417.024596,159,24879.2482,102,703.7272032,125,0.470556844,5153.195362,658,29025.78957,423,821.0150704,517,1.935681339,11042.56149,850,62198.1205,546,1759.318008,668,0.000701995,0.000216657,5.46E-05,0.6,0.73,0.26,0.01,0.531673684,0.421326316,0.047,1,1,0.02,0.473443158,0.471524399,0.035032444,1,0.74,0.26,0.92,0.08,0.96,0.04,0.15,0.85,1,1,0,0.01,0.99,0.35,0.65
Yichun City (Jiangxi),Medium-small-cities,1,江西省,78.1102,67.15946396,2819.31645,132,14670.63348,85,510.0500689,104,0.182860573,4902.478049,159,25510.60155,102,886.9203976,125,0.395762526,9084.464117,415,47272.04122,267,1643.494667,326,6.336118862,4698.86075,159,24451.0558,102,850.0834482,125,0.498948136,5482.004209,658,28526.23177,423,991.7640229,517,3.537045945,11747.15188,850,61127.6395,546,2125.208621,668,0.000670103,0.000191378,1.44E-05,0.6,0.704,0.286,0.01,0.476,0.484,0.04,1,1,0.02,0.686,0.147,0.147,1,0.74,0.26,0.92,0.08,0.96,0.04,0.15,0.85,1,1,0,0.01,0.99,0.35,0.65
Yiyang City,Medium-small-cities,1,湖南省,45.4055,40.57955178,1690.919138,132,15830.53969,85,478.5411678,104,0.220504037,2940.320501,159,27527.54958,102,832.1299196,125,0.322637736,5448.517222,415,51009.51679,267,1541.965985,326,3.097531774,2818.198563,159,26384.23282,102,797.568613,125,0.258214942,3287.898324,658,30781.60496,423,930.4967152,517,0.927059729,7045.496408,850,65960.58206,546,1993.921533,668,0.000206248,0.000332389,0.00E+00,0.6,0.717,0.273,0.01,0.498,0.462,0.04,1,1,0.02,0.686,0.147,0.147,1,0.74,0.26,0.92,0.08,0.96,0.04,0.15,0.85,1,1,0,0.01,0.99,0.35,0.65
Yinchuan City,Medium-small-cities,1,宁夏回族自治区,92.7,72.17623301,4598.461568,132,12675.79024,85,725.7481947,104,0.218841319,7996.213727,159,22041.7908,102,1261.995472,125,0.585548395,14817.26505,415,40844.21299,267,2338.521961,326,14.57956358,7664.102614,159,21126.31706,102,1209.580324,125,0.484999681,8941.453049,658,24647.36991,423,1411.177045,517,4.654814011,19160.25653,850,52815.79265,546,3023.950811,668,0.001526211,0.00017177,0.000731169,0.6,0.73,0.26,0.01,0.52,0.44,0.04,1,1,0.02,0.686,0.147,0.147,1,0.74,0.26,0.92,0.08,0.96,0.04,0.15,0.85,1,1,0,0.01,0.99,0.35,0.65
Yingtan City,Medium-small-cities,1,江西省,14.3315,12.32228131,2770.320803,132,14871.87562,85,357.803582,104,0.033550885,4817.280063,159,25860.53926,102,622.1806731,125,0.0726137,8926.589254,415,47920.48809,267,1152.922653,326,1.162538151,4617.201338,159,24786.45936,102,596.3393033,125,0.091545985,5386.734895,658,28917.53592,423,695.7291872,517,0.648969968,11543.00335,850,61966.1484,546,1490.848258,668,0.000239698,0.000253602,0,0.6,0.704,0.286,0.01,0.476,0.484,0.04,1,1,0.02,0.686,0.147,0.147,1,0.74,0.26,0.92,0.08,0.96,0.04,0.15,0.85,1,1,0,0.01,0.99,0.35,0.65
Yingkou City,Medium-small-cities,1,辽宁省,46.1484,40.18687171,3918.839761,132,13502.58247,85,578.5777716,104,0.216469549,6814.426918,159,23479.49062,102,1006.082458,125,0.403861098,12627.37256,415,43508.32128,267,1864.306153,326,3.342892932,6531.399602,159,22504.30411,102,964.296286,125,0.23908577,7619.966202,658,26255.02146,423,1125.012334,517,1.759218945,16328.49901,850,56260.76028,546,2410.740715,668,8.29E-05,0.000132671,1.57E-05,0.6,0.73,0.26,0.01,0.52,0.44,0.04,1,1,0.02,0.686,0.147,0.147,1,0.74,0.26,0.92,0.08,0.96,0.04,0.15,0.85,1,0.9,0.1,0.01,0.99,0.35,0.65
Yongzhou City,Medium-small-cities,1,湖南省,47.2512,42.22908056,1545.2617,132,16071.34508,85,383.3932205,104,0.229467363,2687.0384,159,27946.28339,102,666.6782112,125,0.335752722,4979.176588,415,51785.44526,267,1235.378155,326,3.22344415,2575.436166,159,26785.57513,102,638.9887008,125,0.268711188,3004.675527,658,31249.83766,423,745.4868176,517,0.964744022,6438.590415,850,66963.93783,546,1597.471752,668,0.000243248,0.000381484,6.05E-06,0.6,0.704,0.286,0.01,0.476,0.484,0.04,1,1,0.02,0.686,0.147,0.147,1,0.74,0.26,0.92,0.08,0.96,0.04,0.15,0.85,1,1,0,0.01,0.99,0.35,0.65
Yulin City (Shaanxi),Largecities,1,陕西省,72.868,65.34284369,3313.347802,132,13986.50298,85,700.1492132,104,0.186690738,5761.543679,159,24320.97463,102,1217.481687,125,0.463470611,10676.34292,415,45067.62073,267,2256.036354,326,4.78883451,5522.246337,159,23310.83831,102,1166.915355,125,0.179092859,6442.620727,658,27195.97802,423,1361.401248,517,1.907067596,13805.61584,850,58277.09577,546,2917.288388,668,0.000287564,0.0002204,0.000153303,0.6,0.73,0.26,0.01,0.531673684,0.421326316,0.047,1,1,0.02,0.473443158,0.471524399,0.035032444,1,0.74,0.26,0.92,0.08,0.96,0.04,0.15,0.85,1,1,0,0.01,0.99,0.35,0.65
Yulin City (Guangxi),Medium-small-cities,1,广西壮族自治区,66.94,58.07914915,3738.541098,132,13652.41565,85,609.043247,104,0.16469983,6500.907577,159,23740.03389,102,1059.058535,125,0.391286869,12046.41021,415,43991.11711,267,1962.472685,326,5.719575915,6230.901831,159,22754.02609,102,1015.072078,125,0.495097671,7269.385469,658,26546.36377,423,1184.250758,517,2.09019057,15577.25458,850,56885.06523,546,2537.680196,668,0.000349978,0.000277398,0,0.6,0.717,0.273,0.01,0.498,0.462,0.04,1,1,0.02,0.686,0.147,0.147,1,0.74,0.26,0.92,0.08,0.96,0.04,0.15,0.85,1,1,0,0.01,0.99,0.35,0.65
Yuxi City,Medium-small-cities,1,云南省,46.8,39.78595323,1701.652369,132,15835.10853,85,463.2391042,104,0.131097759,2958.984397,159,27535.49427,102,805.5213311,125,0.200129912,5483.102078,415,51024.23859,267,1492.659336,326,5.347775252,2836.087282,159,26391.84754,102,772.0651736,125,0.315394609,3308.768496,658,30790.4888,423,900.7427025,517,1.019649237,7090.218205,850,65979.61886,546,1930.162934,668,0.000433812,0.000199353,0,0.6,0.73,0.26,0.01,0.52,0.44,0.04,1,1,0.02,0.686,0.147,0.147,1,0.74,0.26,0.92,0.08,0.96,0.04,0.15,0.85,1,1,0,0.01,0.99,0.35,0.65
Yueyang City,Largecities,1,湖南省,64.0815,57.27056298,1611.315637,132,15964.05735,85,424.6270103,104,0.311200834,2801.898857,159,27759.72195,102,738.3791901,125,0.455343738,5192.017051,415,51439.74036,267,1368.242589,326,4.371595564,2685.526061,159,26606.76226,102,707.7116838,125,0.364422829,3133.113738,658,31041.22263,423,825.6636311,517,1.308374053,6713.815152,850,66516.90564,546,1769.279209,668,8.98E-05,0.000280795,4.10E-05,0.6,0.73,0.26,0.01,0.531673684,0.421326316,0.047,1,1,0.02,0.473443158,0.471524399,0.035032444,1,0.74,0.26,0.92,0.08,0.96,0.04,0.15,0.85,1,1,0,0.01,0.99,0.35,0.65
Yunfu City,Medium-small-cities,1,广东省,35.9123,31.88280382,3037.773472,132,14171.0528,85,791.173725,104,0.079617169,5282.350537,159,24641.88626,102,1375.7632,125,0.271225026,9788.381186,415,45662.28126,267,2549.337558,326,2.84948919,5062.955786,159,23618.42134,102,1318.622875,125,0.172400602,5906.78175,658,27554.8249,423,1538.393354,517,0.656764197,12657.38946,850,59046.05335,546,3296.557188,668,0.000105644,0.001010173,0,0.6,0.717,0.273,0.01,0.498,0.462,0.04,1,1,0.02,0.686,0.147,0.147,1,0.74,0.26,0.92,0.08,0.96,0.04,0.15,0.85,1,1,0,0.01,0.99,0.35,0.65
Yuncheng City,Medium-small-cities,1,山西省,91.3089,80.8275508,4985.274767,132,12334.60743,85,680.1178019,104,0.157420239,8668.8389,159,21448.51181,102,1182.649289,125,0.465809068,16063.66314,415,39744.84617,267,2191.490695,326,5.714870811,8308.791278,159,20557.67905,102,1133.52967,125,0.163871888,9693.589824,658,23983.95889,423,1322.451281,517,3.979377192,20771.97819,850,51394.19763,546,2833.824174,668,5.49E-05,0.000114804,0.000176528,0.6,0.73,0.26,0.01,0.52,0.44,0.04,1,1,0.02,0.686,0.147,0.147,1,0.74,0.26,0.92,0.08,0.96,0.04,0.15,0.85,1,1,0,0.01,0.99,0.35,0.65
Zaozhuang City,Medium-small-cities,1,山东省,83.1533,73.12613655,4080.476334,132,13232.03037,85,687.4932923,104,0.143454727,7095.494959,159,23009.03059,102,1195.474447,125,0.473651019,13148.20152,415,42636.54231,267,2215.256164,326,6.093785089,6800.79389,159,22053.38396,102,1145.822154,125,0.285836227,7934.259538,658,25728.94795,423,1336.792513,517,3.030436391,17001.98473,850,55133.45989,546,2864.555385,668,0.000348992,0.000600202,0,0.6,0.73,0.26,0.01,0.52,0.44,0.04,1,1,0.02,0.686,0.147,0.147,1,0.74,0.26,0.92,0.08,0.96,0.04,0.15,0.85,1,1,0,0.01,0.99,0.35,0.65
Zhanjiang City,Largecities,1,广东省,67.64,60.05053561,2404.206818,132,15068.14143,85,527.6517551,104,0.149957127,4180.648522,159,26201.8237,102,917.5277741,125,0.510846165,7746.888636,415,48552.90015,267,1700.211211,326,5.36694806,4007.011363,159,25113.56904,102,879.4195918,125,0.324712611,4674.846591,658,29299.16389,423,1025.989524,517,1.237000423,10017.52841,850,62783.92261,546,2198.54898,668,0.000103187,0.000740663,0.00049735,0.6,0.73,0.26,0.01,0.531673684,0.421326316,0.047,1,1,0.02,0.473443158,0.471524399,0.035032444,1,0.74,0.26,0.92,0.08,0.96,0.04,0.15,0.85,1,0.9,0.1,0.01,0.99,0.35,0.65
Zhangjiajie City,Medium-small-cities,1,湖南省,16.9139,15.11619696,1899.966876,132,15776.0848,85,323.9483273,104,0.08213946,3303.831291,159,27432.85856,102,563.3101468,125,0.120185053,6122.115491,415,50834.05101,267,1043.833499,326,1.153854548,3166.611461,159,26293.47466,102,539.9138788,125,0.096187063,3694.380038,658,30675.72044,423,629.8995252,517,0.345336921,7916.528652,850,65733.68665,546,1349.784697,668,0.000396864,0.000389713,4.34E-08,0.6,0.717,0.273,0.01,0.498,0.462,0.04,1,1,0.02,0.686,0.147,0.147,1,0.74,0.26,0.92,0.08,0.96,0.04,0.15,0.85,1,1,0,0.01,0.99,0.35,0.65
Zhangjiakou City,Medium-small-cities,1,河北省,64.41,55.77586229,4771.969154,132,12225.69943,85,1002.33142,104,0.086361005,8297.924139,159,21259.13289,102,1742.94297,125,0.264971264,15376.34505,415,39393.92037,267,3229.734577,326,5.282153083,7953.281923,159,20376.16571,102,1670.552367,125,0.173507109,9278.82891,658,23772.19333,423,1948.977762,517,2.827145251,19883.20481,850,50940.41428,546,4176.380918,668,0.000466672,0.000322337,1.08E-05,0.6,0.73,0.26,0.01,0.54,0.42,0.04,1,1,0.02,0.686,0.147,0.147,1,0.74,0.26,0.92,0.08,0.96,0.04,0.15,0.85,1,1,0,0.01,0.99,0.35,0.65
Zhangye City,Medium-small-cities,1,甘肃省,20.5,16.73295221,3320.67416,132,14074.61154,85,604.7143004,104,0.064907652,5774.2834,159,24474.18562,102,1051.530978,125,0.143638229,10699.95007,415,45351.52607,267,1948.523857,326,2.754969217,5534.456933,159,23457.6859,102,1007.857167,125,0.155658165,6456.866421,658,27367.30022,423,1175.833362,517,0.647874524,13836.14233,850,58644.21475,546,2519.642918,668,0.006011424,0.000377301,0.000185647,0.6,0.73,0.26,0.01,0.52,0.44,0.04,1,1,0.02,0.686,0.147,0.147,1,0.74,0.26,0.92,0.08,0.96,0.04,0.15,0.85,1,1,0,0.01,0.99,0.35,0.65
Zhangzhou City,Largecities,1,福建省,60.88,53.23574955,4387.107018,132,12762.62305,85,850.269927,104,0.198540292,7628.691648,159,22192.78342,102,1478.524929,125,0.319820562,14136.23372,415,41124.00762,267,2739.758654,326,5.678611714,7311.84503,159,21271.03842,102,1417.116545,125,0.180572845,8530.485869,658,24816.2115,423,1653.302636,517,1.266705033,18279.61258,850,53177.59606,546,3542.791362,668,2.68E-05,6.37E-05,0,0.6,0.704,0.286,0.01,0.489541053,0.463458947,0.047,1,1,0.02,0.473443158,0.471524399,0.035032444,1,0.74,0.26,0.92,0.08,0.96,0.04,0.15,0.85,1,0.9,0.1,0.01,0.99,0.35,0.65
Changchun City,Largecities,1,吉林省,181.7334,160.7398775,5201.91525,132,11970.05633,85,828.0284219,104,0.542342782,9045.552628,159,20814.59795,102,1439.849423,125,1.461087644,16761.72692,415,38570.1815,267,2668.091582,326,12.06915057,8669.858749,159,19950.09388,102,1380.04737,125,0.740662158,10114.83521,658,23275.10953,423,1610.055265,517,6.180279315,21674.64687,850,49875.2347,546,3450.118425,668,0.000113806,0.000173934,0.000205591,0.6,0.73,0.26,0.01,0.531673684,0.421326316,0.047,1,1,0.02,0.473443158,0.471524399,0.035032444,1,0.74,0.26,0.92,0.08,0.96,0.04,0.15,0.85,1,1,0,0.01,0.99,0.35,0.65
Changsha City,Extra-large-cities,1,湖南省,263.0833,235.1213486,2429.706263,132,14802.14299,85,768.1507482,104,1.277619007,4224.989223,159,25739.28198,102,1335.728801,125,1.86939028,7829.053513,415,47695.79408,267,2475.152411,326,17.94736058,4049.510438,159,24670.23832,102,1280.251247,125,1.496119169,4724.428844,658,28781.9447,423,1493.626455,517,5.371462332,10123.77609,850,61675.59579,546,3200.628117,668,4.66E-05,0.000415636,0.002027036,0.6,0.725235938,0.243764063,0.031,0.524730114,0.376269886,0.099,1,1,0.02,0.014,0.9358125,0.0301875,1,0.74,0.26,0.92,0.08,0.96,0.04,0.15,0.85,1,1,0,0.01,0.99,0.35,0.65
Changzhi City,Medium-small-cities,1,山西省,60.5,53.55520462,4969.782267,132,12460.96531,85,569.2524216,104,0.104304449,8641.899164,159,21668.23413,102,989.8667108,125,0.308638573,16013.74286,415,40151.99934,267,1834.257803,326,3.786593466,8282.970445,159,20768.27552,102,948.7540359,125,0.108579221,9663.465519,658,24229.65477,423,1106.879709,517,2.636679668,20707.42611,850,51920.6888,546,2371.88509,668,0.000422687,0.000322949,6.87E-05,0.6,0.73,0.26,0.01,0.52,0.44,0.04,1,1,0.02,0.686,0.147,0.147,1,0.74,0.26,0.92,0.08,0.96,0.04,0.15,0.85,1,1,0,0.01,0.99,0.35,0.65
Zhaotong City,Medium-small-cities,1,云南省,38.37,32.61938089,1864.623244,132,15739.4636,85,395.9131545,104,0.107483355,3242.372641,159,27369.17837,102,688.4489854,125,0.16408087,6008.230453,415,50716.04938,267,1275.720165,326,4.384490094,3107.705407,159,26232.43934,102,659.8552576,125,0.258583144,3625.656308,658,30604.51256,423,769.8311338,517,0.83598165,7769.263516,850,65581.09834,546,1649.638144,668,0.000265118,0.000739738,8.15E-06,0.6,0.73,0.26,0.01,0.52,0.44,0.04,1,1,0.02,0.686,0.147,0.147,1,0.74,0.26,0.92,0.08,0.96,0.04,0.15,0.85,1,1,0,0.01,0.99,0.35,0.65
Zhaoqing City,Medium-small-cities,1,广东省,60.1702,53.41887549,3328.261036,132,14017.82031,85,653.9186522,104,0.133396663,5787.476135,159,24375.43199,102,1137.091879,125,0.454431046,10724.39667,415,45168.53211,267,2107.071213,326,4.774251008,5547.101727,159,23363.03385,102,1089.86442,125,0.288853086,6471.618682,658,27256.87283,423,1271.50849,517,1.100392709,13867.75432,850,58407.58463,546,2724.661051,668,8.46E-05,0.000695188,0,0.6,0.717,0.273,0.01,0.498,0.462,0.04,1,1,0.02,0.686,0.147,0.147,1,0.74,0.26,0.92,0.08,0.96,0.04,0.15,0.85,1,1,0,0.01,0.99,0.35,0.65
Zhenjiang City,Largecities,1,江苏省,64.75,59.93807218,4499.334649,132,12825.6681,85,674.997256,104,0.134335394,7823.843028,159,22302.41174,102,1173.745229,125,0.391783225,14497.85609,415,41327.15275,267,2174.991158,326,2.197318938,7498.891081,159,21376.11349,102,1124.995427,125,0.380220178,8748.706261,658,24938.79907,423,1312.494665,517,1.708270086,18747.2277,850,53440.28373,546,2812.488567,668,0.000134277,0.000127694,0,0.6,0.73,0.26,0.01,0.531673684,0.421326316,0.047,1,1,0.02,0.473443158,0.471524399,0.035032444,1,0.74,0.26,0.92,0.08,0.96,0.04,0.15,0.85,1,1,0,0.01,0.99,0.35,0.65
Zhengzhou City,Extra-large-cities,1,河南省,379.4752,334.9356242,5412.887828,132,11765.67585,85,821.4363202,104,0.862803586,9412.410501,159,20459.20301,102,1428.38649,125,1.872165588,17441.52745,415,37911.62219,267,2646.850365,326,27.21495255,9021.479714,159,19609.45975,102,1369.060534,125,0.936082794,10525.05967,658,22877.70304,423,1597.237289,517,13.65357126,22553.69928,850,49023.64938,546,3422.651334,668,0.000182821,6.35E-05,0.001228916,0.6,0.73684375,0.23215625,0.031,0.542647727,0.358352273,0.099,1,1,0.02,0.014,0.9358125,0.0301875,1,0.74,0.26,0.92,0.08,0.96,0.04,0.15,0.85,1,1,0,0.01,0.99,0.35,0.65
Zhongshan City,Largecities,1,广东省,120.6398,107.1035572,5391.278793,132,11864.47092,85,744.250289,104,0.267457093,9374.83479,159,20630.99665,102,1294.168558,125,0.911123288,17371.89833,415,38229.96185,267,2398.13982,326,9.57225814,8985.464655,159,19774.1182,102,1240.417148,125,0.579143472,10483.0421,658,23069.80456,423,1447.15334,517,2.206260846,22463.66164,850,49435.29549,546,3101.042871,668,0.001157259,0.000163949,0,0.6,0.717,0.273,0.01,0.510607368,0.442392632,0.047,1,1,0.02,0.473443158,0.471524399,0.035032444,1,0.74,0.26,0.92,0.08,0.96,0.04,0.15,0.85,1,0.9,0.1,0.01,0.99,0.35,0.65
Zhongwei City,Medium-small-cities,1,宁夏回族自治区,15.42,12.00601416,3272.570215,132,14269.70006,85,457.7297281,104,0.036402731,5690.635985,159,24813.42288,102,795.9411383,125,0.097401901,10544.94847,415,45980.14463,267,1474.906902,326,2.425208958,5454.283691,159,23782.83343,102,762.8828801,125,0.080676322,6363.330973,658,27746.639,423,890.0300268,517,0.774295923,13635.70923,850,59457.08357,546,1907.2072,668,0.001267688,0.000222487,0.000157698,0.6,0.73,0.26,0.01,0.52,0.44,0.04,1,1,0.02,0.686,0.147,0.147,1,0.74,0.26,0.92,0.08,0.96,0.04,0.15,0.85,1,1,0,0.01,0.99,0.35,0.65
Chongqing,Megacities,1,重庆市,459.5,411.9610346,1593.296,132,16072.80072,85,333.9032843,104,1.089976279,2770.56471,159,27948.81458,102,580.620711,125,3.119932102,5133.953777,415,51790.13564,267,1075.910583,326,29.06936737,2655.493333,159,26788.00119,102,556.5054738,125,2.489945812,3098.075555,658,31252.66806,423,649.2563861,517,11.76974386,6638.733332,850,66970.00298,546,1391.263685,668,0.000343017,0.000269818,0.002322684,0.6,0.564925373,0.192074627,0.243,0.465263158,0.197736842,0.337,1,1,0.02,0.130727869,0.562343538,0.286928594,1,0.74,0.26,0.92,0.08,0.96,0.04,0.15,0.85,1,1,0,0.01,0.99,0.35,0.65
Zhoushan City,Medium-small-cities,1,浙江省,19.5935,17.72169346,7227.937706,132,10376.59273,85,395.4695611,104,0.037866866,12568.58057,159,18043.74181,102,687.6776257,125,0.088750468,23290.0215,415,33435.68769,267,1274.290808,326,1.393145681,12046.56284,159,17294.32122,102,659.1159352,125,0.046268577,14054.32332,658,20176.70809,423,768.9685911,517,0.305774946,30116.40711,850,43235.80305,546,1647.789838,668,0.000232584,0.000198204,6.20E-06,0.6,0.717,0.273,0.01,0.498,0.462,0.04,1,1,0.02,0.686,0.147,0.147,1,0.74,0.26,0.92,0.08,0.96,0.04,0.15,0.85,1,0.9,0.1,0.01,0.99,0.35,0.65
Zhoukou City,Largecities,1,河南省,98.4355,86.8819771,2382.727348,132,15233.13088,85,384.1417755,104,0.223810416,4143.298111,159,26488.72202,102,667.9798652,125,0.485637944,7677.677011,415,49084.53282,267,1237.790166,326,7.05953238,3971.212247,159,25388.55146,102,640.2362925,125,0.242818972,4633.080955,658,29619.9767,423,746.9423413,517,3.541723185,9928.030618,850,63471.37865,546,1600.590731,668,6.99E-05,0.000183761,0,0.6,0.73,0.26,0.01,0.511610526,0.441389474,0.047,1,1,0.02,0.473443158,0.471524399,0.035032444,1,0.74,0.26,0.92,0.08,0.96,0.04,0.15,0.85,1,1,0,0.01,0.99,0.35,0.65
Zhuhai City,Largecities,1,广东省,68.8579,61.13178262,11130.47519,132,4803.378388,85,2066.146424,104,0.152657197,19354.65963,159,8352.541307,102,3592.79906,125,0.520044266,35864.8645,415,15477.55258,267,6657.582922,326,5.463583277,18550.79198,159,8005.630646,102,3443.577374,125,0.330559262,21642.59064,658,9339.90242,423,4017.506936,517,1.25927338,46376.97995,850,20014.07662,546,8608.943434,668,0.000451295,0.000529772,0.000135068,0.6,0.717,0.273,0.01,0.510607368,0.442392632,0.047,1,1,0.02,0.473443158,0.471524399,0.035032444,1,0.74,0.26,0.92,0.08,0.96,0.04,0.15,0.85,1,0.9,0.1,0.01,0.99,0.35,0.65
Zhuzhou City,Largecities,1,湖南省,54.8513,49.0213998,1717.675823,132,15649.35999,85,632.9641881,104,0.266375948,2986.847404,159,27212.4982,102,1100.654394,125,0.389756731,5534.733209,415,50425.71552,267,2039.551273,326,3.74191771,2862.793039,159,26082.26665,102,1054.940314,125,0.311931929,3339.925212,658,30429.31109,423,1230.763699,517,1.119917881,7156.982597,850,65205.66662,546,2637.350784,668,0.00032365,0.000304913,0,0.6,0.704,0.286,0.01,0.489541053,0.463458947,0.047,1,1,0.02,0.473443158,0.471524399,0.035032444,1,0.74,0.26,0.92,0.08,0.96,0.04,0.15,0.85,1,1,0,0.01,0.99,0.35,0.65
Zhumadian City,Medium-small-cities,1,河南省,74.3745,65.64505291,2644.310717,132,14872.80077,85,482.8885112,104,0.169103502,4598.162525,159,25862.14801,102,839.6894667,125,0.366931435,8520.556755,415,47923.46915,267,1555.974092,326,5.333941423,4407.184528,159,24788.00129,102,804.8141853,125,0.183465717,5141.715283,658,28919.33483,423,938.9498829,517,2.676005008,11017.96132,850,61970.00322,546,2012.035463,668,8.87E-05,0.000256022,0,0.6,0.73,0.26,0.01,0.54,0.42,0.04,1,1,0.02,0.686,0.147,0.147,1,0.74,0.26,0.92,0.08,0.96,0.04,0.15,0.85,1,1,0,0.01,0.99,0.35,0.65
Ziyang City,Medium-small-cities,1,四川省,32.24,28.88273708,2451.733681,132,15002.46158,85,545.8047387,104,0.059221956,4263.292457,159,26087.61375,102,949.0937955,125,0.208493734,7900.030751,415,48341.26509,267,1758.704158,326,2.154705675,4086.222802,159,25004.10263,102,909.6745644,125,0.169012431,4767.259936,658,29171.45307,423,1061.286992,517,0.765829125,10215.55701,850,62510.25658,546,2274.186411,668,0.000391057,0.000695187,0,0.6,0.73,0.26,0.01,0.52,0.44,0.04,1,1,0.02,0.686,0.147,0.147,1,0.74,0.26,0.92,0.08,0.96,0.04,0.15,0.85,1,1,0,0.01,0.99,0.35,0.65
Zibo City,Largecities,1,山东省,112.4472,98.88758837,4173.018946,132,13177.58512,85,649.39593,104,0.193992089,7256.416279,159,22914.35635,102,1129.227367,125,0.640512534,13446.39438,415,42461.10762,267,2092.497997,326,8.240551735,6955.031577,159,21962.64187,102,1082.32655,125,0.386532866,8114.203507,658,25623.08219,423,1262.714308,517,4.098022411,17387.57894,850,54906.60468,546,2705.816375,668,0.000258763,0.000129606,0,0.6,0.73,0.26,0.01,0.531673684,0.421326316,0.047,1,1,0.02,0.473443158,0.471524399,0.035032444,1,0.74,0.26,0.92,0.08,0.96,0.04,0.15,0.85,1,1,0,0.01,0.99,0.35,0.65
Zigong City,Medium-small-cities,1,四川省,44.04,39.45396219,1696.42048,132,15661.98459,85,641.5949252,104,0.080897485,2949.886724,159,27234.45099,102,1115.662287,125,0.284803476,5466.24377,415,50466.3948,267,2067.361426,326,2.943338646,2827.367467,159,26103.30766,102,1069.324875,125,0.230871819,3298.595378,658,30453.85893,423,1247.545688,517,1.046126386,7068.418668,850,65258.26914,546,2673.312188,668,9.74E-05,0.00064945,0,0.6,0.73,0.26,0.01,0.52,0.44,0.04,1,1,0.02,0.686,0.147,0.147,1,0.74,0.26,0.92,0.08,0.96,0.04,0.15,0.85,1,1,0,0.01,0.99,0.35,0.65
Zunyi City,Largecities,1,贵州省,94.97,82.22688574,1475.806452,132,15940.35301,85,583.8405356,104,0.338884001,2566.263441,159,27718.50274,102,1015.23382,125,0.55763452,4755.376344,415,51363.35971,267,1881.263948,326,9.660883586,2459.677419,159,26567.25502,102,973.0675593,125,0.525359853,2869.623656,658,30995.13086,423,1135.245486,517,1.660352301,6149.193548,850,66418.13755,546,2432.668898,668,0.001417799,0.000520111,0.000157655,0.6,0.73,0.26,0.01,0.531673684,0.421326316,0.047,1,1,0.02,0.473443158,0.471524399,0.035032444,1,0.74,0.26,0.92,0.08,0.96,0.04,0.15,0.85,1,1,0,0.01,0.99,0.35,0.65
Altay Prefecture,Medium-small-cities,2,新疆维吾尔族自治区,12.0824,10.00871362,2460.359096,132,15298.20249,85,241.4384086,104,0.062001128,4278.291096,159,26601.87434,102,419.8345661,125,0.084064592,7927.823755,415,49294.20804,267,777.9682056,326,1.360952688,4100.598494,159,25497.00416,102,402.3973477,125,0.080433896,4784.031576,658,29746.50485,423,469.4635723,517,0.486234071,10251.49624,850,63742.5104,546,1005.993369,668,0.005803436,0.003254875,0.016858905,0.6,0.73,0.26,0.01,0.52,0.44,0.04,1,1,0.02,0.686,0.147,0.147,1,0.74,0.26,0.92,0.08,0.96,0.04,0.15,0.85,1,1,0,0.01,0.99,0.35,0.65
Ankang City,Medium-small-cities,2,陕西省,19.7762,17.73389067,1317.038723,132,16312.21311,85,370.7481659,104,0.050667417,2290.184001,159,28365.12613,102,644.6898662,125,0.125784809,4243.791439,415,52561.57558,267,1194.632979,326,1.299678172,2195.064538,159,27187.02185,102,617.9136098,125,0.048605371,2560.908627,658,31718.19216,423,720.8992114,517,0.51757356,5487.661344,850,67967.55463,546,1544.784024,668,0.001112421,0.003041153,0.027544953,0.6,0.73,0.26,0.01,0.52,0.44,0.04,1,1,0.02,0.686,0.147,0.147,1,0.74,0.26,0.92,0.08,0.96,0.04,0.15,0.85,1,1,0,0.01,0.99,0.35,0.65
Anqing City,Medium-small-cities,2,安徽省,57.3094,49.08328264,2113.94044,132,15563.22831,85,322.8312473,104,0.156693991,3675.907543,159,27062.72479,102,561.3676689,125,0.360332741,6811.585863,415,50148.18012,267,1040.234019,326,4.882254892,3523.234067,159,25938.71385,102,538.0520788,125,0.201101196,4110.439745,658,30261.83283,423,627.7274253,517,2.625734537,8808.085168,850,64846.78464,546,1345.130197,668,0.001274514,0.001015992,0.000562174,0.6,0.73,0.26,0.01,0.52,0.44,0.04,1,1,0.02,0.686,0.147,0.147,1,0.74,0.26,0.92,0.08,0.96,0.04,0.15,0.85,1,1,0,0.01,0.99,0.35,0.65
Anshun City,Medium-small-cities,2,贵州省,30.0547,26.0219478,3141.108703,132,14264.95395,85,593.9373451,104,0.107244993,5462.039023,159,24805.16993,102,1032.79105,125,0.17647192,10121.35027,415,45964.85162,267,1913.798112,326,3.057333452,5235.181172,159,23774.92325,102,989.8955751,125,0.166258111,6107.711368,658,27737.41046,423,1154.878171,517,0.525443722,13087.95293,850,59437.30813,546,2474.738938,668,0.004719687,0.00369857,0.001129092,0.6,0.717,0.273,0.01,0.498,0.462,0.04,1,1,0.02,0.686,0.147,0.147,1,0.74,0.26,0.92,0.08,0.96,0.04,0.15,0.85,1,1,0,0.01,0.99,0.35,0.65
Anyang City,Medium-small-cities,2,河南省,86.4084,76.26651595,4263.814068,132,13333.0768,85,403.1091273,104,0.19646469,7414.298907,159,23184.73911,102,700.9619825,125,0.426301463,13738.95644,415,42962.13637,267,1298.907188,326,6.19698074,7106.35678,159,22221.79467,102,671.8485455,125,0.213150732,8290.749577,658,25925.42712,423,783.8233031,517,3.108986429,17765.89195,850,55554.48669,546,1679.621364,668,0.001068904,0.000522621,0.00E+00,0.6,0.73,0.26,0.01,0.52,0.44,0.04,1,1,0.02,0.686,0.147,0.147,1,0.74,0.26,0.92,0.08,0.96,0.04,0.15,0.85,1,1,0,0.01,0.99,0.35,0.65
Anshan City,Medium-small-cities,2,辽宁省,62.1968,54.16211227,3665.491148,132,13672.35752,85,662.1513331,104,0.291748213,6373.881829,159,23774.71058,102,1151.407596,125,0.544306367,11811.02703,415,44055.37423,267,2133.59874,326,4.505405239,6109.151913,159,22787.26253,102,1103.585555,125,0.32222937,7127.343898,658,26585.13962,423,1287.516481,517,2.370998537,15272.87978,850,56968.15633,546,2758.963888,668,0.000840308,0.001359002,4.18E-04,0.6,0.73,0.26,0.01,0.52,0.44,0.04,1,1,0.02,0.686,0.147,0.147,1,0.74,0.26,0.92,0.08,0.96,0.04,0.15,0.85,1,1,0,0.01,0.99,0.35,0.65
Bayannur City,Medium-small-cities,2,内蒙古自治区,36.9,32.35197114,3806.314879,132,13893.16609,85,300.5190311,104,0.077815539,6618.758651,159,24158.67215,102,522.5692042,125,0.195503503,12264.79239,415,44766.86851,267,968.3391003,326,2.855380111,6343.858131,159,23155.27682,102,500.8650519,125,0.094536233,7401.16782,658,27014.48962,423,584.3425606,517,1.324793475,15859.64533,850,57888.19204,546,1252.16263,668,0.004673637,0.001286603,0.000195669,0.6,0.73,0.26,0.01,0.52,0.44,0.04,1,1,0.02,0.686,0.147,0.147,1,0.74,0.26,0.92,0.08,0.96,0.04,0.15,0.85,1,1,0,0.01,0.99,0.35,0.65
Bazhong City,Medium-small-cities,2,四川省,44.98,40.29607673,1257.48176,132,16396.60081,85,345.9174294,104,0.08262418,2186.62106,159,28511.86697,102,601.5119744,125,0.290882387,4051.885671,415,52833.4915,267,1114.622828,326,3.00616195,2095.802933,159,27327.66802,102,576.529049,125,0.235799601,2445.103422,658,31882.27935,423,672.6172238,517,1.068455151,5239.507333,850,68319.17004,546,1441.322622,668,0.006020207,0.004577255,0.002248074,0.6,0.717,0.273,0.01,0.498,0.462,0.04,1,1,0.02,0.686,0.147,0.147,1,0.74,0.26,0.92,0.08,0.96,0.04,0.15,0.85,1,1,0,0.01,0.99,0.35,0.65
Baicheng City,Medium-small-cities,2,吉林省,28.6851,25.37144774,4294.273734,132,13224.05883,85,481.6674325,104,0.08560428,7467.264882,159,22995.16897,102,837.5661465,125,0.230620487,13837.10425,415,42610.85624,267,1552.039505,326,1.905014659,7157.12289,159,22040.09806,102,802.7790541,125,0.116907338,8349.976705,658,25713.44773,423,936.5755632,517,0.975505494,17892.80722,850,55100.24514,546,2006.947635,668,0.000525701,0.001288236,0.000306284,0.6,0.73,0.26,0.01,0.52,0.44,0.04,1,1,0.02,0.686,0.147,0.147,1,0.74,0.26,0.92,0.08,0.96,0.04,0.15,0.85,1,1,0,0.01,0.99,0.35,0.65
Baishan City,Medium-small-cities,2,吉林省,14.5408,12.86107238,3177.732782,132,14210.43718,85,611.8300352,104,0.043393773,5525.724226,159,24710.37132,102,1063.90445,125,0.11690412,10239.36119,415,45789.18648,267,1971.452336,326,0.965673369,5296.221303,159,23684.06197,102,1019.716725,125,0.059261645,6178.924853,658,27631.40563,423,1189.669513,517,0.494494713,13240.55326,850,59210.15493,546,2549.291813,668,0.001167452,0.002954853,0.000354796,0.6,0.73,0.26,0.01,0.52,0.44,0.04,1,1,0.02,0.686,0.147,0.147,1,0.74,0.26,0.92,0.08,0.96,0.04,0.15,0.85,1,1,0,0.01,0.99,0.35,0.65
Baiyin City,Medium-small-cities,2,甘肃省,24.79,20.23462855,3825.158211,132,13622.1745,85,552.6672892,104,0.078490765,6651.525112,159,23687.44788,102,961.0270084,125,0.173697156,12325.50979,415,43893.67339,267,1780.816821,326,3.331496922,6375.263686,159,22703.62417,102,921.1121486,125,0.188232483,7437.807633,658,26487.56153,423,1074.63084,517,0.783454119,15938.15921,850,56759.06041,546,2302.780372,668,0.000974257,0.001558668,0,0.6,0.73,0.26,0.01,0.52,0.44,0.04,1,1,0.02,0.686,0.147,0.147,1,0.74,0.26,0.92,0.08,0.96,0.04,0.15,0.85,1,1,0,0.01,0.99,0.35,0.65
Baise City,Medium-small-cities,2,广西壮族自治区,39.4785,34.25272915,3273.166965,132,13885.34089,85,841.492145,104,0.097133287,5691.673667,159,24145.06499,102,1463.261341,125,0.230765143,10546.87133,415,44741.65398,267,2711.474689,326,3.373174152,5455.278275,159,23142.23482,102,1402.486908,125,0.291988548,6364.49132,658,26999.27395,423,1636.234726,517,1.232709716,13638.19569,850,57855.58704,546,3506.217271,668,0.003484461,0.003362818,0.000316255,0.6,0.73,0.26,0.01,0.52,0.44,0.04,1,1,0.02,0.686,0.147,0.147,1,0.74,0.26,0.92,0.08,0.96,0.04,0.15,0.85,1,1,0,0.01,0.99,0.35,0.65
Bengbu City,Medium-small-cities,2,安徽省,44.0785,37.75152896,4054.276663,132,13594.08659,85,351.6367476,104,0.120518381,7049.936642,159,23638.60612,102,611.4572334,125,0.277143483,13063.78036,415,43803.1679,267,1133.051742,326,3.755099028,6757.127772,159,22656.81098,102,586.061246,125,0.154673388,7883.315734,658,26432.94615,423,683.7381204,517,2.019536756,16892.81943,850,56642.02746,546,1465.153115,668,0.000215701,0.000829471,0,0.6,0.73,0.26,0.01,0.52,0.44,0.04,1,1,0.02,0.686,0.147,0.147,1,0.74,0.26,0.92,0.08,0.96,0.04,0.15,0.85,1,1,0,0.01,0.99,0.35,0.65
Baotou City,Medium-small-cities,2,内蒙古自治区,72.6,63.65184566,5064.302822,132,12057.65608,85,878.0411011,104,0.153100491,8806.259907,159,20966.92418,102,1526.815915,125,0.384649169,16318.30909,415,38852.44736,267,2829.243548,326,5.617902332,8440.504703,159,20096.09346,102,1463.401835,125,0.185998118,9847.255487,658,23445.44237,423,1707.302141,517,2.606504235,21101.26176,850,50240.23365,546,3658.504588,668,0.003611669,0.00080558,0.000870345,0.6,0.73,0.26,0.01,0.52,0.44,0.04,1,1,0.02,0.686,0.147,0.147,1,0.74,0.26,0.92,0.08,0.96,0.04,0.15,0.85,1,1,0,0.01,0.99,0.35,0.65
Baoji City,Medium-small-cities,2,陕西省,39.2303,35.17894495,2889.019585,132,14780.68576,85,330.2946539,104,0.100509602,5023.684056,159,25701.97024,102,574.3457037,125,0.24952093,9309.063107,415,47626.65412,267,1064.282774,326,2.578188155,4815.032641,159,24634.47627,102,550.4910898,125,0.096419095,5617.538082,658,28740.22231,423,642.2396048,517,1.026717268,12037.5816,850,61586.19067,546,1376.227725,668,0.002573993,0.001871618,0.00E+00,0.6,0.73,0.26,0.01,0.52,0.44,0.04,1,1,0.02,0.686,0.147,0.147,1,0.74,0.26,0.92,0.08,0.96,0.04,0.15,0.85,1,1,0,0.01,0.99,0.35,0.65
Baoding City,Largecities,2,河北省,238,206.0961842,3178.423926,132,14255.61087,85,565.9652035,104,0.319110683,5526.926049,159,24788.92335,102,984.1506039,125,0.979089596,10241.58821,415,45934.74614,267,1823.665656,326,19.51796978,5297.37321,159,23759.35145,102,943.2753392,125,0.641122372,6180.268745,658,27719.24336,423,1100.487896,517,10.44652336,13243.43303,850,59398.37863,546,2358.188348,668,0.000871457,0.00146156,0,0.6,0.73,0.26,0.01,0.511610526,0.441389474,0.047,1,1,0.02,0.473443158,0.471524399,0.035032444,1,0.74,0.26,0.92,0.08,0.96,0.04,0.15,0.85,1,1,0,0.01,0.99,0.35,0.65
Baoshan City,Medium-small-cities,2,云南省,28.66,24.36464572,1590.987868,132,15977.2617,85,431.7504333,104,0.080283371,2766.551127,159,27782.68284,102,750.7660312,125,0.12255819,5126.516464,415,51482.28769,267,1391.195841,326,3.274940998,2651.646447,159,26628.7695,102,719.5840555,125,0.193145502,3093.587522,658,31066.89775,423,839.5147314,517,0.624426221,6629.116118,850,66571.92374,546,1798.960139,668,0.002236988,0.003255176,0.011209314,0.6,0.73,0.26,0.01,0.52,0.44,0.04,1,1,0.02,0.686,0.147,0.147,1,0.74,0.26,0.92,0.08,0.96,0.04,0.15,0.85,1,1,0,0.01,0.99,0.35,0.65
Beihai City,Medium-small-cities,2,广西壮族自治区,30.3548,26.33673374,2599.601594,132,14348.60558,85,1051.792829,104,0.074685246,4520.418327,159,24950.63081,102,1828.950863,125,0.17743404,8376.494024,415,46234.39575,267,3389.110226,326,2.593614924,4332.669323,159,23914.34263,102,1752.988048,125,0.224508377,5054.780876,658,27900.0664,423,2045.152722,517,0.947823674,10831.67331,850,59785.85657,546,4382.47012,668,0.003294404,0.001041352,0.003422939,0.6,0.73,0.26,0.01,0.52,0.44,0.04,1,1,0.02,0.686,0.147,0.147,1,0.74,0.26,0.92,0.08,0.96,0.04,0.15,0.85,1,0.9,0.1,0.01,0.99,0.35,0.65
Beijing,Megacities,2,北京市,584.25,522.7,7707.502459,132,9352.499329,85,939.9982116,104,7.66,13402.49039,159,16262.95717,102,1634.552446,125,6.31,24835.2857,415,30135.83117,267,3028.883126,326,39.4,12845.83743,159,15587.49888,102,1566.663686,125,1.87,14986.81034,658,18185.41536,423,1827.7743,517,6.31,32114.59358,850,38968.74721,546,3916.659215,668,0.000428049,0.001770513,0.331559976,0.6,0.463238806,0.293761194,0.243,0.151210526,0.511789474,0.337,1,1,0.02,0.130727869,0.562343538,0.286928594,1,0.74,0.26,0.92,0.08,0.96,0.04,0.15,0.85,1,1,0,0.01,0.99,0.35,0.65
Benxi City,Medium-small-cities,2,辽宁省,15.1086,13.15684552,8159.6766,132,9840.3234,85,0,104,0.070870319,14188.77098,159,17111.22902,102,0,125,0.132220744,26292.29127,415,31707.70873,267,0,326,1.094435173,13599.461,159,16400.539,102,0,125,0.078274681,15866.03783,658,19133.96217,423,0,517,0.575953562,33998.6525,850,41001.3475,546,0,668,0.000456083,0.001774122,0,0.6,0.73,0.26,0.01,0.52,0.44,0.04,1,1,0.02,0.686,0.147,0.147,1,0.74,0.26,0.92,0.08,0.96,0.04,0.15,0.85,1,1,0,0.01,0.99,0.35,0.65
Bijie City,Medium-small-cities,2,贵州省,58.2,50.39069969,1444.917944,132,16017.58999,85,537.4920664,104,0.207676623,2512.551757,159,27852.80926,102,934.6389821,125,0.341732432,4655.846707,415,51612.23441,267,1731.918881,326,5.920431975,2408.196573,159,26695.98332,102,895.8201106,125,0.321953706,2809.562668,658,31145.31387,423,1045.123462,517,1.01750557,6020.491432,850,66739.95829,546,2239.550277,668,0.005077952,0.005214453,0.004313999,0.6,0.73,0.26,0.01,0.52,0.44,0.04,1,1,0.02,0.686,0.147,0.147,1,0.74,0.26,0.92,0.08,0.96,0.04,0.15,0.85,1,1,0,0.01,0.99,0.35,0.65
Binzhou City,Medium-small-cities,2,山东省,95.6195,84.08908141,2890.192846,132,14447.41907,85,662.3880883,104,0.164961213,5025.724226,159,25122.45649,102,1151.819287,125,0.544659967,9312.843613,415,46552.79477,267,2134.361618,326,7.007354889,4816.988076,159,24079.03178,102,1103.980147,125,0.328688303,5619.819422,658,28092.20374,423,1287.976838,517,3.484754213,12042.47019,850,60197.57944,546,2759.950368,668,0.00013094,0.003192265,0,0.6,0.73,0.26,0.01,0.52,0.44,0.04,1,1,0.02,0.686,0.147,0.147,1,0.74,0.26,0.92,0.08,0.96,0.04,0.15,0.85,1,0.9,0.1,0.01,0.99,0.35,0.65
Bozhou City,Medium-small-cities,2,安徽省,63.1152,54.0557256,2502.108931,132,15145.79131,85,352.0997616,104,0.172568071,4350.889419,159,26336.84822,102,612.2623632,125,0.396836698,8062.350999,415,48803.10532,267,1134.543676,326,5.376857792,4170.181551,159,25242.98551,102,586.832936,125,0.221474002,4865.21181,658,29450.14976,423,684.6384253,517,2.891737838,10425.45388,850,63107.46378,546,1467.08234,668,0.000971338,0.000742396,0,0.6,0.73,0.26,0.01,0.54,0.42,0.04,1,1,0.02,0.686,0.147,0.147,1,0.74,0.26,0.92,0.08,0.96,0.04,0.15,0.85,1,1,0,0.01,0.99,0.35,0.65
Cangzhou City,Largecities,2,河北省,85.0947,73.68778557,3144.492403,132,14282.09231,85,573.415292,104,0.114095075,5467.922901,159,24834.97162,102,997.1054799,125,0.350064435,10132.2533,415,46020.07521,267,1847.671496,326,6.978469678,5240.820672,159,23803.48718,102,955.6921533,125,0.229227378,6114.290784,658,27770.73504,423,1114.974179,517,3.735057864,13102.05168,850,59508.71794,546,2389.230383,668,0.000562601,0.001420374,0,0.6,0.73,0.26,0.01,0.531673684,0.421326316,0.047,1,1,0.02,0.473443158,0.471524399,0.035032444,1,0.74,0.26,0.92,0.08,0.96,0.04,0.15,0.85,1,0.9,0.1,0.01,0.99,0.35,0.65
Chamdo City,Medium-small-cities,2,西藏自治区,13.7757,9.001351382,1766.100544,132,15994.48013,85,239.4193258,104,0.072150135,3071.052612,159,27812.62378,102,416.3236054,125,0.106981235,5690.768418,415,51537.76931,267,771.4622719,326,3.092504082,2943.500906,159,26657.46688,102,399.0322096,125,0.462756041,3434.08439,658,31100.37803,423,465.5375779,517,1.039957125,7358.752265,850,66643.66721,546,997.580524,668,0.007887938,0.005097252,0.011988152,0.6,0.73,0.26,0.01,0.52,0.44,0.04,1,1,0.02,0.686,0.147,0.147,1,0.74,0.26,0.92,0.08,0.96,0.04,0.15,0.85,1,1,0,0.01,0.99,0.35,0.65
Changde City,Largecities,2,湖南省,62.3495,55.72264954,1739.525849,132,15918.76738,85,341.7067679,104,0.302789673,3024.84217,159,27680.96773,102,594.190102,125,0.44303667,5605.138846,415,51293.80601,267,1101.055141,326,4.253439723,2899.209748,159,26531.27897,102,569.5112799,125,0.354573179,3382.411373,658,30953.1588,423,664.4298265,517,1.273011212,7248.02437,850,66328.19743,546,1423.7782,668,0.000557142,0.002045631,0.006706381,0.6,0.73,0.26,0.01,0.531673684,0.421326316,0.047,1,1,0.02,0.473443158,0.471524399,0.035032444,1,0.74,0.26,0.92,0.08,0.96,0.04,0.15,0.85,1,1,0,0.01,0.99,0.35,0.65
Changzhou City,Largecities,2,江苏省,147.72,136.7421162,5151.340178,132,11909.36517,85,939.2946555,104,0.306471419,8957.608198,159,20709.06276,102,1633.32904,125,0.893810317,16598.76279,415,38374.62109,267,3026.616112,326,5.012941368,8585.566963,159,19848.94194,102,1565.491092,125,0.867430498,10016.49479,658,23157.09894,423,1826.406275,517,3.897230226,21463.91741,850,49622.35486,546,3913.727731,668,0.000373692,0.000643379,0.001702583,0.6,0.73,0.26,0.01,0.511610526,0.441389474,0.047,1,1,0.02,0.473443158,0.471524399,0.035032444,1,0.74,0.26,0.92,0.08,0.96,0.04,0.15,0.85,1,1,0,0.01,0.99,0.35,0.65
Chaohu City,Medium-small-cities,2,安徽省,9.5791,8.204128341,4461.481206,132,13196.87384,85,341.6449572,104,0.026190946,7758.020097,159,22947.89728,102,594.08262,125,0.060228573,14375.88389,415,42523.26014,267,1100.855973,326,0.816054746,7435.80201,159,21994.78973,102,569.408262,125,0.033613482,8675.102345,658,25660.58802,423,664.309639,517,0.438883913,18589.50502,850,54986.97432,546,1423.520655,668,0.007570264,0.001152377,0,0.6,0.73,0.26,0.01,0.52,0.44,0.04,1,1,0.02,0.686,0.147,0.147,1,0.74,0.26,0.92,0.08,0.96,0.04,0.15,0.85,1,1,0,0.01,0.99,0.35,0.65
Chaoyang City,Medium-small-cities,2,辽宁省,41.8232,36.42040835,3214.504383,132,14183.1843,85,602.3113151,104,0.196181216,5589.665955,159,24662.98159,102,1047.352454,125,0.366009732,10357.84746,415,45701.37164,267,1940.780904,326,3.029584551,5357.507305,159,23638.6405,102,1003.852192,125,0.216677761,6250.425189,658,27578.41392,423,1171.160891,517,1.59433839,13393.76826,850,59096.60126,546,2509.63048,668,0.000427314,0.001816081,0.004163368,0.6,0.73,0.26,0.01,0.52,0.44,0.04,1,1,0.02,0.686,0.147,0.147,1,0.74,0.26,0.92,0.08,0.96,0.04,0.15,0.85,1,1,0,0.01,0.99,0.35,0.65
Chaozhou City,Medium-small-cities,2,广东省,37.4376,33.23695937,3654.915638,132,13714.93501,85,630.1493499,104,0.082998742,6355.492193,159,23848.7481,102,1095.759703,125,0.282744743,11776.95039,415,44192.56837,267,2030.481239,326,2.970515297,6091.526063,159,22858.22502,102,1050.248917,125,0.179722957,7106.780407,658,26667.92919,423,1225.290403,517,0.684658886,15228.81516,850,57145.56255,546,2625.622291,668,0.001408067,0.001988344,0,0.6,0.73,0.26,0.01,0.52,0.44,0.04,1,1,0.02,0.686,0.147,0.147,1,0.74,0.26,0.92,0.08,0.96,0.04,0.15,0.85,1,0.9,0.1,0.01,0.99,0.35,0.65
Chenzhou City,Medium-small-cities,2,湖南省,50.137,44.80816174,2075.037519,132,15349.67484,85,575.2876438,104,0.243481757,3608.259685,159,26691.37902,102,1000.361292,125,0.356258343,6686.232005,415,49460.06337,267,1853.70463,326,3.420311428,3458.395865,159,25582.7914,102,958.8127397,125,0.285122343,4034.795175,658,29846.58996,423,1118.614863,517,1.023664394,8645.989661,850,63956.97849,546,2397.031849,668,0.000790503,0.002283263,0,0.6,0.73,0.26,0.01,0.52,0.44,0.04,1,1,0.02,0.686,0.147,0.147,1,0.74,0.26,0.92,0.08,0.96,0.04,0.15,0.85,1,1,0,0.01,0.99,0.35,0.65
Chengdu City,Extra-large-cities,2,四川省,463.04,414.8220402,4230.957854,132,12714.22068,85,1054.821465,104,0.85056248,7357.165602,159,22108.61707,102,1834.217326,125,2.994445992,13633.08642,415,40968.04442,267,3398.869166,326,30.94649243,7051.596424,159,21190.3678,102,1758.035775,125,2.427404338,8226.862494,658,24722.09577,423,2051.041738,517,10.99905454,17628.99106,850,52975.9195,546,4395.089438,668,0.001103432,0.00108433,0.009864071,0.6,0.725235938,0.243764063,0.031,0.524730114,0.376269886,0.099,1,1,0.02,0.014,0.9358125,0.0301875,1,0.74,0.26,0.92,0.08,0.96,0.04,0.15,0.85,1,1,0,0.01,0.99,0.35,0.65
Chengde City,Medium-small-cities,2,河北省,56.9565,49.32150133,3472.735202,132,13921.25212,85,606.0126783,104,0.076367343,6038.700657,159,24207.51063,102,1053.788713,125,0.234308893,11189.92454,415,44857.36794,267,1952.707519,326,4.670904395,5787.892004,159,23202.08687,102,1010.02113,125,0.153428934,6752.540671,658,27069.10134,423,1178.357986,517,2.499989109,14469.73001,850,58005.21716,546,2525.052826,668,0.002930391,0.001063765,2.83E-05,0.6,0.73,0.26,0.01,0.52,0.44,0.04,1,1,0.02,0.686,0.147,0.147,1,0.74,0.26,0.92,0.08,0.96,0.04,0.15,0.85,1,1,0,0.01,0.99,0.35,0.65
Chizhou City,Medium-small-cities,2,安徽省,18.5196,15.8613205,2882.596246,132,14621.06268,85,496.3410754,104,0.050635848,5012.514583,159,25424.40344,102,863.0819811,125,0.116441949,9288.36568,415,47112.31308,267,1599.321243,326,1.577706409,4804.327076,159,24368.4378,102,827.2351257,125,0.064986088,5605.048255,658,28429.8441,423,965.1076466,517,0.848509203,12010.81769,850,60921.0945,546,2068.087814,668,0.000774173,0.001013003,0.000355932,0.6,0.73,0.26,0.01,0.52,0.44,0.04,1,1,0.02,0.686,0.147,0.147,1,0.74,0.26,0.92,0.08,0.96,0.04,0.15,0.85,1,1,0,0.01,0.99,0.35,0.65
Chifeng City,Largecities,2,内蒙古自治区,159.421,139.771913,4186.424135,132,13394.13474,85,419.441123,104,0.336190543,7279.726412,159,23290.91208,102,729.3615083,125,0.84464401,13489.58888,415,43158.87861,267,1351.532507,326,12.33624804,6977.373558,159,22323.5579,102,699.0685383,125,0.408429834,8140.269151,658,26044.15089,423,815.5799614,517,5.723574541,17443.43389,850,55808.89476,546,1747.671346,668,0.006987936,0.00149679,0.001286702,0.6,0.73,0.26,0.01,0.511610526,0.441389474,0.047,1,1,0.02,0.473443158,0.471524399,0.035032444,1,0.74,0.26,0.92,0.08,0.96,0.04,0.15,0.85,1,1,0,0.01,0.99,0.35,0.65
Chongzuo City,Medium-small-cities,2,广西壮族自治区,19.1722,16.63437501,3308.791801,132,14184.87932,85,506.3288782,104,0.047171468,5753.621299,159,24665.92904,102,880.4496604,125,0.112067973,10661.66247,415,45706.83337,267,1631.504163,326,1.638136441,5514.653002,159,23641.46553,102,843.8814636,125,0.141800292,6433.761836,658,27581.70979,423,984.5283743,517,0.598648815,13786.63251,850,59103.66384,546,2109.703659,668,0.003688546,0.003205009,0,0.6,0.73,0.26,0.01,0.52,0.44,0.04,1,1,0.02,0.686,0.147,0.147,1,0.74,0.26,0.92,0.08,0.96,0.04,0.15,0.85,1,1,0,0.01,0.99,0.35,0.65
Chuzhou City,Medium-small-cities,2,安徽省,47.5566,40.73038698,3203.994139,132,14255.82026,85,540.1855972,104,0.130028119,5571.389808,159,24789.28746,102,939.3227329,125,0.29901203,10323.98111,415,45935.42085,267,1740.598035,326,4.05140244,5339.990232,159,23759.70044,102,900.3093287,125,0.166878193,6229.988604,658,27719.65051,423,1050.360883,517,2.178892242,13349.97558,850,59399.2511,546,2250.773322,668,0.002210503,0.001217765,0,0.6,0.73,0.26,0.01,0.52,0.44,0.04,1,1,0.02,0.686,0.147,0.147,1,0.74,0.26,0.92,0.08,0.96,0.04,0.15,0.85,1,1,0,0.01,0.99,0.35,0.65
Chuxiong Yi Autonomous Prefecture,Medium-small-cities,2,云南省,30.49,25.9203785,1216.107781,132,16437.06969,85,346.8225271,104,0.08540963,2114.676309,159,28582.23785,102,603.0858388,125,0.130383783,3918.569518,415,52963.89123,267,1117.539254,326,3.484052723,2026.846302,159,27395.11615,102,578.0375452,125,0.20547824,2364.65402,658,31960.96884,423,674.3771361,517,0.66429712,5067.115756,850,68487.79038,546,1445.093863,668,0.001395451,0.002688725,0,0.6,0.73,0.26,0.01,0.52,0.44,0.04,1,1,0.02,0.686,0.147,0.147,1,0.74,0.26,0.92,0.08,0.96,0.04,0.15,0.85,1,1,0,0.01,0.99,0.35,0.65
Dazhou City,Medium-small-cities,2,四川省,64.69,57.95360613,1819.812539,132,15603.28706,85,576.9004059,104,0.118829662,3164.451803,159,27132.38249,102,1003.165706,125,0.418345523,5863.840403,415,50277.25829,267,1858.901308,326,4.323446344,3033.020898,159,26005.47843,102,961.5006766,125,0.339125749,3538.524381,658,30339.72483,423,1121.750789,517,1.536646592,7582.552245,850,65013.69606,546,2403.751691,668,7.57E-05,0.002654934,0.000531728,0.6,0.73,0.26,0.01,0.52,0.44,0.04,1,1,0.02,0.686,0.147,0.147,1,0.74,0.26,0.92,0.08,0.96,0.04,0.15,0.85,1,1,0,0.01,0.99,0.35,0.65
Dali Bai Autonomous Prefecture,Medium-small-cities,2,云南省,49.98,42.48935775,2012.317698,132,15555.77454,85,431.9077651,104,0.140005684,3499.196886,159,27049.7635,102,751.0396137,125,0.213728483,6484.134805,415,50124.1624,267,1391.702799,326,5.711149724,3353.86283,159,25926.29089,102,719.8462751,125,0.336825268,3912.839968,658,30247.33938,423,839.8206543,517,1.088933095,8384.657075,850,64815.72724,546,1799.615688,668,0.003970682,0.001749461,0.004058687,0.6,0.73,0.26,0.01,0.52,0.44,0.04,1,1,0.02,0.686,0.147,0.147,1,0.74,0.26,0.92,0.08,0.96,0.04,0.15,0.85,1,1,0,0.01,0.99,0.35,0.65
Dalian City,Largecities,2,辽宁省,169.4615,147.5701771,7802.839461,132,9501.274117,85,695.8864216,104,0.794897644,13568.27084,159,16521.65999,102,1210.069166,125,1.483017993,25142.48271,415,30615.2166,267,2242.300692,326,12.27543427,13004.73244,159,15835.45686,102,1159.810703,125,0.877946652,15172.18784,658,18474.69967,423,1353.112486,517,6.460026377,32511.83109,850,39588.64216,546,2899.526756,668,0.001568857,0.001102872,0.010187094,0.6,0.73,0.26,0.01,0.511610526,0.441389474,0.047,1,1,0.02,0.473443158,0.471524399,0.035032444,1,0.74,0.26,0.92,0.08,0.96,0.04,0.15,0.85,1,0.9,0.1,0.01,0.99,0.35,0.65
Daqing City,Medium-small-cities,2,黑龙江省,97.5303,83.16189506,4294.283716,132,12990.46559,85,715.250692,104,0.399122359,7467.28224,159,22588.97628,102,1243.741481,125,0.969297159,13837.13642,415,41858.16691,267,2304.696674,326,8.299844495,7157.139527,159,21650.77599,102,1192.084487,125,0.796344136,8349.996115,658,25259.23865,423,1390.765234,517,3.903796792,17892.84882,850,54126.93997,546,2980.211217,668,0.000392425,0.001566673,0.001753746,0.6,0.73,0.26,0.01,0.52,0.44,0.04,1,1,0.02,0.686,0.147,0.147,1,0.74,0.26,0.92,0.08,0.96,0.04,0.15,0.85,1,1,0,0.01,0.99,0.35,0.65
Datong City,Medium-small-cities,2,山西省,78.5117,69.49934147,5284.235294,132,11922.35294,85,793.4117647,104,0.135357348,9188.698039,159,20731.64706,102,1379.654902,125,0.400524613,17026.98039,415,38416.47059,267,2556.54902,326,4.91391554,8807.058824,159,19870.58824,102,1322.352941,125,0.140904781,10274.90196,658,23182.35294,423,1542.745098,517,3.421656249,22017.64706,850,49676.47059,546,3305.882353,668,0.001246558,0.001463819,0.002991745,0.6,0.73,0.26,0.01,0.52,0.44,0.04,1,1,0.02,0.686,0.147,0.147,1,0.74,0.26,0.92,0.08,0.96,0.04,0.15,0.85,1,1,0,0.01,0.99,0.35,0.65
Dandong City,Medium-small-cities,2,辽宁省,34.6818,30.20154647,3373.178142,132,14105.71202,85,521.1098369,104,0.162682858,5865.581992,159,24528.2659,102,906.1521053,125,0.303512794,10869.12957,415,45451.73873,267,1679.131697,326,2.512276571,5621.96357,159,23509.52003,102,868.5163949,125,0.179679574,6558.957499,658,27427.77337,423,1013.269127,517,1.322101733,14054.90893,850,58773.80009,546,2171.290987,668,0.0010835,0.001837306,5.46E-05,0.6,0.73,0.26,0.01,0.52,0.44,0.04,1,1,0.02,0.686,0.147,0.147,1,0.74,0.26,0.92,0.08,0.96,0.04,0.15,0.85,1,0.9,0.1,0.01,0.99,0.35,0.65
Deyang City,Medium-small-cities,2,四川省,67.79,60.73079239,2758.920456,132,14590.52863,85,650.550911,104,0.124524081,4797.456127,159,25371.30812,102,1131.235751,125,0.438392998,8889.854803,415,47013.92559,267,2096.219602,326,4.530629582,4598.20076,159,24317.54772,102,1084.251518,125,0.355376944,5364.567554,658,28370.47234,423,1264.960105,517,1.610284008,11495.5019,850,60793.8693,546,2710.628796,668,0.000313967,0.00213462,0,0.6,0.73,0.26,0.01,0.52,0.44,0.04,1,1,0.02,0.686,0.147,0.147,1,0.74,0.26,0.92,0.08,0.96,0.04,0.15,0.85,1,1,0,0.01,0.99,0.35,0.65
Dezhou City,Largecities,2,山东省,108.1157,95.07840869,2694.51356,132,14729.2358,85,576.2506377,104,0.186519455,4685.45969,159,25612.50448,102,1002.035831,125,0.615839798,8682.321471,415,47460.87092,267,1856.80761,326,7.923123201,4490.855933,159,24548.72634,102,960.4177294,125,0.371643503,5239.331922,658,28640.18073,423,1120.487351,517,3.940165354,11227.13983,850,61371.81584,546,2401.044324,668,0.000405038,0.007294704,0,0.6,0.73,0.26,0.01,0.511610526,0.441389474,0.047,1,1,0.02,0.473443158,0.471524399,0.035032444,1,0.74,0.26,0.92,0.08,0.96,0.04,0.15,0.85,1,1,0,0.01,0.99,0.35,0.65
Diqing Tibetan Autonomous Prefecture,Medium-small-cities,2,云南省,7.96,6.767012558,2635.615028,132,15294.90479,85,69.48018528,104,0.022297824,4583.041688,159,26596.13999,102,120.8183222,125,0.03403919,8492.537313,415,49283.58209,267,223.880597,326,0.909578868,4392.691714,159,25491.50798,102,115.8003088,125,0.05364404,5124.806999,658,29740.09264,423,135.1003603,517,0.17342752,10981.72928,850,63728.76994,546,289.500772,668,0.002427622,0.003796955,0.003105949,0.6,0.73,0.26,0.01,0.52,0.44,0.04,1,1,0.02,0.686,0.147,0.147,1,0.74,0.26,0.92,0.08,0.96,0.04,0.15,0.85,1,1,0,0.01,0.99,0.35,0.65
Dingxi City,Medium-small-cities,2,甘肃省,30.58,24.96066725,2586.902241,132,14941.9649,85,471.1328548,104,0.096823219,4498.335564,159,25982.41675,102,819.2476864,125,0.214266198,8335.573888,415,48146.33136,267,1518.094754,326,4.10960774,4311.503735,159,24903.27484,102,785.2214247,125,0.232196423,5030.087691,658,29053.82065,423,916.0916621,517,0.966439167,10778.75934,850,62258.1871,546,1963.053562,668,0.026852997,0.004281681,0,0.6,0.76,0.23,0.01,0.61,0.35,0.04,1,1,0.02,0.686,0.147,0.147,1,0.74,0.26,0.92,0.08,0.96,0.04,0.15,0.85,1,1,0,0.01,0.99,0.35,0.65
Dongguan City,Medium-small-cities,2,广东省,322.8715,286.6440939,14943.90465,132,1673.117759,85,1382.977596,104,0.71580252,25985.78974,159,2909.36588,102,2404.844375,125,2.438463448,48152.58164,415,5391.157222,267,4456.261142,326,25.61848863,24906.50774,159,2788.529598,102,2304.96266,125,1.549977052,29057.59237,658,3253.284531,423,2689.123103,517,5.904674482,62266.26936,850,6971.323994,546,5762.40665,668,0.001123468,0.00111812,0,0.6,0.717,0.273,0.01,0.498,0.462,0.04,1,1,0.02,0.686,0.147,0.147,1,0.74,0.26,0.92,0.08,0.96,0.04,0.15,0.85,1,0.9,0.1,0.01,0.99,0.35,0.65
Dongying City,Largecities,2,山东省,73.1925,64.36647432,5867.834274,132,11583.63253,85,548.5331933,104,0.126270516,10203.51182,159,20142.6499,102,953.8382751,125,0.416913126,18907.46599,415,37325.03816,267,1767.495845,326,5.363820379,9779.72379,159,19306.05422,102,914.2219889,125,0.251596365,11409.67775,658,22523.72992,423,1066.59232,517,2.667425292,24449.30947,850,48265.13555,546,2285.554972,668,0.001197064,0.003345827,0.004091781,0.6,0.73,0.26,0.01,0.511610526,0.441389474,0.047,1,1,0.02,0.473443158,0.471524399,0.035032444,1,0.74,0.26,0.92,0.08,0.96,0.04,0.15,0.85,1,0.9,0.1,0.01,0.99,0.35,0.65
Ordos City,Largecities,2,内蒙古自治区,70.5,61.81067657,2734.371634,132,14781.61847,85,484.0099006,104,0.148671965,4754.768452,159,25703.59211,102,841.6394383,125,0.373522953,8810.753042,415,47629.6595,267,1559.587457,326,5.455401025,4557.286056,159,24636.03078,102,806.6831677,125,0.180618007,5316.833732,658,28742.03591,423,941.1303623,517,2.531109484,11393.21514,850,61590.07694,546,2016.707919,668,0.002713578,0.000915988,0.00208009,0.6,0.73,0.26,0.01,0.511610526,0.441389474,0.047,1,1,0.02,0.473443158,0.471524399,0.035032444,1,0.74,0.26,0.92,0.08,0.96,0.04,0.15,0.85,1,1,0,0.01,0.99,0.35,0.65
Ezhou City,Medium-small-cities,2,湖北省,7.7847,6.853170225,2985.665253,132,14577.35368,85,436.9810699,104,0.025196148,5191.740135,159,25348.39834,102,759.8615272,125,0.056031866,9620.476927,415,46971.47296,267,1408.050114,326,0.58005716,4976.108756,159,24295.58946,102,728.3017832,125,0.052848237,5805.460215,658,28344.85437,423,849.6854137,517,0.217396364,12440.27189,850,60738.97365,546,1820.754458,668,0.006547923,0.001416692,0,0.6,0.73,0.26,0.01,0.52,0.44,0.04,1,1,0.02,0.686,0.147,0.147,1,0.74,0.26,0.92,0.08,0.96,0.04,0.15,0.85,1,1,0,0.01,0.99,0.35,0.65
Enshi Tujia and Miao Autonomous Prefecture,Medium-small-cities,2,湖北省,48.4,42.60837783,2065.396485,132,15934.60352,85,0,104,0.156652606,3591.494998,159,27708.505,102,0,125,0.348368251,6655.16645,415,51344.83355,267,0,326,3.606403141,3442.327474,159,26557.67253,102,0,125,0.3285746,4016.04872,658,30983.95128,423,0,517,1.35162357,8605.818686,850,66394.18131,546,0,668,0.002758124,0.003112606,0.001850336,0.6,0.717,0.273,0.01,0.498,0.462,0.04,1,1,0.02,0.686,0.147,0.147,1,0.74,0.26,0.92,0.08,0.96,0.04,0.15,0.85,1,1,0,0.01,0.99,0.35,0.65
Fangchenggang City,Medium-small-cities,2,广西壮族自治区,15.5007,13.44887163,3343.471299,132,13881.08086,85,775.4478382,104,0.038138074,5813.925092,159,24137.65728,102,1348.41763,125,0.090606818,10773.40752,415,44727.92723,267,2498.665256,326,1.324431287,5572.452165,159,23135.13477,102,1292.413064,125,0.114645361,6501.194192,658,26990.99057,423,1507.815241,517,0.484006827,13931.13041,850,57837.83693,546,3231.032659,668,0.006628978,0.001352873,0,0.6,0.704,0.286,0.01,0.476,0.484,0.04,1,1,0.02,0.686,0.147,0.147,1,0.74,0.26,0.92,0.08,0.96,0.04,0.15,0.85,1,0.9,0.1,0.01,0.99,0.35,0.65
Foshan City,Extra-large-cities,2,广东省,272.9071,242.2858889,9689.575916,132,6462.946254,85,1847.47783,104,0.605032001,16849.0959,159,11238.34543,102,3212.558671,125,2.061110962,31221.96684,415,20825.04904,267,5952.98412,326,21.6540247,16149.29319,159,10771.57709,102,3079.129717,125,1.310117933,18840.84206,658,12566.83994,423,3592.318003,517,4.990925459,40373.23298,850,26928.94273,546,7697.824293,668,0.001031127,0.004999511,2.96E-04,0.6,0.725235938,0.243764063,0.031,0.524730114,0.376269886,0.099,1,1,0.02,0.014,0.9358125,0.0301875,1,0.74,0.26,0.92,0.08,0.96,0.04,0.15,0.85,1,1,0,0.01,0.99,0.35,0.65
Fuzhou City (Fujian),Extra-large-cities,2,福建省,145.93,127.6066513,3323.763961,132,13637.94866,85,1038.28738,104,0.475903168,5779.656222,159,23714.87739,102,1805.466389,125,0.766613248,10709.9061,415,43944.50123,267,3345.592669,326,13.61169197,5539.606602,159,22729.91443,102,1730.478967,125,0.432835008,6462.874369,658,26518.2335,423,2018.892128,517,3.036305281,13849.01651,850,56824.78608,546,4326.197417,668,0.000398827,0.000566681,0.003180704,0.6,0.73684375,0.23215625,0.031,0.542647727,0.358352273,0.099,1,1,0.02,0.014,0.9358125,0.0301875,1,0.74,0.26,0.92,0.08,0.96,0.04,0.15,0.85,1,0.9,0.1,0.01,0.99,0.35,0.65
Fushun City,Medium-small-cities,2,辽宁省,28.5754,24.88398154,3259.609913,132,14149.61067,85,590.7794131,104,0.134039402,5668.099459,159,24604.60078,102,1027.299757,125,0.250073511,10503.1875,415,45593.18995,267,1903.622553,326,2.069941812,5432.683188,159,23582.68446,102,984.6323551,125,0.148043519,6338.130386,658,27513.13187,423,1148.737748,517,1.089320216,13581.70797,850,58956.71114,546,2461.580888,668,0.001874824,0.001964648,0,0.6,0.73,0.26,0.01,0.52,0.44,0.04,1,1,0.02,0.686,0.147,0.147,1,0.74,0.26,0.92,0.08,0.96,0.04,0.15,0.85,1,1,0,0.01,0.99,0.35,0.65
Fuzhou City (Jiangxi),Medium-small-cities,2,江西省,37.6025,32.33078066,2592.127129,132,14702.11882,85,705.7540507,104,0.088029665,4507.421064,159,25565.35106,102,1227.227877,125,0.190521345,8352.409639,415,47373.49398,267,2274.096386,326,3.050227877,4320.211882,159,24503.53137,102,1176.256751,125,0.240195228,5040.247196,658,28587.45326,423,1372.299543,517,1.702745226,10800.52971,850,61258.82842,546,2940.641878,668,0.000174041,0.000936732,0,0.6,0.704,0.286,0.01,0.476,0.484,0.04,1,1,0.02,0.686,0.147,0.147,1,0.74,0.26,0.92,0.08,0.96,0.04,0.15,0.85,1,1,0,0.01,0.99,0.35,0.65
Fuxin City,Medium-small-cities,2,辽宁省,28.8588,25.13077145,3020.240827,132,14510.06145,85,469.69772,104,0.135368754,5251.863216,159,25231.38464,102,816.7521464,125,0.252553646,9731.88711,415,46754.64246,267,1513.470431,326,2.090470711,5033.734712,159,24183.43575,102,782.8295333,125,0.149511758,5872.690497,658,28214.00838,423,913.3011222,517,1.100123681,12584.33678,850,60458.58939,546,1957.073833,668,0.002502759,0.001412737,0,0.6,0.73,0.26,0.01,0.52,0.44,0.04,1,1,0.02,0.686,0.147,0.147,1,0.74,0.26,0.92,0.08,0.96,0.04,0.15,0.85,1,1,0,0.01,0.99,0.35,0.65
Fuyang City,Medium-small-cities,2,安徽省,92.9875,79.64019419,2729.903537,132,15023.15113,85,246.9453376,104,0.2542442,4746.998928,159,26123.59057,102,429.4105038,125,0.584658726,8796.355841,415,48407.9314,267,795.7127546,326,7.921714007,4549.839228,159,25038.58521,102,411.5755627,125,0.326297212,5308.145766,658,29211.68274,423,480.1714898,517,4.260391668,11374.59807,850,62596.46302,546,1028.938907,668,0.000449056,0.000779903,0.001210818,0.6,0.73,0.26,0.01,0.52,0.44,0.04,1,1,0.02,0.686,0.147,0.147,1,0.74,0.26,0.92,0.08,0.96,0.04,0.15,0.85,1,1,0,0.01,0.99,0.35,0.65
Ganzhou City,Largecities,2,江西省,105.325,90.5588584,2365.408205,132,15023.30653,85,611.2852665,104,0.246572021,4113.182045,159,26123.8608,102,1062.957158,125,0.533652303,7621.870883,415,48408.43215,267,1969.69697,326,8.543720528,3942.347008,159,25038.84421,102,1018.808777,125,0.672789372,4599.404843,658,29211.98492,423,1188.61024,517,4.769407378,9855.867521,850,62597.11054,546,2547.021944,668,0.001318826,0.000739111,0.000873256,0.6,0.704,0.286,0.01,0.489541053,0.463458947,0.047,1,1,0.02,0.473443158,0.471524399,0.035032444,1,0.74,0.26,0.92,0.08,0.96,0.04,0.15,0.85,1,1,0,0.01,0.99,0.35,0.65
Guyuan City,Medium-small-cities,2,宁夏回族自治区,17.92,13.95251452,4664.43934,132,12835.66507,85,499.8955941,104,0.0423046,8110.941741,159,22319.79536,102,869.2628941,125,0.11319339,15029.8601,415,41359.36521,267,1610.774692,326,2.818401072,7774.065567,159,21392.77511,102,833.1593234,125,0.093756141,9069.743161,658,24958.23763,423,972.0192107,517,0.899830281,19435.16392,850,53481.93777,546,2082.898309,668,0.004408033,0.001220824,0.00461285,0.6,0.73,0.26,0.01,0.52,0.44,0.04,1,1,0.02,0.686,0.147,0.147,1,0.74,0.26,0.92,0.08,0.96,0.04,0.15,0.85,1,1,0,0.01,0.99,0.35,0.65
Guang'an City,Medium-small-cities,2,四川省,39.23,35.14484416,1339.144511,132,16194.1468,85,466.7086867,104,0.072061952,2328.62351,159,28159.82194,102,811.5545496,125,0.253697556,4315.021201,415,52181.1397,267,1503.839102,326,2.62187046,2231.907518,159,26990.24467,102,777.8478111,125,0.205656255,2603.892104,658,31488.61878,423,907.489113,517,0.931869621,5579.768794,850,67475.61168,546,1944.619528,668,7.23E-05,0.00306423,0,0.6,0.73,0.26,0.01,0.52,0.44,0.04,1,1,0.02,0.686,0.147,0.147,1,0.74,0.26,0.92,0.08,0.96,0.04,0.15,0.85,1,1,0,0.01,0.99,0.35,0.65
Guangyuan City,Medium-small-cities,2,四川省,44.13,39.53459018,1991.652725,132,15555.32212,85,453.0251595,104,0.081062807,3463.262795,159,27048.97679,102,787.7604163,125,0.285385499,6417.54767,415,50122.70459,267,1459.747736,326,2.949353643,3319.421209,159,25925.53686,102,755.0419326,125,0.231343628,3872.658077,658,30246.45967,423,880.8822547,517,1.048264247,8298.553022,850,64813.84215,546,1887.604831,668,0.002752954,0.002942883,0.011608927,0.6,0.73,0.26,0.01,0.52,0.44,0.04,1,1,0.02,0.686,0.147,0.147,1,0.74,0.26,0.92,0.08,0.96,0.04,0.15,0.85,1,1,0,0.01,0.99,0.35,0.65
Guangzhou City,Megacities,2,广东省,277.3517,246.231788,6796.081923,132,9140.249332,85,2063.668744,104,0.61488563,11817.63134,159,15893.87801,102,3588.49065,125,2.094678479,21898.4862,415,29451.91451,267,6649.599288,326,22.00668493,11326.80321,159,15233.74889,102,3439.447907,125,1.331454682,13214.60374,658,17772.70703,423,4012.689225,517,5.072208311,28317.00801,850,38084.37222,546,8598.619768,668,0.000941846,0.003621697,4.24E-02,0.6,0.54571791,0.21128209,0.243,0.445489474,0.217510526,0.337,1,1,0.02,0.130727869,0.562343538,0.286928594,1,0.74,0.26,0.92,0.08,0.96,0.04,0.15,0.85,1,0.9,0.1,0.01,0.99,0.35,0.65
Guigang City,Medium-small-cities,2,广西壮族自治区,42.7409,37.08328512,3267.132813,132,14009.19702,85,723.6701636,104,0.105160128,5681.180948,159,24360.43705,102,1258.382007,125,0.249834971,10527.42795,415,45140.74596,267,2331.826083,326,3.651924443,5445.221356,159,23348.6617,102,1206.116939,125,0.316117718,6352.758248,658,27240.10532,423,1407.136429,517,1.334577624,13613.05339,850,58371.65426,546,3015.292348,668,0.001195225,0.002052235,0,0.6,0.717,0.273,0.01,0.498,0.462,0.04,1,1,0.02,0.686,0.147,0.147,1,0.74,0.26,0.92,0.08,0.96,0.04,0.15,0.85,1,1,0,0.01,0.99,0.35,0.65
Guiyang City,Largecities,2,贵州省,134.1511,116.1506494,5579.193658,132,11674.79948,85,746.0068641,104,0.478694972,9701.59786,159,20301.17909,102,1297.223047,125,0.787693843,17977.40179,415,37618.79832,267,2403.799895,326,13.64660588,9298.656096,159,19457.99913,102,1243.344774,125,0.742103846,10848.43211,658,22700.99899,423,1450.568902,517,2.345352086,23246.64024,850,48644.99783,546,3108.361934,668,0.001374552,0.001526665,0.04226872,0.6,0.73,0.26,0.01,0.531673684,0.421326316,0.047,1,1,0.02,0.473443158,0.471524399,0.035032444,1,0.74,0.26,0.92,0.08,0.96,0.04,0.15,0.85,1,1,0,0.01,0.99,0.35,0.65
Guilin City,Medium-small-cities,2,广西壮族自治区,70.3696,61.05477284,3203.703704,132,13944.44444,85,851.8518519,104,0.173138051,5570.884774,159,24247.83951,102,1481.27572,125,0.411334037,10323.04527,415,44932.09877,267,2744.855967,326,6.012612329,5339.506173,159,23240.74074,102,1419.753086,125,0.520463476,6229.423868,658,27114.19753,423,1656.378601,517,2.19727927,13348.76543,850,58101.85185,546,3549.382716,668,0.004222254,0.00181321,0.003666718,0.6,0.704,0.286,0.01,0.476,0.484,0.04,1,1,0.02,0.686,0.147,0.147,1,0.74,0.26,0.92,0.08,0.96,0.04,0.15,0.85,1,1,0,0.01,0.99,0.35,0.65
Harbin City,Largecities,2,黑龙江省,195.2374,166.4745435,4371.074236,132,13016.03493,85,612.8908297,104,0.798968236,7600.812421,159,22633.43852,102,1065.749054,125,1.94035143,14084.57254,415,41940.55701,267,1974.870451,326,16.6147347,7285.123726,159,21693.39156,102,1021.484716,125,1.594131861,8499.311014,658,25308.95682,423,1191.732169,517,7.81467027,18212.80932,850,54233.47889,546,2553.71179,668,0.000367531,0.001410561,0.004852118,0.6,0.73,0.26,0.01,0.531673684,0.421326316,0.047,1,1,0.02,0.473443158,0.471524399,0.035032444,1,0.74,0.26,0.92,0.08,0.96,0.04,0.15,0.85,1,1,0,0.01,0.99,0.35,0.65
Hami City,Medium-small-cities,2,新疆维吾尔族自治区,19.69,16.31063127,2619.429173,132,14791.83885,85,588.7319723,104,0.101039712,4554.896285,159,25721.36423,102,1023.739485,125,0.136995285,8440.382891,415,47662.59186,267,1897.025244,326,2.217867181,4365.715289,159,24653.06476,102,981.2199539,125,0.131078545,5093.334503,658,28761.90888,423,1144.756613,517,0.792388008,10914.28822,850,61632.66189,546,2453.049885,668,0.005060463,0.004713256,0.000290172,0.6,0.73,0.26,0.01,0.52,0.44,0.04,1,1,0.02,0.686,0.147,0.147,1,0.74,0.26,0.92,0.08,0.96,0.04,0.15,0.85,1,1,0,0.01,0.99,0.35,0.65
Haidong City,Medium-small-cities,2,青海省,21.2874,17.60100597,2650.554155,132,14875.06627,85,474.3795747,104,0.104094866,4609.019169,159,25866.08746,102,824.8933715,125,0.166910733,8540.674499,415,47930.76909,267,1528.556407,326,2.661598027,4417.590258,159,24791.77712,102,790.6326244,125,0.13281069,5153.855301,658,28923.73997,423,922.4047285,517,0.620979715,11043.97565,850,61979.44279,546,1976.581561,668,0.001281837,0.004696492,0,0.6,0.73,0.26,0.01,0.52,0.44,0.04,1,1,0.02,0.686,0.147,0.147,1,0.74,0.26,0.92,0.08,0.96,0.04,0.15,0.85,1,1,0,0.01,0.99,0.35,0.65
Haikou City,Medium-small-cities,2,海南省,82.071,70.53465009,6697.587168,132,10178.61088,85,1123.801957,104,0.342663859,11646.35991,159,17699.47336,102,1954.166736,125,1.00394499,21581.11421,415,32797.74615,267,3621.139638,326,8.410293657,11162.64528,159,16964.35146,102,1873.003261,125,0.679316071,13023.08616,658,19791.74337,423,2185.170472,517,1.100131336,27906.6132,850,42410.87865,546,4682.508153,668,0.000394863,0.000799132,0.009762863,0.6,0.73,0.26,0.01,0.54,0.42,0.04,1,1,0.02,0.686,0.147,0.147,1,0.74,0.26,0.92,0.08,0.96,0.04,0.15,0.85,1,0.9,0.1,0.01,0.99,0.35,0.65
Handan City,Largecities,2,河北省,153.9156,133.2832683,4985.983567,132,12498.79169,85,515.2247463,104,0.20637022,8670.071425,159,21734.00999,102,895.9185865,125,0.633181356,16065.94705,415,40273.88432,267,1660.168627,326,12.62235307,8309.972612,159,20831.31948,102,858.7079104,125,0.414616532,9694.968047,658,24303.20606,423,1001.825895,517,6.755810552,20774.93153,850,52078.2987,546,2146.769776,668,0.001440382,0.000713256,0.002102763,0.6,0.73,0.26,0.01,0.531673684,0.421326316,0.047,1,1,0.02,0.473443158,0.471524399,0.035032444,1,0.74,0.26,0.92,0.08,0.96,0.04,0.15,0.85,1,1,0,0.01,0.99,0.35,0.65
Hanzhong City,Medium-small-cities,2,陕西省,33.1003,29.68199661,1791.909726,132,15718.37047,85,489.7198049,104,0.084804296,3115.931912,159,27332.49976,102,851.5683274,125,0.210531595,5773.931338,415,50648.08262,267,1577.986038,326,2.175328799,2986.516209,159,26197.28412,102,816.1996749,125,0.081352958,3484.268911,658,30563.49814,423,952.232954,517,0.866285743,7466.290523,850,65493.21029,546,2040.499187,668,0.002601232,0.002792369,0.004759642,0.6,0.717,0.273,0.01,0.498,0.462,0.04,1,1,0.02,0.686,0.147,0.147,1,0.74,0.26,0.92,0.08,0.96,0.04,0.15,0.85,1,1,0,0.01,0.99,0.35,0.65
Hangzhou City,Extra-large-cities,2,浙江省,274.584,248.3524372,5552.618369,132,11389.2109,85,1058.170735,104,0.530667601,9655.386386,159,19804.57228,102,1840.041333,125,1.243752189,17891.7703,415,36698.56844,267,3409.661257,326,19.5235927,9254.363949,159,18982.01816,102,1763.617891,125,0.648409475,10796.75794,658,22145.68785,423,2057.554207,517,4.285140876,23135.90987,850,47455.0454,546,4409.044728,668,0.000930323,0.000731021,0.010042258,0.6,0.725235938,0.243764063,0.031,0.524730114,0.376269886,0.099,1,1,0.02,0.014,0.9358125,0.0301875,1,0.74,0.26,0.92,0.08,0.96,0.04,0.15,0.85,1,1,0,0.01,0.99,0.35,0.65
Hefei City,Extra-large-cities,2,安徽省,216.4758,185.4031429,3778.326417,132,13766.87503,85,454.7985502,104,0.591882957,6570.089825,159,23939.06603,102,790.8441456,125,1.361091173,12174.60734,415,44359.93066,267,1465.461995,326,18.44182688,6297.210695,159,22944.79172,102,757.9975837,125,0.759623067,7346.745811,658,26768.92367,423,884.3305143,517,9.918233038,15743.02674,850,57361.9793,546,1894.993959,668,0.000931898,0.000707047,0.004688423,0.6,0.7065625,0.2624375,0.031,0.4505,0.4505,0.099,1,1,0.02,0.014,0.9358125,0.0301875,1,0.74,0.26,0.92,0.08,0.96,0.04,0.15,0.85,1,1,0,0.01,0.99,0.35,0.65
Hechi City,Medium-small-cities,2,广西壮族自治区,32.5873,28.27371761,3381.579088,132,14059.22775,85,559.1931642,104,0.080178111,5880.190303,159,24447.43492,102,972.37478,125,0.190483755,10896.19928,415,45301.95608,267,1801.84464,326,2.784367138,5635.965146,159,23432.04625,102,931.9886071,125,0.241020262,6575.292671,658,27337.38729,423,1087.320042,517,1.017533122,14089.91287,850,58580.11562,546,2329.971518,668,0.004612799,0.003351101,5.22E-05,0.6,0.717,0.273,0.01,0.498,0.462,0.04,1,1,0.02,0.686,0.147,0.147,1,0.74,0.26,0.92,0.08,0.96,0.04,0.15,0.85,1,1,0,0.01,0.99,0.35,0.65
Heyuan City,Medium-small-cities,2,广东省,41.7966,37.10686305,3120.795984,132,14163.40119,85,715.8028261,104,0.092662597,5426.717461,159,24628.58096,102,1244.701581,125,0.315665772,10055.89817,415,45637.62606,267,2306.475773,326,3.31638352,5201.32664,159,23605.66865,102,1193.00471,125,0.200648775,6068.214413,658,27539.94676,423,1391.838829,517,0.764376284,13003.3166,850,59014.17163,546,2982.511775,668,0.000247544,0.005003875,0,0.6,0.704,0.286,0.01,0.476,0.484,0.04,1,1,0.02,0.686,0.147,0.147,1,0.74,0.26,0.92,0.08,0.96,0.04,0.15,0.85,1,1,0,0.01,0.99,0.35,0.65
Heze City,Largecities,2,山东省,118.3422,104.0717311,2678.835737,132,14823.70994,85,497.4543267,104,0.204162048,4658.197698,159,25776.7845,102,865.0178015,125,0.67409115,8631.804042,415,47765.28757,267,1602.908386,326,8.672559402,4464.726228,159,24706.18323,102,829.0905445,125,0.406796698,5208.847267,658,28823.88043,423,967.2723019,517,4.312859616,11161.81557,850,61765.45807,546,2072.726361,668,0.000195243,0.004076725,0,0.6,0.73,0.26,0.01,0.511610526,0.441389474,0.047,1,1,0.02,0.473443158,0.471524399,0.035032444,1,0.74,0.26,0.92,0.08,0.96,0.04,0.15,0.85,1,1,0,0.01,0.99,0.35,0.65
Hezhou City,Medium-small-cities,2,广西壮族自治区,22.6107,19.61772061,3290.564464,132,14119.55149,85,589.8840431,104,0.055631587,5721.925985,159,24552.33121,102,1025.742808,125,0.132167165,10602.92994,415,45496.33259,267,1900.737472,326,1.931933301,5484.274107,159,23532.58582,102,983.1400719,125,0.167231923,6398.319792,658,27454.68346,423,1146.99675,517,0.706015416,13710.68527,850,58831.46455,546,2457.85018,668,0.002572007,0.002082887,0,0.6,0.704,0.286,0.01,0.476,0.484,0.04,1,1,0.02,0.686,0.147,0.147,1,0.74,0.26,0.92,0.08,0.96,0.04,0.15,0.85,1,1,0,0.01,0.99,0.35,0.65
Hebi City,Medium-small-cities,2,河南省,27.758,24.50000173,3134.8756,132,14562.6364,85,302.4879965,104,0.063112693,5451.200349,159,25322.80663,102,525.9930162,125,0.136945899,10101.26582,415,46924.05063,267,974.6835443,326,1.990729968,5224.792667,159,24271.06067,102,504.1466608,125,0.068472949,6095.591445,658,28316.23745,423,588.1711043,517,0.998736758,13061.98167,850,60677.65168,546,1260.366652,668,0.002934847,0.000774989,0,0.6,0.73,0.26,0.01,0.52,0.44,0.04,1,1,0.02,0.686,0.147,0.147,1,0.74,0.26,0.92,0.08,0.96,0.04,0.15,0.85,1,1,0,0.01,0.99,0.35,0.65
Hegang City,Medium-small-cities,2,黑龙江省,10,8.526775275,3452.564371,132,14029.01772,85,518.4179117,104,0.040922909,6003.625823,159,24394.90303,102,901.4711464,125,0.099384208,11124.92964,415,45204.61264,267,1670.457715,326,0.851001637,5754.273952,159,23381.6962,102,864.0298528,125,0.081650947,6713.31961,658,27278.64556,423,1008.034828,517,0.400265025,14385.68488,850,58454.24049,546,2160.074632,668,0.000882643,0.004221241,0,0.6,0.73,0.26,0.01,0.52,0.44,0.04,1,1,0.02,0.686,0.147,0.147,1,0.74,0.26,0.92,0.08,0.96,0.04,0.15,0.85,1,1,0,0.01,0.99,0.35,0.65
Heihe City,Medium-small-cities,2,黑龙江省,22.3434,19.05171507,2975.337243,132,14714.07026,85,310.5924971,104,0.091435693,5173.780872,159,25586.13329,102,540.0858421,125,0.222058111,9587.197782,415,47412.00417,267,1000.798046,326,1.901426997,4958.895405,159,24523.45043,102,517.6541618,125,0.182435977,5785.377972,658,28610.69217,423,603.9298554,517,0.894328155,12397.23851,850,61308.62608,546,1294.135405,668,0.000982994,0.00410677,0.00111361,0.6,0.73,0.26,0.01,0.52,0.44,0.04,1,1,0.02,0.686,0.147,0.147,1,0.74,0.26,0.92,0.08,0.96,0.04,0.15,0.85,1,1,0,0.01,0.99,0.35,0.65
Hengshui City,Medium-small-cities,2,河北省,83.8,72.56663965,3789.069621,132,13560.35305,85,650.577334,104,0.11235914,6588.771063,159,23579.94724,102,1131.281697,125,0.34473827,12209.22433,415,43694.47092,267,2096.304743,326,6.872293562,6315.116034,159,22600.58841,102,1084.295557,125,0.225739726,7367.635373,658,26367.35314,423,1265.011483,517,3.678229655,15787.79009,850,56501.47102,546,2710.738892,668,0.004212191,0.001902119,0,0.6,0.73,0.26,0.01,0.52,0.44,0.04,1,1,0.02,0.686,0.147,0.147,1,0.74,0.26,0.92,0.08,0.96,0.04,0.15,0.85,1,1,0,0.01,0.99,0.35,0.65
Hengyang City,Largecities,2,湖南省,62.6219,55.96609736,1311.072222,132,16122.78295,85,566.1448233,104,0.304112536,2279.80892,159,28035.72814,102,984.4629428,125,0.444972262,4224.56605,415,51951.18952,267,1824.244431,326,4.272022662,2185.120371,159,26871.30492,102,943.5747056,125,0.356122281,2549.307099,658,31349.85574,423,1100.837157,517,1.278572897,5462.800927,850,67178.26231,546,2358.936764,668,0.001746142,0.001687843,0.000490397,0.6,0.73,0.26,0.01,0.531673684,0.421326316,0.047,1,1,0.02,0.473443158,0.471524399,0.035032444,1,0.74,0.26,0.92,0.08,0.96,0.04,0.15,0.85,1,1,0,0.01,0.99,0.35,0.65
Honghe Hani and Yi Autonomous Prefecture,Medium-small-cities,2,云南省,55.38,47.08004466,1780.17837,132,15702.80116,85,517.0204748,104,0.155132348,3095.532387,159,27305.42645,102,899.041159,125,0.236820396,5736.130302,415,50597.91483,267,1665.954863,326,6.328200715,2966.963949,159,26171.33526,102,861.7007914,125,0.373216954,3461.457941,658,30533.22447,423,1005.31759,517,1.20658493,7417.409873,850,65428.33815,546,2154.251978,668,0.001503547,0.001698816,0,0.6,0.73,0.26,0.01,0.52,0.44,0.04,1,1,0.02,0.686,0.147,0.147,1,0.74,0.26,0.92,0.08,0.96,0.04,0.15,0.85,1,1,0,0.01,0.99,0.35,0.65
Hohhot City,Medium-small-cities,2,内蒙古自治区,120.3595,105.5248529,4793.845789,132,12343.86647,85,862.2877426,104,0.253816785,8335.965177,159,21464.61225,102,1499.422575,125,0.637688452,15446.83643,415,39774.68084,267,2778.482726,326,9.313607655,7989.742981,159,20573.11078,102,1437.146238,125,0.308355929,9321.366811,658,24001.96258,423,1676.670611,517,4.321178326,19974.35745,850,51432.77695,546,3592.865594,668,0.002440507,0.000691012,0.005957609,0.6,0.73,0.26,0.01,0.52,0.44,0.04,1,1,0.02,0.686,0.147,0.147,1,0.74,0.26,0.92,0.08,0.96,0.04,0.15,0.85,1,1,0,0.01,0.99,0.35,0.65
Hulunbuir City,Medium-small-cities,2,内蒙古自治区,43.5885,38.21609469,4544.471029,132,13139.70665,85,315.8223239,104,0.091920396,7902.330178,159,22848.48989,102,549.17993,125,0.2309405,14643.29554,415,42339.05475,267,1017.64971,326,3.372946774,7574.118381,159,21899.51108,102,526.3705399,125,0.111671886,8836.471445,658,25549.42959,423,614.0989632,517,1.564925756,18935.29595,850,54748.7777,546,1315.92635,668,0.002751511,0.002329217,0.015115629,0.6,0.73,0.26,0.01,0.52,0.44,0.04,1,1,0.02,0.686,0.147,0.147,1,0.74,0.26,0.92,0.08,0.96,0.04,0.15,0.85,1,1,0,0.01,0.99,0.35,0.65
Huludao City,Medium-small-cities,2,辽宁省,42,36.57436903,3295.903749,132,14223.49695,85,480.5993033,104,0.197010537,5731.210409,159,24733.0808,102,835.7087885,125,0.367556971,10620.1343,415,45831.26794,267,1548.597755,326,3.042391571,5493.172916,159,23705.82825,102,800.9988388,125,0.217593727,6408.701735,658,27656.79962,423,934.4986453,517,1.601078167,13732.93229,850,59264.57061,546,2002.497097,668,0.000343755,0.000735813,0,0.6,0.73,0.26,0.01,0.52,0.44,0.04,1,1,0.02,0.686,0.147,0.147,1,0.74,0.26,0.92,0.08,0.96,0.04,0.15,0.85,1,0.9,0.1,0.01,0.99,0.35,0.65
Huzhou City,Largecities,2,浙江省,88.6936,80.22052166,4216.88193,132,12962.73795,85,820.3801218,104,0.171411371,7332.689134,159,22540.76099,102,1426.549878,125,0.401745401,13587.73066,415,41768.82228,267,2643.447059,326,6.306331474,7028.13655,159,21604.56325,102,1367.300203,125,0.209443269,8199.492642,658,25205.32379,423,1595.18357,517,1.384146821,17570.34138,850,54011.40812,546,3418.250507,668,0.001096486,0.000532777,0,0.6,0.717,0.273,0.01,0.510607368,0.442392632,0.047,1,1,0.02,0.473443158,0.471524399,0.035032444,1,0.74,0.26,0.92,0.08,0.96,0.04,0.15,0.85,1,1,0,0.01,0.99,0.35,0.65
Huaihua City,Medium-small-cities,2,湖南省,41.2396,36.85642672,1877.990201,132,15502.06552,85,619.944279,104,0.200273057,3265.616294,159,26956.36949,102,1078.014218,125,0.293036112,6051.301758,415,49951.10001,267,1997.598232,326,2.81333696,3129.983668,159,25836.77587,102,1033.240465,125,0.234524031,3651.647613,658,30142.90518,423,1205.447209,517,0.842003115,7824.95917,850,64591.93967,546,2583.101162,668,0.002369421,0.002407465,0.000859841,0.6,0.73,0.26,0.01,0.52,0.44,0.04,1,1,0.02,0.686,0.147,0.147,1,0.74,0.26,0.92,0.08,0.96,0.04,0.15,0.85,1,1,0,0.01,0.99,0.35,0.65
Huai'an City,Largecities,2,江苏省,63.21,58.51251803,4195.68024,132,13221.40275,85,582.9170061,104,0.13114039,7295.82175,159,22990.55034,102,1013.627905,125,0.382465138,13519.41411,415,42602.29776,267,1878.288131,326,2.14505838,6992.8004,159,22035.67126,102,971.5283436,125,0.371177104,8158.267133,658,25708.28313,423,1133.449734,517,1.66764096,17482.001,850,55089.17814,546,2428.820859,668,0.000150041,0.000689955,0.001532635,0.6,0.73,0.26,0.01,0.511610526,0.441389474,0.047,1,1,0.02,0.473443158,0.471524399,0.035032444,1,0.74,0.26,0.92,0.08,0.96,0.04,0.15,0.85,1,1,0,0.01,0.99,0.35,0.65
Huaibei City,Medium-small-cities,2,安徽省,30.9678,26.52272193,4642.256084,132,12993.40459,85,364.3393223,104,0.084671418,8072.367523,159,22594.08688,102,633.5455993,125,0.194709983,14958.38071,415,41867.63703,267,1173.982261,326,2.638183143,7737.093473,159,21655.67432,102,607.2322038,125,0.108667367,9026.609052,658,25264.95338,423,708.4375711,517,1.418846158,19342.73368,850,54139.18581,546,1518.080509,668,0.007057181,0.001584188,0,0.6,0.73,0.26,0.01,0.52,0.44,0.04,1,1,0.02,0.686,0.147,0.147,1,0.74,0.26,0.92,0.08,0.96,0.04,0.15,0.85,1,1,0,0.01,0.99,0.35,0.65
Huainan City,Medium-small-cities,2,安徽省,36.8604,31.56950573,3246.861925,132,14353.55649,85,399.58159,104,0.100782825,5645.932125,159,24959.23989,102,694.827987,125,0.231759694,10462.11065,415,46250.34868,267,1287.540679,326,3.140180637,5411.436541,159,23922.59414,102,665.9693166,125,0.129344759,6313.342631,658,27909.69317,423,776.9642027,517,1.688826359,13528.59135,850,59806.48536,546,1664.923291,668,0.000494837,0.001064517,0,0.6,0.73,0.26,0.01,0.52,0.44,0.04,1,1,0.02,0.686,0.147,0.147,1,0.74,0.26,0.92,0.08,0.96,0.04,0.15,0.85,1,1,0,0.01,0.99,0.35,0.65
Huanggang City,Medium-small-cities,2,湖北省,48.5984,42.78303697,2480.51108,132,15076.93336,85,442.5555565,104,0.157294752,4313.333156,159,26217.1119,102,769.5549399,125,0.349796273,7992.757925,415,48581.22973,267,1426.012349,326,3.621186413,4134.185134,159,25128.22227,102,737.5925942,125,0.329921484,4823.215989,658,29316.25932,423,860.5246932,517,1.35716411,10335.46283,850,62820.55568,546,1843.981485,668,0.000306813,0.003638137,0,0.6,0.73,0.26,0.01,0.52,0.44,0.04,1,1,0.02,0.686,0.147,0.147,1,0.74,0.26,0.92,0.08,0.96,0.04,0.15,0.85,1,1,0,0.01,0.99,0.35,0.65
Huangshan City,Medium-small-cities,2,安徽省,21.0622,18.03895898,3823.96088,132,13315.40342,85,860.6356968,104,0.057587764,6649.443086,159,23154.00706,102,1496.549851,125,0.132428542,12321.65173,415,42905.18881,267,2773.159468,326,1.79431348,6373.268134,159,22192.33904,102,1434.392828,125,0.073908183,7435.479489,658,25891.06221,423,1673.458299,517,0.965003053,15933.17033,850,55480.8476,546,3585.98207,668,0.030796307,0.001133101,0.002143134,0.6,0.717,0.273,0.01,0.498,0.462,0.04,1,1,0.02,0.686,0.147,0.147,1,0.74,0.26,0.92,0.08,0.96,0.04,0.15,0.85,1,1,0,0.01,0.99,0.35,0.65
Huangshi City,Medium-small-cities,2,湖北省,24.8889,21.91065403,2719.27783,132,14870.54201,85,410.1801631,104,0.080556013,4728.522005,159,25858.22027,102,713.257728,125,0.179142615,8762.117454,415,47916.19091,267,1321.691637,326,1.854533205,4532.129717,159,24784.23668,102,683.6336052,125,0.168964057,5287.48467,658,28914.94279,423,797.5725394,517,0.69505008,11330.32429,850,61960.59169,546,1709.084013,668,0.00409559,0.001646085,0,0.6,0.73,0.26,0.01,0.52,0.44,0.04,1,1,0.02,0.686,0.147,0.147,1,0.74,0.26,0.92,0.08,0.96,0.04,0.15,0.85,1,1,0,0.01,0.99,0.35,0.65
Huizhou City,Largecities,2,广东省,130.4393,115.8035161,4763.720712,132,12546.9638,85,689.3154886,104,0.289182475,8283.581016,159,21817.77594,102,1198.643044,125,0.985133297,15349.76674,415,40429.10558,267,2221.127686,326,10.34980704,7939.53452,159,20911.60633,102,1148.859148,125,0.626186956,9262.790273,658,24396.87405,423,1340.335672,517,2.385474116,19848.8363,850,52279.01583,546,2872.147869,668,0.00293822,0.003417717,0.001099344,0.6,0.704,0.286,0.01,0.489541053,0.463458947,0.047,1,1,0.02,0.473443158,0.471524399,0.035032444,1,0.74,0.26,0.92,0.08,0.96,0.04,0.15,0.85,1,0.9,0.1,0.01,0.99,0.35,0.65
Jixi City,Medium-small-cities,2,黑龙江省,21.9,18.67363785,3365.897903,132,14114.00667,85,520.0954314,104,0.089621171,5852.922465,159,24542.68937,102,904.3881668,125,0.217651415,10845.67102,415,45478.46592,267,1675.863057,326,1.863693585,5609.829838,159,23523.34444,102,866.8257189,125,0.178815574,6544.801478,658,27443.90185,423,1011.296672,517,0.876580404,14024.5746,850,58808.36111,546,2167.064297,668,0.003216815,0.004490487,0.00044717,0.6,0.73,0.26,0.01,0.52,0.44,0.04,1,1,0.02,0.686,0.147,0.147,1,0.74,0.26,0.92,0.08,0.96,0.04,0.15,0.85,1,1,0,0.01,0.99,0.35,0.65
Ji'an City (Jiangxi),Medium-small-cities,2,江西省,49.7006,42.73277567,2441.279711,132,15096.58008,85,462.1402066,104,0.116352028,4245.114164,159,26251.27537,102,803.6104704,125,0.251819033,7866.345736,415,48644.53582,267,1489.118443,326,4.031597783,4068.799519,159,25160.9668,102,770.2336777,125,0.31747482,4746.932772,658,29354.46127,423,898.6059573,517,2.250580663,10171.9988,850,62902.41701,546,1925.584194,668,0.000426049,0.001813759,0.00092685,0.6,0.704,0.286,0.01,0.476,0.484,0.04,1,1,0.02,0.686,0.147,0.147,1,0.74,0.26,0.92,0.08,0.96,0.04,0.15,0.85,1,1,0,0.01,0.99,0.35,0.65
Jilin City,Medium-small-cities,2,吉林省,61.3329,54.24783135,3291.342708,132,14083.94013,85,624.7171594,104,0.183034355,5723.279264,159,24490.40701,102,1086.313727,125,0.493100016,10605.43761,415,45381.58487,267,2012.977514,326,4.073197359,5485.57118,159,23473.23355,102,1041.195266,125,0.249964828,6399.833043,658,27385.43915,423,1214.72781,517,2.085772088,13713.92795,850,58683.08389,546,2602.988164,668,0.001079174,0.001031135,0,0.6,0.73,0.26,0.01,0.52,0.44,0.04,1,1,0.02,0.686,0.147,0.147,1,0.74,0.26,0.92,0.08,0.96,0.04,0.15,0.85,1,1,0,0.01,0.99,0.35,0.65
Jinan City,Extra-large-cities,2,山东省,257.8872,226.7894912,5430.667142,132,11725.39229,85,843.9405715,104,0.444902823,9443.326753,159,20389.15436,102,1467.518883,125,1.468955953,17498.81635,415,37781.81959,267,2719.364064,326,18.89893936,9051.111904,159,19542.32048,102,1406.567619,125,0.886477195,10559.63055,658,22799.37389,423,1640.995556,517,9.398433444,22627.77976,850,48855.80119,546,3516.419048,668,0.001344421,0.000934868,0.014049069,0.6,0.7065625,0.2624375,0.031,0.4505,0.4505,0.099,1,1,0.02,0.014,0.9358125,0.0301875,1,0.74,0.26,0.92,0.08,0.96,0.04,0.15,0.85,1,1,0,0.01,0.99,0.35,0.65
Jining City,Largecities,2,山东省,155.2222,136.5045018,2910.365667,132,14516.9129,85,572.72143,104,0.267786827,5060.802521,159,25243.29855,102,995.898931,125,0.884163986,9377.844928,415,46776.71935,267,1845.435719,326,11.37526385,4850.609445,159,24194.85484,102,954.5357166,125,0.533570261,5659.044353,658,28227.33064,423,1113.625003,517,5.656913238,12126.52361,850,60487.13709,546,2386.339292,668,0.000414989,0.005200325,0.000356328,0.6,0.73,0.26,0.01,0.531673684,0.421326316,0.047,1,1,0.02,0.473443158,0.471524399,0.035032444,1,0.74,0.26,0.92,0.08,0.96,0.04,0.15,0.85,1,1,0,0.01,0.99,0.35,0.65
Jiamusi City,Medium-small-cities,2,黑龙江省,29.8106,25.4188287,3298.768732,132,14240.36823,85,460.8630355,104,0.121993647,5736.192296,159,24762.41809,102,801.3896118,125,0.296270286,10629.36592,415,45885.63097,267,1485.003114,326,2.53688694,5497.947887,159,23733.94705,102,768.1050592,125,0.243406372,6414.272535,658,27689.6049,423,896.1225691,517,1.193214054,13744.86972,850,59334.86763,546,1920.262648,668,0.000552966,0.003284718,0.000145648,0.6,0.73,0.26,0.01,0.52,0.44,0.04,1,1,0.02,0.686,0.147,0.147,1,0.74,0.26,0.92,0.08,0.96,0.04,0.15,0.85,1,1,0,0.01,0.99,0.35,0.65
Jiaxing City,Largecities,2,浙江省,147.8138,133.6928498,6936.776062,132,10153.23359,85,909.9903475,104,0.285668483,12062.28282,159,17655.34508,102,1582.372104,125,0.669535506,22351.83398,415,32715.9749,267,2932.19112,326,10.50992202,11561.29344,159,16922.05598,102,1516.650579,125,0.349051177,13488.17568,658,19742.39865,423,1769.425676,517,2.306772996,28903.23359,850,42305.13996,546,3791.626448,668,0.000470897,0.00053228,0,0.6,0.717,0.273,0.01,0.510607368,0.442392632,0.047,1,1,0.02,0.473443158,0.471524399,0.035032444,1,0.74,0.26,0.92,0.08,0.96,0.04,0.15,0.85,1,0.9,0.1,0.01,0.99,0.35,0.65
Jiayuguan City,Medium-small-cities,2,甘肃省,7.31,5.966725887,4412.39369,132,8416.945573,85,5170.660737,104,0.023145119,7672.66236,159,14636.13314,102,8991.204504,125,0.051219291,14217.713,415,27121.26907,267,16661.01793,326,0.982381706,7353.989483,159,14028.24262,102,8617.767895,125,0.055505424,8579.654396,658,16366.28306,423,10054.06254,517,0.231022574,18384.97371,850,35070.60656,546,21544.41974,668,0.000149402,0.001080973,0.001103692,0.6,0.73,0.26,0.01,0.52,0.44,0.04,1,1,0.02,0.686,0.147,0.147,1,0.74,0.26,0.92,0.08,0.96,0.04,0.15,0.85,1,1,0,0.01,0.99,0.35,0.65
Jiangmen City,Largecities,2,广东省,88.0028,78.12855227,6377.693905,132,10699.54708,85,922.7590111,104,0.195101228,11090.10107,159,18605.32354,102,1604.575392,125,0.664634726,20550.34703,415,34476.31838,267,2973.334591,326,6.982650159,10629.48984,159,17832.57847,102,1537.931685,125,0.422466277,12401.07148,658,20804.67489,423,1794.253633,517,1.60939534,26573.7246,850,44581.44618,546,3844.829213,668,0.000683178,0.007723045,0,0.6,0.704,0.286,0.01,0.489541053,0.463458947,0.047,1,1,0.02,0.473443158,0.471524399,0.035032444,1,0.74,0.26,0.92,0.08,0.96,0.04,0.15,0.85,1,0.9,0.1,0.01,0.99,0.35,0.65
Jiaozuo City,Medium-small-cities,2,河南省,59.0428,52.11285764,6199.087209,132,11268.03997,85,532.872826,104,0.134244187,10779.52387,159,19593.8695,102,926.6066362,125,0.291291495,19974.83656,415,36308.12878,267,1717.034661,326,4.234392657,10331.81201,159,18780.06661,102,888.1213766,125,0.145645748,12053.78068,658,21910.07771,423,1036.141606,517,2.124368278,25829.53004,850,46950.16652,546,2220.303441,668,0.000315219,0.000402366,0,0.6,0.73,0.26,0.01,0.52,0.44,0.04,1,1,0.02,0.686,0.147,0.147,1,0.74,0.26,0.92,0.08,0.96,0.04,0.15,0.85,1,1,0,0.01,0.99,0.35,0.65
Jieyang City,Medium-small-cities,2,广东省,59.0227,52.40012934,4041.793569,132,13304.53395,85,653.6724777,104,0.130852669,7028.229928,159,23135.10626,102,1136.663808,125,0.445764636,13023.55705,415,42870.16496,267,2106.277984,326,4.683201734,6736.322615,159,22174.22326,102,1089.45413,125,0.283344397,7859.04305,658,25869.92713,423,1271.029818,517,1.079407227,16840.80654,850,55435.55814,546,2723.635324,668,0.002412011,0.000787958,0.002144327,0.6,0.704,0.286,0.01,0.476,0.484,0.04,1,1,0.02,0.686,0.147,0.147,1,0.74,0.26,0.92,0.08,0.96,0.04,0.15,0.85,1,0.9,0.1,0.01,0.99,0.35,0.65
Jinchang City,Medium-small-cities,2,甘肃省,8.51,6.946215773,4154.724307,132,13297.7645,85,547.5111884,104,0.026944591,7224.603935,159,23123.33494,102,952.0611221,125,0.059627382,13387.44499,415,42848.35229,267,1764.202718,326,1.143648197,6924.540512,159,22162.94084,102,912.5186474,125,0.064617121,8078.630598,658,25856.76431,423,1064.605089,517,0.268946936,17311.35128,850,55407.3521,546,2281.296618,668,0.001148784,0.001735859,0.001767508,0.6,0.73,0.26,0.01,0.52,0.44,0.04,1,1,0.02,0.686,0.147,0.147,1,0.74,0.26,0.92,0.08,0.96,0.04,0.15,0.85,1,1,0,0.01,0.99,0.35,0.65
Jinhua City,Largecities,2,浙江省,207.2702,187.4692601,4169.568744,132,13236.1739,85,594.257351,104,0.400575342,7250.41676,159,23016.23573,102,1033.347505,125,0.938848458,13435.27706,415,42649.89369,267,1914.829242,326,14.7374172,6949.28124,159,22060.28984,102,990.4289184,125,0.489452996,8107.49478,658,25737.00482,423,1155.500405,517,3.234645888,17373.2031,850,55150.7246,546,2476.072296,668,0.000613546,0.000506695,0.000230212,0.6,0.704,0.286,0.01,0.489541053,0.463458947,0.047,1,1,0.02,0.473443158,0.471524399,0.035032444,1,0.74,0.26,0.92,0.08,0.96,0.04,0.15,0.85,1,1,0,0.01,0.99,0.35,0.65
Jinzhou City,Medium-small-cities,2,辽宁省,47.2959,41.18613572,3043.564768,132,14456.11504,85,500.3201934,104,0.221852158,5292.420958,159,25137.57782,102,870.0012252,125,0.41390328,9807.042031,415,46580.81512,267,1612.142845,326,3.426015416,5072.607947,159,24093.52506,102,833.866989,125,0.245030742,5918.042605,658,28109.11257,423,972.8448205,517,1.802962688,12681.51987,850,60233.81266,546,2084.667472,668,0.001138291,0.001198966,6.30E-05,0.6,0.73,0.26,0.01,0.52,0.44,0.04,1,1,0.02,0.686,0.147,0.147,1,0.74,0.26,0.92,0.08,0.96,0.04,0.15,0.85,1,0.9,0.1,0.01,0.99,0.35,0.65
Jincheng City,Medium-small-cities,2,山西省,46.7224,41.35913541,4574.595939,132,12625.36262,85,800.0414422,104,0.080551309,7954.714049,159,21954.10278,102,1391.183174,125,0.238352643,14740.36469,415,40681.724,267,2577.911314,326,2.924276604,7624.326564,159,21042.27103,102,1333.402404,125,0.083852592,8895.047659,658,24549.3162,423,1555.636138,517,2.03623144,19060.81641,850,52605.67758,546,3333.506009,668,0.000333434,0.000959369,0,0.6,0.73,0.26,0.01,0.52,0.44,0.04,1,1,0.02,0.686,0.147,0.147,1,0.74,0.26,0.92,0.08,0.96,0.04,0.15,0.85,1,1,0,0.01,0.99,0.35,0.65
Jinzhong City,Medium-small-cities,2,山西省,67.4302,59.68988692,4861.689563,132,12438.988,85,699.3224343,104,0.116252394,8453.937962,159,21630.01803,102,1216.044011,125,0.343992739,15665.44415,415,40081.18356,267,2253.372288,326,4.220343053,8102.815938,159,20731.64667,102,1165.53739,125,0.121016836,9453.285261,658,24186.92112,423,1359.793622,517,2.938708055,20257.03985,850,51829.11668,546,2913.843476,668,0.001446926,0.000891443,0,0.6,0.73,0.26,0.01,0.52,0.44,0.04,1,1,0.02,0.686,0.147,0.147,1,0.74,0.26,0.92,0.08,0.96,0.04,0.15,0.85,1,1,0,0.01,0.99,0.35,0.65
Jingmen City,Medium-small-cities,2,湖北省,37.6966,33.18576396,3526.501845,132,14473.49815,85,0,104,0.122009724,6132.194875,159,25167.80512,102,0,125,0.271328483,11363.17261,415,46636.82739,267,0,326,2.808866459,5877.503075,159,24122.49692,102,0,125,0.255912092,6857.086921,658,28142.91308,423,0,517,1.052719278,14693.75769,850,60306.24231,546,0,668,0.001045551,0.001890644,0,0.6,0.73,0.26,0.01,0.52,0.44,0.04,1,1,0.02,0.686,0.147,0.147,1,0.74,0.26,0.92,0.08,0.96,0.04,0.15,0.85,1,1,0,0.01,0.99,0.35,0.65
Jingzhou City,Medium-small-cities,2,湖北省,53.6687,47.24661668,2549.650178,132,15450.34982,85,0,104,0.173705408,4433.558365,159,26866.44163,102,0,125,0.386290726,8215.539462,415,49784.46054,267,0,326,3.998986947,4249.416963,159,25750.58304,102,0,125,0.364342389,4957.653124,658,30042.34688,423,0,517,1.498757849,10623.54241,850,64376.45759,546,0,668,0.001619882,0.001963894,0,0.6,0.73,0.26,0.01,0.52,0.44,0.04,1,1,0.02,0.686,0.147,0.147,1,0.74,0.26,0.92,0.08,0.96,0.04,0.15,0.85,1,1,0,0.01,0.99,0.35,0.65
Jingdezhen City,Medium-small-cities,2,江西省,23.4326,20.14744368,3703.444465,132,13636.76552,85,659.7900166,104,0.054857095,6439.878431,159,23712.82004,102,1147.301529,125,0.118726427,11933.32105,415,43940.68889,267,2125.990053,326,1.900798345,6172.407442,159,22727.94253,102,1099.650028,125,0.149681502,7201.142015,658,26515.93295,423,1282.925032,517,1.061092953,15431.0186,850,56819.85633,546,2749.125069,668,0.003842777,0.001815172,0.002800916,0.6,0.717,0.273,0.01,0.498,0.462,0.04,1,1,0.02,0.686,0.147,0.147,1,0.74,0.26,0.92,0.08,0.96,0.04,0.15,0.85,1,1,0,0.01,0.99,0.35,0.65
Jiujiang City,Largecities,2,江西省,61.3696,52.76582878,2421.947896,132,15066.01709,85,512.0350109,104,0.143669844,4211.498287,159,26198.12972,102,890.3719912,125,0.310942591,7804.054333,415,48546.05508,267,1649.890591,326,4.978160088,4036.579827,159,25110.02849,102,853.3916849,125,0.392013431,4709.343132,658,29295.03324,423,995.6236324,517,2.778985265,10091.44957,850,62775.07122,546,2133.479212,668,0.00525211,0.001016531,0,0.6,0.73,0.26,0.01,0.531673684,0.421326316,0.047,1,1,0.02,0.473443158,0.471524399,0.035032444,1,0.74,0.26,0.92,0.08,0.96,0.04,0.15,0.85,1,1,0,0.01,0.99,0.35,0.65
Jiuquan City,Medium-small-cities,2,甘肃省,20.48,16.71662738,3171.549697,132,14186.68708,85,641.7632236,104,0.064844327,5514.972529,159,24669.07253,102,1115.954939,125,0.143498094,10219.43791,415,45712.65837,267,2067.903721,326,2.752281442,5285.916162,159,23644.47847,102,1069.605373,125,0.155506303,6166.902189,658,27585.22488,423,1247.872935,517,0.647242451,13214.79041,850,59111.19616,546,2674.013432,668,0.001378304,0.001504016,0.003720221,0.6,0.73,0.26,0.01,0.52,0.44,0.04,1,1,0.02,0.686,0.147,0.147,1,0.74,0.26,0.92,0.08,0.96,0.04,0.15,0.85,1,1,0,0.01,0.99,0.35,0.65
Kashgar Prefecture,Medium-small-cities,2,新疆维吾尔族自治区,60.22,49.88452083,3146.228791,132,14244.00668,85,609.7645331,104,0.309020387,5470.942287,159,24768.74494,102,1060.312771,125,0.418987102,10137.84833,415,45897.35484,267,1964.796829,326,6.783136702,5243.714652,159,23740.01113,102,1016.274222,125,0.400891313,6117.667094,658,27696.67965,423,1185.653259,517,2.423443669,13109.28663,850,59350.02782,546,2540.685554,668,0.014080657,0.014726103,0.030838607,0.6,0.73,0.26,0.01,0.52,0.44,0.04,1,1,0.02,0.686,0.147,0.147,1,0.74,0.26,0.92,0.08,0.96,0.04,0.15,0.85,1,1,0,0.01,0.99,0.35,0.65
Kaifeng City,Medium-small-cities,2,河南省,64.4348,56.87199047,3005.046257,132,14122.582,85,872.371741,104,0.146503847,5225.441548,159,24557.60093,102,1516.957527,125,0.317893278,9682.926829,415,45506.09756,267,2810.97561,326,4.621092563,5008.410429,159,23537.63667,102,1453.952902,125,0.158946639,5843.1455,658,27460.57611,423,1696.278385,517,2.318373199,12521.02607,850,58844.09167,546,3634.882254,668,0.000258471,0.000908025,0,0.6,0.73,0.26,0.01,0.52,0.44,0.04,1,1,0.02,0.686,0.147,0.147,1,0.74,0.26,0.92,0.08,0.96,0.04,0.15,0.85,1,1,0,0.01,0.99,0.35,0.65
Karamay City,Medium-small-cities,2,新疆维吾尔族自治区,15.3,12.67408118,4461.973133,132,10435.33163,85,3102.695238,104,0.07851232,7758.875503,159,18145.88222,102,5395.242274,125,0.106451389,14377.46898,415,33624.95747,267,9997.573543,326,1.723380796,7436.621888,159,17392.21938,102,5171.158729,125,0.101853821,8676.05887,658,20290.92261,423,6033.018518,517,0.615720494,18591.55472,850,43480.54846,546,12927.89682,668,0.017038399,0.003815568,0.010408124,0.6,0.73,0.26,0.01,0.52,0.44,0.04,1,1,0.02,0.686,0.147,0.147,1,0.74,0.26,0.92,0.08,0.96,0.04,0.15,0.85,1,1,0,0.01,0.99,0.35,0.65
Kizilsu Kirgiz Autonomous Prefecture,Medium-small-cities,2,新疆维吾尔族自治区,13.7546,11.39391614,2480.236313,132,15320.58141,85,199.1822798,104,0.070582063,4312.855366,159,26640.78878,102,346.3558531,125,0.095699103,7991.872563,415,49366.31787,267,641.8095681,326,1.549308072,4133.727188,159,25534.30235,102,331.9704663,125,0.091565919,4822.681719,658,29790.0194,423,387.2988773,517,0.5535287,10334.31797,850,63835.75586,546,829.9261657,668,0.001685806,0.011789619,0,0.6,0.73,0.26,0.01,0.52,0.44,0.04,1,1,0.02,0.686,0.147,0.147,1,0.74,0.26,0.92,0.08,0.96,0.04,0.15,0.85,1,1,0,0.01,0.99,0.35,0.65
Kunming City,Largecities,2,云南省,250.39,212.8633511,1634.997791,132,15438.79806,85,926.2041538,104,0.701401023,2843.079491,159,26846.3544,102,1610.566112,125,1.070737794,5268.326214,415,49747.23818,267,2984.435607,326,28.61174028,2724.996318,159,25731.33009,102,1543.67359,125,1.687428548,3179.162371,658,30019.88511,423,1800.952521,517,5.45534129,6812.490794,850,64328.32523,546,3859.183974,668,0.001489645,0.000820142,0.078418316,0.6,0.73,0.26,0.01,0.531673684,0.421326316,0.047,1,1,0.02,0.473443158,0.471524399,0.035032444,1,0.74,0.26,0.92,0.08,0.96,0.04,0.15,0.85,1,1,0,0.01,0.99,0.35,0.65
Lhasa City,Medium-small-cities,2,西藏自治区,25.7008,16.79347921,2851.73181,132,14593.22006,85,555.0481277,104,0.134607766,4958.844758,159,25375.98822,102,965.167022,125,0.199590825,9188.913609,415,47022.59798,267,1788.488411,326,5.769567347,4752.88635,159,24322.03344,102,925.0802128,125,0.863346361,5545.034075,658,28375.70568,423,1079.260248,517,1.940208488,11882.21587,850,60805.08359,546,2312.700532,668,0.007031072,0.002292836,1.16E-02,0.6,0.73,0.26,0.01,0.52,0.44,0.04,1,1,0.02,0.686,0.147,0.147,1,0.74,0.26,0.92,0.08,0.96,0.04,0.15,0.85,1,1,0,0.01,0.99,0.35,0.65
Laibin City,Medium-small-cities,2,广西壮族自治区,23.2455,20.1684921,3439.94746,132,14017.76891,85,542.2836289,104,0.057193455,5981.686417,159,24375.34261,102,942.970977,125,0.135877785,11084.27515,415,45168.36649,267,1747.35836,326,1.986172721,5733.245767,159,23362.94818,102,903.8060482,125,0.171926993,6688.786728,658,27256.77288,423,1054.44039,517,0.725836942,14333.11442,850,58407.37046,546,2259.515121,668,0.001939118,0.002033289,0,0.6,0.717,0.273,0.01,0.498,0.462,0.04,1,1,0.02,0.686,0.147,0.147,1,0.74,0.26,0.92,0.08,0.96,0.04,0.15,0.85,1,1,0,0.01,0.99,0.35,0.65
Lanzhou City,Medium-small-cities,2,甘肃省,92.49,75.49418294,5046.794813,132,12046.05301,85,907.1521787,104,0.292844327,8775.815425,159,20946.74773,102,1577.436844,125,0.64805365,16261.8944,415,38815.05969,267,2923.045909,326,12.42961478,8411.324689,159,20076.75501,102,1511.920298,125,0.702284081,9813.212137,658,23422.88085,423,1763.907014,517,2.923020229,21028.31172,850,50191.88753,546,3779.800745,668,0.00169057,0.001107726,0.003925881,0.6,0.73,0.26,0.01,0.52,0.44,0.04,1,1,0.02,0.686,0.147,0.147,1,0.74,0.26,0.92,0.08,0.96,0.04,0.15,0.85,1,1,0,0.01,0.99,0.35,0.65
Langfang City,Largecities,2,河北省,85.5844,74.11184146,4541.953472,132,12843.25172,85,614.794807,104,0.114751665,7897.952427,159,22332.98771,102,1069.059859,125,0.352078973,14635.18341,415,41383.8111,267,1981.005489,326,7.018629131,7569.922454,159,21405.41953,102,1024.658012,125,0.230546528,8831.576196,658,24972.98946,423,1195.434347,517,3.756552244,18924.80613,850,53513.54884,546,2561.645029,668,0.001516835,0.000929058,0,0.6,0.73,0.26,0.01,0.511610526,0.441389474,0.047,1,1,0.02,0.473443158,0.471524399,0.035032444,1,0.74,0.26,0.92,0.08,0.96,0.04,0.15,0.85,1,1,0,0.01,0.99,0.35,0.65
Leshan City,Medium-small-cities,2,四川省,60.09,53.83262007,2749.15203,132,14712.88341,85,537.9645558,104,0.11037988,4780.469919,159,25584.06949,102,935.4605887,125,0.388597658,8858.378764,415,47408.17989,267,1733.441347,326,4.016013152,4581.92005,159,24521.47236,102,896.607593,125,0.315011072,5345.573392,658,28608.38442,423,1046.042192,517,1.427378168,11454.80013,850,61303.68089,546,2241.518983,668,0.000286631,0.002406398,0,0.6,0.717,0.273,0.01,0.498,0.462,0.04,1,1,0.02,0.686,0.147,0.147,1,0.74,0.26,0.92,0.08,0.96,0.04,0.15,0.85,1,1,0,0.01,0.99,0.35,0.65
Lijiang City,Medium-small-cities,2,云南省,20.39,17.33409373,2105.070809,132,15642.07401,85,252.855185,104,0.057117165,3660.484239,159,27199.82869,102,439.6870717,125,0.087193353,6783.005939,415,50402.23847,267,814.7555962,326,2.329938833,3508.451348,159,26070.12334,102,421.4253084,125,0.137412309,4093.193239,658,30415.1439,423,491.6628598,517,0.444244614,8771.128369,850,65175.30836,546,1053.563271,668,0.003448346,0.003359356,0.007667896,0.6,0.73,0.26,0.01,0.52,0.44,0.04,1,1,0.02,0.686,0.147,0.147,1,0.74,0.26,0.92,0.08,0.96,0.04,0.15,0.85,1,1,0,0.01,0.99,0.35,0.65
Lishui City,Medium-small-cities,2,浙江省,42.852,38.75826209,2019.081024,132,15500.39858,85,480.5203916,104,0.082816799,3510.957559,159,26953.47087,102,835.5715698,125,0.194101873,6505.927745,415,49945.72877,267,1548.343484,326,3.046881808,3365.13504,159,25833.99764,102,800.8673193,125,0.101191777,3925.99088,658,30139.66391,423,934.3452058,517,0.668745655,8412.837601,850,64584.9941,546,2002.168298,668,0.000199055,0.000986695,0,0.6,0.704,0.286,0.01,0.476,0.484,0.04,1,1,0.02,0.686,0.147,0.147,1,0.74,0.26,0.92,0.08,0.96,0.04,0.15,0.85,1,1,0,0.01,0.99,0.35,0.65
Lianyungang City,Largecities,2,江苏省,73.41,67.95450006,5264.810378,132,12208.70858,85,526.4810378,104,0.152302105,9154.920268,159,21229.58771,102,915.4920268,125,0.444182341,16964.38899,415,39339.17211,267,1696.438899,326,2.491199742,8774.683963,159,20347.84764,102,877.4683963,125,0.431072792,10237.13129,658,23739.15558,423,1023.713129,517,1.936742966,21936.70991,850,50869.6191,546,2193.670991,668,0.0005113,0.000734308,0.00032042,0.6,0.73,0.26,0.01,0.511610526,0.441389474,0.047,1,1,0.02,0.473443158,0.471524399,0.035032444,1,0.74,0.26,0.92,0.08,0.96,0.04,0.15,0.85,1,0.9,0.1,0.01,0.99,0.35,0.65
Liaoyang City,Medium-small-cities,2,辽宁省,27.5223,23.96692278,3909.83386,132,13542.93779,85,547.228345,104,0.129099597,6798.766657,159,23549.66405,102,951.5692888,125,0.240857458,12598.35355,415,43638.35512,267,1763.291334,326,1.993657465,6516.389767,159,22571.56299,102,912.0472417,125,0.142587615,7602.454728,658,26333.49016,423,1064.055115,517,1.049175087,16290.97442,850,56428.90748,546,2280.118104,668,0.000428878,0.001848172,0,0.6,0.73,0.26,0.01,0.54,0.42,0.04,1,1,0.02,0.686,0.147,0.147,1,0.74,0.26,0.92,0.08,0.96,0.04,0.15,0.85,1,1,0,0.01,0.99,0.35,0.65
Liaoyuan City,Medium-small-cities,2,吉林省,15.2145,13.45694774,2775.798262,132,14587.82957,85,636.3721665,104,0.04540428,4826.804756,159,25366.61475,102,1106.580489,125,0.122320487,8944.238844,415,47005.22862,267,2050.532536,326,1.010414659,4626.330437,159,24313.04929,102,1060.620277,125,0.062007338,5397.38551,658,28365.22417,423,1237.390324,517,0.517405494,11565.82609,850,60782.62321,546,2651.550694,668,0.001851488,0.002775089,0,0.6,0.73,0.26,0.01,0.52,0.44,0.04,1,1,0.02,0.686,0.147,0.147,1,0.74,0.26,0.92,0.08,0.96,0.04,0.15,0.85,1,1,0,0.01,0.99,0.35,0.65
Liaocheng City,Medium-small-cities,2,山东省,107.7707,94.77501102,2581.586507,132,14946.32717,85,472.0863199,104,0.185924267,4489.092092,159,25990.00225,102,820.9056563,125,0.613874637,8318.44541,415,48160.38756,267,1521.167031,326,7.89784031,4302.644178,159,24910.54529,102,786.8105332,125,0.370457579,5019.751541,658,29062.30284,423,917.945622,517,3.927592184,10756.61044,850,62276.36322,546,1967.026333,668,0.000319091,0.001495496,0.00E+00,0.6,0.76,0.23,0.01,0.61,0.35,0.04,1,1,0.02,0.686,0.147,0.147,1,0.74,0.26,0.92,0.08,0.96,0.04,0.15,0.85,1,1,0,0.01,0.99,0.35,0.65
Nyingchi City,Medium-small-cities,2,西藏自治区,13.7757,9.001351382,2545.567995,132,15263.57552,85,190.8564814,104,0.072150135,4426.459902,159,26541.66188,102,331.8782149,125,0.106981235,8202.385761,415,49182.63224,267,614.9819957,326,3.092504082,4242.613324,159,25439.29254,102,318.0941357,125,0.462756041,4949.715545,658,29679.17463,423,371.109825,517,1.039957125,10606.53331,850,63598.23135,546,795.2353392,668,0.006399847,0.003214267,0.009937374,0.6,0.73,0.26,0.01,0.52,0.44,0.04,1,1,0.02,0.686,0.147,0.147,1,0.74,0.26,0.92,0.08,0.96,0.04,0.15,0.85,1,1,0,0.01,0.99,0.35,0.65
Lincang City,Medium-small-cities,2,云南省,22.2,18.87282397,1343.955626,132,16590.46169,85,65.5826853,104,0.062187399,2336.989505,159,28848.96949,102,114.0410028,125,0.09493342,4330.523683,415,53458.15433,267,211.321986,326,2.536765184,2239.926043,159,27650.76948,102,109.3044755,125,0.149610263,2613.24705,658,32259.23106,423,127.5218881,517,0.483679766,5599.815107,850,69126.9237,546,273.2611888,668,0.003155986,0.005882984,0.000372852,0.6,0.73,0.26,0.01,0.52,0.44,0.04,1,1,0.02,0.686,0.147,0.147,1,0.74,0.26,0.92,0.08,0.96,0.04,0.15,0.85,1,1,0,0.01,0.99,0.35,0.65
Linfen City,Medium-small-cities,2,山西省,72.5605,64.23127975,5307.872907,132,12069.49444,85,622.6326499,104,0.125097239,9229.801221,159,20987.50978,102,1082.688997,125,0.37016478,17103.14603,415,38890.59321,267,2006.260761,326,4.54143992,8846.454844,159,20115.82407,102,1037.721083,125,0.130224175,10320.86398,658,23468.46142,423,1210.674597,517,3.162294133,22116.13711,850,50289.56018,546,2594.302708,668,0.000611743,0.000518499,0.000799384,0.6,0.73,0.26,0.01,0.52,0.44,0.04,1,1,0.02,0.686,0.147,0.147,1,0.74,0.26,0.92,0.08,0.96,0.04,0.15,0.85,1,1,0,0.01,0.99,0.35,0.65
Linyi City,Largecities,2,山东省,262.1406,230.5299887,3319.76594,132,14132.46772,85,547.7663443,104,0.45224072,5772.704107,159,24574.79108,102,952.5048097,125,1.493183822,10697.02358,415,45537.95153,267,1765.024887,326,19.21064443,5532.943233,159,23554.11286,102,912.9439071,125,0.901098092,6455.100439,658,27479.79834,423,1065.101225,517,9.553444227,13832.35808,850,58885.28215,546,2282.359768,668,7.18E-05,0.001392346,0.001644063,0.6,0.73,0.26,0.01,0.531673684,0.421326316,0.047,1,1,0.02,0.473443158,0.471524399,0.035032444,1,0.74,0.26,0.92,0.08,0.96,0.04,0.15,0.85,1,1,0,0.01,0.99,0.35,0.65
Liuzhou City,Largecities,2,广西壮族自治区,79.6307,69.08998061,5159.904166,132,11995.3408,85,844.7550318,104,0.195924152,8972.500021,159,20858.56484,102,1468.935139,125,0.465468289,16626.35787,415,38651.6537,267,2721.988436,326,6.80391147,8599.840276,159,19992.23467,102,1407.925053,125,0.588959876,10033.14699,658,23324.27378,423,1642.579228,517,2.486455605,21499.60069,850,49980.58668,546,3519.812632,668,0.002482968,0.001093551,0.000367026,0.6,0.704,0.286,0.01,0.489541053,0.463458947,0.047,1,1,0.02,0.473443158,0.471524399,0.035032444,1,0.74,0.26,0.92,0.08,0.96,0.04,0.15,0.85,1,1,0,0.01,0.99,0.35,0.65
Lu'an City,Medium-small-cities,2,安徽省,59.2794,50.77051138,2747.855918,132,14986.03284,85,266.1112472,104,0.162080318,4778.216123,159,26059.04599,102,462.737891,125,0.372719113,8854.202401,415,48288.32802,267,857.4695745,326,5.050081498,4579.759863,159,24976.72139,102,443.5187454,125,0.208014012,5343.053173,658,29139.50829,423,517.4385363,517,2.715993675,11449.39966,850,62441.80348,546,1108.796864,668,0.000797415,0.000796973,0,0.6,0.73,0.26,0.01,0.52,0.44,0.04,1,1,0.02,0.686,0.147,0.147,1,0.74,0.26,0.92,0.08,0.96,0.04,0.15,0.85,1,1,0,0.01,0.99,0.35,0.65
Liupanshui City,Medium-small-cities,2,贵州省,55.52,48.07030321,3213.295677,132,14107.79152,85,678.912802,104,0.198113507,5587.56415,159,24531.88192,102,1180.553928,125,0.3259963,10353.95274,415,45458.43934,267,2187.607918,326,5.647807273,5355.492795,159,23512.98587,102,1131.521337,125,0.307128346,6248.074928,658,27431.81685,423,1320.108226,517,0.970651361,13388.73199,850,58782.46467,546,2828.803342,668,0.000366563,0.00427873,0.001487143,0.6,0.73,0.26,0.01,0.52,0.44,0.04,1,1,0.02,0.686,0.147,0.147,1,0.74,0.26,0.92,0.08,0.96,0.04,0.15,0.85,1,1,0,0.01,0.99,0.35,0.65
Longyan City,Medium-small-cities,2,福建省,109,95.31367775,3736.171367,132,13421.90889,85,841.9197397,104,0.355468001,6496.786876,159,23339.20824,102,1464.004881,125,0.572609087,12038.7744,415,43248.3731,267,2712.852495,326,10.1670282,6226.952278,159,22369.84816,102,1403.199566,125,0.323298951,7264.777657,658,26098.15618,423,1637.066161,517,2.267918013,15567.38069,850,55924.62039,546,3507.998915,668,0.000131181,0.000384326,3.29E-05,0.6,0.73,0.26,0.01,0.52,0.44,0.04,1,1,0.02,0.686,0.147,0.147,1,0.74,0.26,0.92,0.08,0.96,0.04,0.15,0.85,1,1,0,0.01,0.99,0.35,0.65
Longnan City,Medium-small-cities,2,甘肃省,19.11,15.59837643,3091.765073,132,14582.572,85,325.662923,104,0.060506596,5376.235932,159,25357.47243,102,566.2916384,125,0.133898857,9962.354123,415,46988.28757,267,1049.358308,326,2.568168865,5152.941788,159,24304.28667,102,542.7715384,125,0.145103782,6011.765419,658,28355.00112,423,633.2334615,517,0.603945471,12882.35447,850,60760.71668,546,1356.928846,668,0.000477534,0.005885866,0.002726703,0.6,0.73,0.26,0.01,0.52,0.44,0.04,1,1,0.02,0.686,0.147,0.147,1,0.74,0.26,0.92,0.08,0.96,0.04,0.15,0.85,1,1,0,0.01,0.99,0.35,0.65
Loudi City,Medium-small-cities,2,湖南省,40.8804,36.53540449,1503.178808,132,16128.47682,85,368.3443709,104,0.198528664,2613.860927,159,28045.62914,102,640.5099338,125,0.290483746,4843.576159,415,51969.53642,267,1186.887417,326,2.788832585,2505.298013,159,26880.7947,102,613.9072848,125,0.232481309,2922.847682,658,31360.92715,423,716.2251656,517,0.834669204,6263.245033,850,67201.98675,546,1534.768212,668,0.000832886,0.001963579,0,0.6,0.704,0.286,0.01,0.476,0.484,0.04,1,1,0.02,0.686,0.147,0.147,1,0.74,0.26,0.92,0.08,0.96,0.04,0.15,0.85,1,1,0,0.01,0.99,0.35,0.65
Luzhou City,Medium-small-cities,2,四川省,73.38,65.73868632,2635.624612,132,14744.91256,85,619.4628291,104,0.134792404,4583.058353,159,25639.76462,102,1077.177031,125,0.474543121,8492.568194,415,47511.38491,267,1996.046894,326,4.904227743,4392.707687,159,24574.85427,102,1032.438048,125,0.384681519,5124.825634,658,28670.66331,423,1204.511056,517,1.743068897,10981.76922,850,61437.13566,546,2581.095121,668,0.001024015,0.002470668,0.010022113,0.6,0.73,0.26,0.01,0.52,0.44,0.04,1,1,0.02,0.686,0.147,0.147,1,0.74,0.26,0.92,0.08,0.96,0.04,0.15,0.85,1,1,0,0.01,0.99,0.35,0.65
Luoyang City,Largecities,2,河南省,119.8284,105.7639602,3912.330431,132,13613.88945,85,473.7801174,104,0.272450935,6803.107917,159,23673.0411,102,823.850982,125,0.591181208,12606.39806,415,43866.97712,267,1526.624823,326,8.593774297,6520.550719,159,22689.81575,102,789.6335291,125,0.295590604,7607.309172,658,26471.45171,423,921.2391172,517,4.311442746,16301.3768,850,56724.53938,546,1974.083823,668,0.000230502,0.000512244,0.00494612,0.6,0.73,0.26,0.01,0.511610526,0.441389474,0.047,1,1,0.02,0.473443158,0.471524399,0.035032444,1,0.74,0.26,0.92,0.08,0.96,0.04,0.15,0.85,1,1,0,0.01,0.99,0.35,0.65
Luohe City,Medium-small-cities,2,河南省,36.537,32.24859728,3798.895028,132,13783.42541,85,417.679558,104,0.083073293,6605.856354,159,23967.8453,102,726.2983425,125,0.180257667,12240.88398,415,44413.25967,267,1345.856354,326,2.62033651,6331.491713,159,22972.37569,102,696.1325967,125,0.090128833,7386.740331,658,26801.10497,423,812.1546961,517,1.314606417,15828.72928,850,57430.93923,546,1740.331492,668,0.001922212,0.000696874,0,0.6,0.73,0.26,0.01,0.52,0.44,0.04,1,1,0.02,0.686,0.147,0.147,1,0.74,0.26,0.92,0.08,0.96,0.04,0.15,0.85,1,1,0,0.01,0.99,0.35,0.65
Lüliang City,Medium-small-cities,2,山西省,46,40.71965971,4745.473298,132,12703.75888,85,550.7678203,104,0.079305862,8251.850791,159,22090.42517,102,957.7240431,125,0.234667345,15290.96952,415,40934.33417,267,1774.69631,326,2.8790628,7909.122164,159,21172.93147,102,917.9463672,125,0.082556102,9227.309191,658,24701.75338,423,1070.937428,517,2.004748177,19772.80541,850,52932.32867,546,2294.865918,668,0.000109788,0.000944789,0.000446663,0.6,0.73,0.26,0.01,0.54,0.42,0.04,1,1,0.02,0.686,0.147,0.147,1,0.74,0.26,0.92,0.08,0.96,0.04,0.15,0.85,1,1,0,0.01,0.99,0.35,0.65
Ma'anshan City,Medium-small-cities,2,安徽省,30.7566,26.34183731,4462.56648,132,13009.68226,85,527.7512614,104,0.08409396,7759.907269,159,22622.39193,102,917.7008046,125,0.193382063,14379.38088,415,41920.08728,267,1700.531842,326,2.620190768,7437.6108,159,21682.80376,102,879.5854357,125,0.107926257,8677.212601,658,25296.60439,423,1026.183008,517,1.409169645,18594.027,850,54207.00941,546,2198.963589,668,0.003321417,0.001012902,0,0.6,0.73,0.26,0.01,0.54,0.42,0.04,1,1,0.02,0.686,0.147,0.147,1,0.74,0.26,0.92,0.08,0.96,0.04,0.15,0.85,1,1,0,0.01,0.99,0.35,0.65
Maoming City,Largecities,2,广东省,71.5422,63.51489398,2920.427549,132,14566.75528,85,512.8171662,104,0.158608261,5078.299016,159,25329.96891,102,891.7320724,125,0.540317246,9410.266547,415,46937.32258,267,1652.410869,326,5.676571134,4867.379248,159,24277.92547,102,854.695277,125,0.343445514,5678.609123,658,28324.24639,423,997.1444899,517,1.308363862,12168.44812,850,60694.81369,546,2136.738193,668,0.000699167,0.006548059,0,0.6,0.717,0.273,0.01,0.510607368,0.442392632,0.047,1,1,0.02,0.473443158,0.471524399,0.035032444,1,0.74,0.26,0.92,0.08,0.96,0.04,0.15,0.85,1,0.9,0.1,0.01,0.99,0.35,0.65
Meishan City,Medium-small-cities,2,四川省,59.77,53.54594278,2228.840294,132,15138.4093,85,632.7504038,104,0.109792069,3875.705622,159,26324.01173,102,1100.282647,125,0.386528241,7181.818724,415,48779.31886,267,2038.862412,326,3.994626495,3714.733823,159,25230.68217,102,1054.584006,125,0.313333529,4333.856127,658,29435.79587,423,1230.348007,517,1.419776887,9286.834557,850,63076.70543,546,2636.460016,668,0.002124922,0.003195602,0,0.6,0.717,0.273,0.01,0.498,0.462,0.04,1,1,0.02,0.686,0.147,0.147,1,0.74,0.26,0.92,0.08,0.96,0.04,0.15,0.85,1,1,0,0.01,0.99,0.35,0.65
Meizhou City,Medium-small-cities,2,广东省,57.8645,51.37188377,3350.75983,132,14030.12599,85,619.1141799,104,0.128284952,5826.599038,159,24396.83019,102,1076.570768,125,0.437017415,10796.89279,415,45208.18375,267,1994.923468,326,4.59130346,5584.599717,159,23383.54332,102,1031.856966,125,0.277784342,6515.366336,658,27280.80054,423,1203.833127,517,1.058226064,13961.49929,850,58458.85829,546,2579.642416,668,0.002635674,0.00650697,0.00043791,0.6,0.717,0.273,0.01,0.498,0.462,0.04,1,1,0.02,0.686,0.147,0.147,1,0.74,0.26,0.92,0.08,0.96,0.04,0.15,0.85,1,1,0,0.01,0.99,0.35,0.65
Mianyang City,Medium-small-cities,2,四川省,85.25,76.37262208,2223.80315,132,15206.05291,85,570.1439433,104,0.156596517,3866.946588,159,26441.63644,102,991.4169681,125,0.551305548,7165.587927,415,48997.28159,267,1837.130484,326,5.697539045,3706.338583,159,25343.42151,102,950.2399055,125,0.446907869,4324.06168,658,29567.3251,423,1108.613223,517,2.025028938,9265.846458,850,63358.55378,546,2375.599764,668,0.000756912,0.001536038,0.033263499,0.6,0.73,0.26,0.01,0.52,0.44,0.04,1,1,0.02,0.686,0.147,0.147,1,0.74,0.26,0.92,0.08,0.96,0.04,0.15,0.85,1,1,0,0.01,0.99,0.35,0.65
Mudanjiang City,Medium-small-cities,2,黑龙江省,28.9631,24.6961845,3610.849565,132,13901.63573,85,487.514702,104,0.118525431,6278.866188,159,24173.39991,102,847.7338985,125,0.287847474,11634.95971,415,44794.15958,267,1570.880707,326,2.464764551,6018.082608,159,23169.39289,102,812.5245034,125,0.236486455,7021.096376,658,27030.95837,423,947.945254,517,1.159291593,15045.20652,850,57923.48222,546,2031.311258,668,0.001821929,0.001900136,0.000146053,0.6,0.73,0.26,0.01,0.52,0.44,0.04,1,1,0.02,0.686,0.147,0.147,1,0.74,0.26,0.92,0.08,0.96,0.04,0.15,0.85,1,1,0,0.01,0.99,0.35,0.65
Nagqu City,Medium-small-cities,2,西藏自治区,13.7757,9.001351382,1880.700584,132,15846.17389,85,273.1255256,104,0.072150135,3270.32935,159,27554.73571,102,474.9349417,125,0.106981235,6060.035217,415,51059.89365,267,880.0711379,326,3.092504082,3134.500974,159,26410.28982,102,455.2092093,125,0.462756041,3656.917803,658,30812.00479,423,531.0774108,517,1.039957125,7836.252435,850,66025.72454,546,1138.023023,668,0.004460885,0.005729299,0,0.6,0.73,0.26,0.01,0.52,0.44,0.04,1,1,0.02,0.686,0.147,0.147,1,0.74,0.26,0.92,0.08,0.96,0.04,0.15,0.85,1,1,0,0.01,0.99,0.35,0.65
Nanchang City,Largecities,2,江西省,116.5112,100.1767981,2446.134559,132,14908.48308,85,645.3823652,104,0.272759573,4253.556206,159,25924.19557,102,1122.248224,125,0.590329648,7881.989135,415,48038.44547,267,2079.565399,326,9.451119213,4076.890932,159,24847.47179,102,1075.637275,125,0.744243978,4756.372754,658,28988.71709,423,1254.910155,517,5.27594946,10192.22733,850,62118.67948,546,2689.093188,668,0.002426255,0.000796469,0.005105893,0.6,0.717,0.273,0.01,0.510607368,0.442392632,0.047,1,1,0.02,0.473443158,0.471524399,0.035032444,1,0.74,0.26,0.92,0.08,0.96,0.04,0.15,0.85,1,1,0,0.01,0.99,0.35,0.65
Nanchong City,Medium-small-cities,2,四川省,83.57,74.8675663,2232.821635,132,15187.67255,85,579.5058185,104,0.15351051,3882.628731,159,26409.67504,102,1007.696229,125,0.54044111,7194.64749,415,48938.05598,267,1867.296526,326,5.585259096,3721.369391,159,25312.78758,102,965.8430309,125,0.43810077,4341.597623,658,29531.58551,423,1126.816869,517,1.985122209,9303.423478,850,63281.96894,546,2414.607577,668,0.000438751,0.003516296,0.020217274,0.6,0.73,0.26,0.01,0.52,0.44,0.04,1,1,0.02,0.686,0.147,0.147,1,0.74,0.26,0.92,0.08,0.96,0.04,0.15,0.85,1,1,0,0.01,0.99,0.35,0.65
Nanjing City,Extra-large-cities,2,江苏省,269.94,249.8792773,7277.461191,132,9801.139713,85,921.3990961,104,0.560038552,12654.6964,159,17043.09295,102,1602.21065,125,1.633327626,23449.59717,415,31581.45019,267,2968.952643,326,9.160529332,12129.10198,159,16335.23286,102,1535.66516,125,1.585121776,14150.61898,658,19057.77166,423,1791.609354,517,7.121705438,30322.75496,850,40838.08214,546,3839.1629,668,0.000724677,0.001047947,0.006352039,0.6,0.7065625,0.2624375,0.031,0.4505,0.4505,0.099,1,1,0.02,0.014,0.9358125,0.0301875,1,0.74,0.26,0.92,0.08,0.96,0.04,0.15,0.85,1,1,0,0.01,0.99,0.35,0.65
Nanning City,Largecities,2,广西壮族自治区,176.1627,152.8440354,4883.750662,132,12308.89621,85,807.3531301,104,0.433432428,8492.299763,159,21403.80285,102,1403.897387,125,1.029730375,15736.52991,415,39661.99889,267,2601.471197,326,15.05192614,8139.584437,159,20514.82701,102,1345.58855,125,1.302924148,9496.181844,658,23933.96485,423,1569.853308,517,5.500651543,20348.96109,850,51287.06753,546,3363.971375,668,0.00299469,0.000738997,0.004423194,0.6,0.73,0.26,0.01,0.531673684,0.421326316,0.047,1,1,0.02,0.473443158,0.471524399,0.035032444,1,0.74,0.26,0.92,0.08,0.96,0.04,0.15,0.85,1,1,0,0.01,0.99,0.35,0.65
Nanping City,Medium-small-cities,2,福建省,29.25,25.57729426,3347.172609,132,13388.69044,85,1264.136955,104,0.095389349,5820.361259,159,23281.44504,102,2198.193705,125,0.153658861,10785.33396,415,43141.33585,267,4073.330188,326,2.728308026,5578.621015,159,22314.48406,102,2106.894925,125,0.086756829,6508.391184,658,26033.56474,423,2458.044079,517,0.608592678,13946.55254,850,55786.21015,546,5267.237312,668,0.001080103,0.00080567,0.000310524,0.6,0.704,0.286,0.01,0.476,0.484,0.04,1,1,0.02,0.686,0.147,0.147,1,0.74,0.26,0.92,0.08,0.96,0.04,0.15,0.85,1,1,0,0.01,0.99,0.35,0.65
Nantong City,Extra-large-cities,2,江苏省,181.23,167.7618042,3129.873106,132,14295.01534,85,575.1115583,104,0.375993876,5442.501567,159,24857.44333,102,1000.055099,125,1.096569481,10085.14667,415,46061.71608,267,1853.137244,326,6.150117548,5216.455176,159,23825.02556,102,958.5192639,125,1.064205451,6085.864372,658,27795.86315,423,1118.272475,517,4.781309463,13041.13794,850,59562.5639,546,2396.29816,668,0.000222477,0.000874623,0.002514356,0.6,0.73684375,0.23215625,0.031,0.542647727,0.358352273,0.099,1,1,0.02,0.014,0.9358125,0.0301875,1,0.74,0.26,0.92,0.08,0.96,0.04,0.15,0.85,1,0.9,0.1,0.01,0.99,0.35,0.65
Nanyang City,Largecities,2,河南省,114.3854,100.9598133,3139.654786,132,14505.26788,85,355.0773369,104,0.260075318,5459.510822,159,25223.04914,102,617.4400359,125,0.564327813,10116.66542,415,46739.19649,267,1144.138086,326,8.203416807,5232.757977,159,24175.44646,102,591.7955615,125,0.282163906,6104.884306,658,28204.68754,423,690.4281551,517,4.115602838,13081.89494,850,60438.61615,546,1479.488904,668,0.000677237,0.000888547,0.004355432,0.6,0.73,0.26,0.01,0.511610526,0.441389474,0.047,1,1,0.02,0.473443158,0.471524399,0.035032444,1,0.74,0.26,0.92,0.08,0.96,0.04,0.15,0.85,1,1,0,0.01,0.99,0.35,0.65
Neijiang City,Medium-small-cities,2,四川省,47.01,42.1146858,1365.546549,132,16199.57504,85,434.8784135,104,0.086353106,2374.533722,159,28169.26104,102,756.2052412,125,0.30401025,4400.094436,415,52198.63068,267,1401.274888,326,3.141833554,2275.910915,159,26999.29173,102,724.7973558,125,0.246441512,2655.229401,658,31499.17368,423,845.5969151,517,1.116675781,5689.777288,850,67498.22932,546,1811.993389,668,0.011186366,0.004063902,0,0.6,0.73,0.26,0.01,0.52,0.44,0.04,1,1,0.02,0.686,0.147,0.147,1,0.74,0.26,0.92,0.08,0.96,0.04,0.15,0.85,1,1,0,0.01,0.99,0.35,0.65
Ningbo City,Extra-large-cities,2,浙江省,277.0211,250.5567161,5973.626374,132,11129.14286,85,897.2307692,104,0.535377598,10387.47253,159,19352.34286,102,1560.184615,125,1.254791246,19248.35165,415,35860.57143,267,2891.076923,326,19.69687646,9956.043956,159,18548.57143,102,1495.384615,125,0.654164503,11615.38462,658,21640,423,1744.615385,517,4.323174108,24890.10989,850,46371.42857,546,3738.461538,668,0.000859637,0.001752849,0.004635293,0.6,0.713628125,0.255371875,0.031,0.5068125,0.3941875,0.099,1,1,0.02,0.014,0.9358125,0.0301875,1,0.74,0.26,0.92,0.08,0.96,0.04,0.15,0.85,1,0.9,0.1,0.01,0.99,0.35,0.65
Ningde City,Medium-small-cities,2,福建省,27.78,24.29187126,3955.652857,132,13416.97402,85,627.3731199,104,0.090595423,6878.440801,159,23330.62705,102,1090.932147,125,0.145936518,12745.99254,415,43232.47185,267,2021.535609,326,2.591193059,6592.754761,159,22361.62337,102,1045.621867,125,0.082396742,7691.547221,658,26088.5606,423,1219.892178,517,0.578006995,16481.8869,850,55904.05843,546,2614.054666,668,0.000240494,0.000435435,0,0.6,0.717,0.273,0.01,0.498,0.462,0.04,1,1,0.02,0.686,0.147,0.147,1,0.74,0.26,0.92,0.08,0.96,0.04,0.15,0.85,1,0.9,0.1,0.01,0.99,0.35,0.65
Panzhihua City,Medium-small-cities,2,四川省,25.2,22.57583667,2394.851291,132,14988.93276,85,616.2159532,104,0.046290114,4164.3803,159,26064.08863,102,1071.531074,125,0.162966567,7716.743048,415,48297.67221,267,1985.584738,326,1.684199225,3991.418818,159,24981.55459,102,1027.026589,125,0.13210649,4656.655288,658,29145.14703,423,1198.197687,517,0.598600929,9978.547045,850,62453.88648,546,2567.566471,668,0.019097586,0.003923197,0.002873863,0.6,0.73,0.26,0.01,0.52,0.44,0.04,1,1,0.02,0.686,0.147,0.147,1,0.74,0.26,0.92,0.08,0.96,0.04,0.15,0.85,1,1,0,0.01,0.99,0.35,0.65
Panjin City,Medium-small-cities,2,辽宁省,36.0316,31.37697702,3393.777463,132,14104.7176,85,501.5049333,104,0.169014401,5901.401922,159,24526.53672,102,872.0613562,125,0.315325375,10935.50516,415,45448.5345,267,1615.960341,326,2.610053241,5656.295772,159,23507.86267,102,835.8415555,125,0.186672622,6599.011734,658,27425.83978,423,975.1484814,517,1.373557335,14140.73943,850,58769.65668,546,2089.603889,668,0.000284412,0.000842583,0,0.6,0.73,0.26,0.01,0.52,0.44,0.04,1,1,0.02,0.686,0.147,0.147,1,0.74,0.26,0.92,0.08,0.96,0.04,0.15,0.85,1,0.9,0.1,0.01,0.99,0.35,0.65
Pingdingshan City,Medium-small-cities,2,河南省,71.3472,62.97307167,4066.522151,132,13382.33302,85,551.1448313,104,0.162220403,7071.230186,159,23270.39019,102,958.3796234,125,0.351996053,13103.23804,415,43120.85083,267,1775.911123,326,5.116831515,6777.536919,159,22303.88836,102,918.5747189,125,0.175998027,7907.126406,658,26021.20309,423,1071.670505,517,2.567082327,16943.8423,850,55759.72091,546,2296.436797,668,0.000348629,0.000736557,0,0.6,0.73,0.26,0.01,0.52,0.44,0.04,1,1,0.02,0.686,0.147,0.147,1,0.74,0.26,0.92,0.08,0.96,0.04,0.15,0.85,1,1,0,0.01,0.99,0.35,0.65
Pingliang City,Medium-small-cities,2,甘肃省,23.89,19.50001114,3125.07054,132,14260.15181,85,614.7776497,104,0.075641161,5434.150439,159,24796.81954,102,1069.030024,125,0.167391088,10069.67174,415,45949.37806,267,1980.950205,326,3.210547054,5208.4509,159,23766.91968,102,1024.629416,125,0.18139871,6076.52605,658,27728.07296,423,1195.400986,517,0.755010847,13021.12725,850,59417.29921,546,2561.573541,668,0.004716111,0.002666025,0,0.6,0.73,0.26,0.01,0.52,0.44,0.04,1,1,0.02,0.686,0.147,0.147,1,0.74,0.26,0.92,0.08,0.96,0.04,0.15,0.85,1,1,0,0.01,0.99,0.35,0.65
Pingxiang City,Medium-small-cities,2,江西省,24.34,20.92762985,2369.365776,132,15418.82728,85,211.8069406,104,0.056981372,4120.063821,159,26811.62744,102,368.3087355,125,0.123323969,7634.623055,415,49682.88791,267,682.4890307,326,1.974404535,3948.94296,159,25698.04547,102,353.0115676,125,0.155477743,4607.10012,658,29981.05305,423,411.8468289,517,1.102182536,9872.357399,850,64245.11368,546,882.528919,668,0.004138241,0.001355556,0,0.6,0.704,0.286,0.01,0.476,0.484,0.04,1,1,0.02,0.686,0.147,0.147,1,0.74,0.26,0.92,0.08,0.96,0.04,0.15,0.85,1,1,0,0.01,0.99,0.35,0.65
Putian City,Medium-small-cities,2,福建省,38.77,33.90193841,2922.184925,132,14355.50809,85,722.3069881,104,0.126435728,5081.354898,159,24962.63351,102,1256.011596,125,0.203670223,9415.929204,415,46256.63717,267,2327.433628,326,3.616290672,4870.308209,159,23925.84681,102,1203.84498,125,0.114993581,5682.026244,658,27913.48795,423,1404.48581,517,0.806671389,12175.77052,850,59814.61703,546,3009.61245,668,0.000341048,0.000450678,0,0.6,0.73,0.26,0.01,0.52,0.44,0.04,1,1,0.02,0.686,0.147,0.147,1,0.74,0.26,0.92,0.08,0.96,0.04,0.15,0.85,1,0.9,0.1,0.01,0.99,0.35,0.65
Puyang City,Medium-small-cities,2,河南省,68.6431,60.58635596,5197.01963,132,12240.72217,85,562.2582032,104,0.156072157,9037.039691,159,21285.25577,102,977.7045422,125,0.3386552,16745.95214,415,39442.32698,267,1811.720877,326,4.922900652,8661.699384,159,20401.20361,102,937.0970053,125,0.1693276,10105.31595,658,23801.40421,423,1093.27984,517,2.469788427,21654.24846,850,51003.00903,546,2342.742513,668,0.001075361,0.00069474,0,0.6,0.73,0.26,0.01,0.52,0.44,0.04,1,1,0.02,0.686,0.147,0.147,1,0.74,0.26,0.92,0.08,0.96,0.04,0.15,0.85,1,1,0,0.01,0.99,0.35,0.65
Pu'er City,Medium-small-cities,2,云南省,29.6,25.16376529,1452.67353,132,16375.45666,85,171.8698107,104,0.082916531,2526.037861,159,28475.09963,102,298.8625042,125,0.126577893,4680.836931,415,52765.36035,267,553.8027233,326,3.382353578,2421.122551,159,27292.42776,102,286.4496845,125,0.199480351,2824.642976,658,31841.16573,423,334.1912986,517,0.644906355,6052.806377,850,68231.06941,546,716.1242112,668,0.001758676,0.00384432,0.002366508,0.6,0.73,0.26,0.01,0.52,0.44,0.04,1,1,0.02,0.686,0.147,0.147,1,0.74,0.26,0.92,0.08,0.96,0.04,0.15,0.85,1,1,0,0.01,0.99,0.35,0.65
Qitaihe City,Medium-small-cities,2,黑龙江省,14.1179,12.03801607,3791.540327,132,13598.68505,85,609.7746234,104,0.057774554,6593.067346,159,23646.60234,102,1060.330317,125,0.140309631,12217.1855,415,43817.98516,267,1964.829342,326,1.201435601,6319.233878,159,22664.47508,102,1016.291039,125,0.115273991,7372.439524,658,26441.8876,423,1185.672879,517,0.565090159,15798.08469,850,56661.18771,546,2540.727598,668,0.001815588,0.004923457,0,0.6,0.73,0.26,0.01,0.52,0.44,0.04,1,1,0.02,0.686,0.147,0.147,1,0.74,0.26,0.92,0.08,0.96,0.04,0.15,0.85,1,1,0,0.01,0.99,0.35,0.65
Qiqihar City,Medium-small-cities,2,黑龙江省,7.8219,6.669558352,2939.433873,132,14479.93477,85,580.6313567,104,0.03200949,5111.348901,159,25178.99768,102,1009.653415,125,0.077737333,9471.509146,415,46657.56759,267,1870.92326,326,0.66564497,4899.056455,159,24133.22462,102,967.7189278,125,0.063866554,5715.565864,658,28155.42872,423,1129.005416,517,0.3130833,12247.64114,850,60333.06154,546,2419.297319,668,0.000500143,0.003438923,0.00013816,0.6,0.73,0.26,0.01,0.52,0.44,0.04,1,1,0.02,0.686,0.147,0.147,1,0.74,0.26,0.92,0.08,0.96,0.04,0.15,0.85,1,1,0,0.01,0.99,0.35,0.65
Qinzhou City,Medium-small-cities,2,广西壮族自治区,75.1807,65.22902731,3499.455826,132,13639.54465,85,860.9995198,104,0.184975329,6085.164853,159,23717.65265,102,1497.182498,125,0.439456539,11276.02433,415,43949.64389,267,2774.331786,326,6.423688691,5832.426376,159,22732.57442,102,1434.9992,125,0.556047049,6804.497439,658,26521.33683,423,1674.165733,517,2.347505082,14581.06594,850,56831.43606,546,3587.497999,668,0.001567801,0.001618068,0,0.6,0.73,0.26,0.01,0.52,0.44,0.04,1,1,0.02,0.686,0.147,0.147,1,0.74,0.26,0.92,0.08,0.96,0.04,0.15,0.85,1,0.9,0.1,0.01,0.99,0.35,0.65
Qinhuangdao City,Medium-small-cities,2,河北省,71.2,61.65566519,3813.279264,132,13485.09549,85,701.6252489,104,0.095465045,6630.868942,159,23449.08271,102,1220.04835,125,0.292904114,12287.23318,415,43451.97435,267,2260.792469,326,5.83898928,6355.46544,159,22475.15915,102,1169.375415,125,0.191797953,7414.709679,658,26221.019,423,1364.271317,517,3.125178418,15888.6636,850,56187.89786,546,2923.438537,668,0.001333457,0.001757391,0.001204705,0.6,0.73,0.26,0.01,0.54,0.42,0.04,1,1,0.02,0.686,0.147,0.147,1,0.74,0.26,0.92,0.08,0.96,0.04,0.15,0.85,1,0.9,0.1,0.01,0.99,0.35,0.65
Qingdao City,Extra-large-cities,2,山东省,291.0938,255.9918243,6001.288464,132,11124.7394,85,873.972137,104,0.502190311,10435.57383,159,19344.68573,102,1519.740438,125,1.658104669,19337.48505,415,35846.38251,267,2816.132441,326,21.3324433,10002.14744,159,18541.23233,102,1456.620228,125,1.000623588,11669.17201,658,21631.43772,423,1699.390266,517,10.60861379,25005.3686,850,46353.08083,546,3641.550571,668,0.000332213,0.000635673,0.017280943,0.6,0.7065625,0.2624375,0.031,0.4505,0.4505,0.099,1,1,0.02,0.014,0.9358125,0.0301875,1,0.74,0.26,0.92,0.08,0.96,0.04,0.15,0.85,1,0.9,0.1,0.01,0.99,0.35,0.65
Qingyuan City,Medium-small-cities,2,广东省,68.8998,61.16898128,2973.07071,132,14433.07097,85,593.8583224,104,0.152750089,5169.839624,159,25097.50674,102,1032.653638,125,0.520360713,9579.894511,415,46506.56201,267,1913.543483,326,5.466907865,4955.11785,159,24055.11828,102,989.7638706,125,0.330760407,5780.970826,658,28064.30466,423,1154.724516,517,1.260039647,12387.79463,850,60137.7957,546,2474.409677,668,0.000900517,0.009406522,0,0.6,0.704,0.286,0.01,0.476,0.484,0.04,1,1,0.02,0.686,0.147,0.147,1,0.74,0.26,0.92,0.08,0.96,0.04,0.15,0.85,1,1,0,0.01,0.99,0.35,0.65
Qingyang City,Medium-small-cities,2,甘肃省,31.7,25.87485781,2975.093417,132,14482.95058,85,541.9560024,104,0.100369393,5173.356885,159,25184.24184,102,942.4012709,125,0.22211375,9586.41212,415,46667.28521,267,1746.302674,326,4.260123131,4958.489028,159,24138.25097,102,903.260004,125,0.240700674,5784.903866,658,28161.2928,423,1053.803338,517,1.001835239,12396.22257,850,60345.62742,546,2258.15001,668,0.005637817,0.003086135,0.006477375,0.6,0.73,0.26,0.01,0.52,0.44,0.04,1,1,0.02,0.686,0.147,0.147,1,0.74,0.26,0.92,0.08,0.96,0.04,0.15,0.85,1,1,0,0.01,0.99,0.35,0.65
Qujing City,Medium-small-cities,2,云南省,76.69,65.19625541,1324.827586,132,16129.65517,85,545.5172414,104,0.214826648,2303.727969,159,28047.67816,102,948.5938697,125,0.327947927,4268.888889,415,51973.33333,267,1757.777778,326,8.763266753,2208.045977,159,26882.75862,102,909.1954023,125,0.516829328,2576.05364,658,31363.21839,423,1060.727969,517,1.670873931,5520.114943,850,67206.89655,546,2272.988506,668,0.002278127,0.001080685,0,0.6,0.73,0.26,0.01,0.52,0.44,0.04,1,1,0.02,0.686,0.147,0.147,1,0.74,0.26,0.92,0.08,0.96,0.04,0.15,0.85,1,1,0,0.01,0.99,0.35,0.65
Quzhou City,Medium-small-cities,2,浙江省,46.658,42.20066724,3134.733897,132,14216.72344,85,648.5426617,104,0.090172366,5450.953943,159,24721.30243,102,1127.743628,125,0.211341483,10100.80922,415,45809.4422,267,2089.748576,326,3.317497699,5224.556495,159,23694.53907,102,1080.904436,125,0.11017936,6095.31591,658,27643.62891,423,1261.055175,517,0.728141855,13061.39124,850,59236.34767,546,2702.26109,668,0.000950413,0.000959325,0.000768499,0.6,0.704,0.286,0.01,0.476,0.484,0.04,1,1,0.02,0.686,0.147,0.147,1,0.74,0.26,0.92,0.08,0.96,0.04,0.15,0.85,1,1,0,0.01,0.99,0.35,0.65
Quanzhou City,Extra-large-cities,2,福建省,160.18,140.0673844,3106.877114,132,14230.55242,85,662.5704622,104,0.522374902,5402.514092,159,24745.34949,102,1152.136415,125,0.841472693,10011.04848,415,45854.00225,267,2134.949267,326,14.94086768,5178.128523,159,23717.58737,102,1104.284104,125,0.475101155,6041.149944,658,27670.5186,423,1288.331454,517,3.33279915,12945.32131,850,59293.96843,546,2760.710259,668,0.000706979,0.000357281,0.001571466,0.6,0.725235938,0.243764063,0.031,0.524730114,0.376269886,0.099,1,1,0.02,0.014,0.9358125,0.0301875,1,0.74,0.26,0.92,0.08,0.96,0.04,0.15,0.85,1,0.9,0.1,0.01,0.99,0.35,0.65
Shigatse City,Medium-small-cities,2,西藏自治区,13.6951,8.948685534,1749.551761,132,15964.62293,85,285.8253076,104,0.071727993,3042.276117,159,27760.70543,102,497.0184516,125,0.106355301,5637.444563,415,51441.56278,267,920.9926579,326,3.074410204,2915.919601,159,26607.70489,102,476.3755127,125,0.46004851,3401.906202,658,31042.32237,423,555.7714315,517,1.033872458,7289.799003,850,66519.26222,546,1190.938782,668,0.006983822,0.003959626,0.001357403,0.6,0.704,0.286,0.01,0.476,0.484,0.04,1,1,0.02,0.686,0.147,0.147,1,0.74,0.26,0.92,0.08,0.96,0.04,0.15,0.85,1,1,0,0.01,0.99,0.35,0.65
Rizhao City,Medium-small-cities,2,山东省,70.3935,61.90499587,3909.934142,132,13478.50295,85,611.562911,104,0.121441727,6798.941036,159,23437.61901,102,1063.439951,125,0.400969691,12598.67668,415,43430.73172,267,1970.591602,326,5.158699181,6516.556903,159,22464.17158,102,1019.271518,125,0.241974912,7602.64972,658,26208.20017,423,1189.150105,517,2.56541862,16291.39226,850,56160.42895,546,2548.178796,668,0.000328811,0.002230639,0.020068523,0.6,0.73,0.26,0.01,0.52,0.44,0.04,1,1,0.02,0.686,0.147,0.147,1,0.74,0.26,0.92,0.08,0.96,0.04,0.15,0.85,1,0.9,0.1,0.01,0.99,0.35,0.65
Sanmenxia City,Medium-small-cities,2,河南省,32.4525,28.6435012,3797.513321,132,13642.98401,85,559.5026643,104,0.073786464,6603.45372,159,23723.63331,102,972.9129663,125,0.16010652,12236.43181,415,43960.72627,267,1802.841918,326,2.327407028,6329.188869,159,22738.30669,102,932.5044405,125,0.08005326,7384.053681,658,26528.02447,423,1087.921847,517,1.167645531,15822.97217,850,56845.76673,546,2331.261101,668,0.000491651,0.001009205,0,0.6,0.73,0.26,0.01,0.52,0.44,0.04,1,1,0.02,0.686,0.147,0.147,1,0.74,0.26,0.92,0.08,0.96,0.04,0.15,0.85,1,1,0,0.01,0.99,0.35,0.65
Sanming City,Medium-small-cities,2,福建省,31.08,27.17751472,3363.313656,132,13931.99095,85,704.6953918,104,0.101357298,5848.428746,159,24226.18427,102,1225.386987,125,0.163272389,10837.344,415,44891.97085,267,2270.685151,326,2.899002169,5605.522759,159,23219.98492,102,1174.49232,125,0.092184692,6539.776553,658,27089.98241,423,1370.24104,517,0.646668733,14013.8069,850,58049.9623,546,2936.230799,668,0.000156086,0.000610125,5.50E-05,0.6,0.704,0.286,0.01,0.476,0.484,0.04,1,1,0.02,0.686,0.147,0.147,1,0.74,0.26,0.92,0.08,0.96,0.04,0.15,0.85,1,1,0,0.01,0.99,0.35,0.65
Sanya City,Medium-small-cities,2,海南省,21.6115,18.57366902,2083.773391,132,14984.15791,85,932.0687003,104,0.090232603,3623.450397,159,26055.7857,102,1620.763907,125,0.264365697,6714.380928,415,48282.28659,267,3003.332479,326,2.214656351,3472.955652,159,24973.59651,102,1553.447834,125,0.178882178,4051.781594,658,29135.8626,423,1812.355806,517,0.289694147,8682.389131,850,62433.99128,546,3883.619585,668,0.000158323,0.001423949,0.030084446,0.6,0.73,0.26,0.01,0.52,0.44,0.04,1,1,0.02,0.686,0.147,0.147,1,0.74,0.26,0.92,0.08,0.96,0.04,0.15,0.85,1,0.9,0.1,0.01,0.99,0.35,0.65
Xiamen City,Largecities,2,福建省,140.53,122.8846893,6883.963849,132,10081.11177,85,1034.924383,104,0.458292827,11970.44825,159,17529.93324,102,1799.618511,125,0.738245459,22181.66129,415,32483.58236,267,3334.756347,326,13.10800434,11473.27308,159,16801.85295,102,1724.873972,125,0.416818363,13385.48526,658,19602.16177,423,2012.352968,517,2.92394971,28683.18271,850,42004.63236,546,4312.184931,668,0.000280517,0.000778506,0.045218251,0.6,0.73,0.26,0.01,0.531673684,0.421326316,0.047,1,1,0.02,0.473443158,0.471524399,0.035032444,1,0.74,0.26,0.92,0.08,0.96,0.04,0.15,0.85,1,0.9,0.1,0.01,0.99,0.35,0.65
Shannan City,Medium-small-cities,2,西藏自治区,13.6951,8.948685534,2495.666996,132,15294.68369,85,209.6493101,104,0.071727993,4339.687609,159,26595.75554,102,364.5568559,125,0.106355301,8041.593652,415,49282.86968,267,675.5366658,326,3.074410204,4159.444993,159,25491.13949,102,349.4155168,125,0.46004851,4852.685825,658,29739.66274,423,407.6514363,517,1.033872458,10398.61248,850,63727.84873,546,873.538792,668,0.003519696,0.002603565,0,0.6,0.717,0.273,0.01,0.498,0.462,0.04,1,1,0.02,0.686,0.147,0.147,1,0.74,0.26,0.92,0.08,0.96,0.04,0.15,0.85,1,1,0,0.01,0.99,0.35,0.65
Shantou City,Medium-small-cities,2,广东省,79.0098,70.14460096,6190.96145,132,10590.06079,85,1218.977765,104,0.175163847,10765.39408,159,18414.93903,102,2119.666891,125,0.59671575,19948.65356,415,34123.5292,267,3927.817243,326,6.269093626,10318.26908,159,17650.10131,102,2031.629608,125,0.379294477,12037.9806,658,20591.78486,423,2370.234543,517,1.444931342,25795.67271,850,44125.25327,546,5079.074021,668,0.000851322,0.0050061,0,0.6,0.717,0.273,0.01,0.498,0.462,0.04,1,1,0.02,0.686,0.147,0.147,1,0.74,0.26,0.92,0.08,0.96,0.04,0.15,0.85,1,0.9,0.1,0.01,0.99,0.35,0.65
Shanwei City,Medium-small-cities,2,广东省,28.4348,25.24430766,3786.803785,132,13533.71399,85,679.4822228,104,0.063039635,6584.831026,159,23533.62489,102,1181.544087,125,0.214751752,12201.92331,415,43608.63397,267,2189.442718,326,2.256181175,6311.339642,159,22556.18999,102,1132.470371,125,0.136504112,7363.229582,658,26315.55498,423,1321.215433,517,0.520015666,15778.3491,850,56390.47497,546,2831.175928,668,0.001444524,0.001163572,0,0.6,0.717,0.273,0.01,0.498,0.462,0.04,1,1,0.02,0.686,0.147,0.147,1,0.74,0.26,0.92,0.08,0.96,0.04,0.15,0.85,1,0.9,0.1,0.01,0.99,0.35,0.65
Shangluo City,Medium-small-cities,2,陕西省,10.6124,9.516446099,2012.406417,132,15408.77005,85,578.8235294,104,0.027189394,3499.351159,159,26794.13904,102,1006.509804,125,0.067499252,6484.420677,415,49650.48128,267,1865.098039,326,0.697439581,3354.010695,159,25681.28342,102,964.7058824,125,0.026082849,3913.012478,658,29961.49733,423,1125.490196,517,0.277742825,8385.026738,850,64203.20856,546,2411.764706,668,0.007803786,0.002819089,0,0.6,0.73,0.26,0.01,0.52,0.44,0.04,1,1,0.02,0.686,0.147,0.147,1,0.74,0.26,0.92,0.08,0.96,0.04,0.15,0.85,1,1,0,0.01,0.99,0.35,0.65
Shangqiu City,Medium-small-cities,2,河南省,111.034,98.00177218,2444.221186,132,15186.14371,85,369.6351069,104,0.252455321,4250.229063,159,26407.01656,102,642.7543803,125,0.547793463,7875.823823,415,48933.12972,267,1191.046456,326,7.963063308,4073.701977,159,25310.23951,102,616.0585115,125,0.273896732,4752.652307,658,29528.61276,423,718.7349301,517,3.995018993,10184.25494,850,63275.59878,546,1540.146279,668,0.000107849,0.000746428,0,0.6,0.73,0.26,0.01,0.52,0.44,0.04,1,1,0.02,0.686,0.147,0.147,1,0.74,0.26,0.92,0.08,0.96,0.04,0.15,0.85,1,1,0,0.01,0.99,0.35,0.65
Shanghai,Megacities,2,上海市,411.22,370.8034168,9438.098888,132,7395.937141,85,1165.963971,104,2.437984255,16411.80529,159,12860.71292,102,2027.481794,125,4.945910681,30411.65197,415,23831.35301,267,3756.995017,326,7.733605793,15730.16481,159,12326.5619,102,1943.273285,125,4.566224609,18351.85895,658,14380.98888,423,2267.152166,517,20.73285791,39325.41204,850,30816.40475,546,4858.183212,668,0.001903831,0.001406731,1.65082179,0.6,0.555321642,0.201678358,0.243,0.455376316,0.207623684,0.337,1,1,0.02,0.130727869,0.562343538,0.286928594,1,0.74,0.26,0.92,0.08,0.96,0.04,0.15,0.85,1,0.9,0.1,0.01,0.99,0.35,0.65
Shangrao City,Medium-small-cities,2,江西省,67.1715,57.75432572,3042.689076,132,14499.4958,85,457.8151261,104,0.157252433,5290.898226,159,25213.01214,102,796.0896359,125,0.340339194,9804.220355,415,46720.59757,267,1475.182073,326,5.448796804,5071.148459,159,24165.82633,102,763.0252101,125,0.429074496,5916.339869,658,28193.46405,423,890.1960784,517,3.041711347,12677.87115,850,60414.56583,546,1907.563025,668,0.000567173,0.00110889,0.00010967,0.6,0.704,0.286,0.01,0.476,0.484,0.04,1,1,0.02,0.686,0.147,0.147,1,0.74,0.26,0.92,0.08,0.96,0.04,0.15,0.85,1,1,0,0.01,0.99,0.35,0.65
Shaoguan City,Medium-small-cities,2,广东省,42.2016,37.46642052,2658.982089,132,14607.9092,85,733.1087072,104,0.093560477,4623.67441,159,25401.531,102,1274.794585,125,0.318724505,8567.831176,415,47069.92966,267,2362.239168,326,3.348518558,4431.636815,159,24346.51534,102,1221.847845,125,0.202593018,5170.242951,658,28404.2679,423,1425.489153,517,0.771782925,11079.09204,850,60866.28835,546,3054.619613,668,0.003030191,0.01160899,0,0.6,0.704,0.286,0.01,0.476,0.484,0.04,1,1,0.02,0.686,0.147,0.147,1,0.74,0.26,0.92,0.08,0.96,0.04,0.15,0.85,1,1,0,0.01,0.99,0.35,0.65
Shaoyang City,Medium-small-cities,2,湖南省,60.6648,54.2170088,1754.173124,132,15781.97919,85,463.8476865,104,0.294608215,3050.312154,159,27443.10826,102,806.5795882,125,0.431065702,5652.335621,415,50853.04406,267,1494.620323,326,4.138510655,2923.621873,159,26303.29865,102,773.0794775,125,0.344992518,3410.892185,658,30687.18176,423,901.9260571,517,1.238614112,7309.054682,850,65758.24662,546,1932.698694,668,0.000339192,0.001990143,0.000356055,0.6,0.717,0.273,0.01,0.498,0.462,0.04,1,1,0.02,0.686,0.147,0.147,1,0.74,0.26,0.92,0.08,0.96,0.04,0.15,0.85,1,1,0,0.01,0.99,0.35,0.65
Shaoxing City,Largecities,2,浙江省,153.3721,138.7201542,3431.813224,132,13792.28418,85,775.9026008,104,0.296410586,5967.541883,159,23983.24971,102,1349.208411,125,0.694712311,11058.06483,415,44441.80457,267,2500.130603,326,10.90513071,5719.688706,159,22987.14029,102,1293.171001,125,0.362176685,6672.970157,658,26818.33034,423,1508.699502,517,2.393515482,14299.22177,850,57467.85073,546,3232.927503,668,0.000815986,0.000349419,0,0.6,0.717,0.273,0.01,0.510607368,0.442392632,0.047,1,1,0.02,0.473443158,0.471524399,0.035032444,1,0.74,0.26,0.92,0.08,0.96,0.04,0.15,0.85,1,1,0,0.01,0.99,0.35,0.65
Shenzhen City,Megacities,2,广东省,341.4152,303.1071204,7346.938776,132,220.4081633,85,10432.65306,104,0.756913696,12775.5102,159,383.2653061,102,18141.22449,125,2.578513389,23673.46939,415,710.2040816,267,33616.32653,326,27.08985283,12244.89796,159,367.3469388,102,17387.7551,125,1.638997945,14285.71429,658,428.5714286,423,20285.71429,517,6.243801696,30612.2449,850,918.3673469,546,43469.38776,668,0.000765059,0.000861804,0.027683656,0.6,0.555321642,0.201678358,0.243,0.455376316,0.207623684,0.337,1,1,0.02,0.130727869,0.562343538,0.286928594,1,0.74,0.26,0.92,0.08,0.96,0.04,0.15,0.85,1,0.9,0.1,0.01,0.99,0.35,0.65
Shenyang City,Largecities,2,辽宁省,257.9958,224.6674666,8851.440803,132,8253.63914,85,894.920057,104,1.210187881,15391.67206,159,14352.16139,102,1556.166544,125,2.257813211,28521.30925,415,26595.05945,267,2883.631295,326,18.68867255,14752.40134,159,13756.06523,102,1491.533428,125,1.336625421,17211.13489,658,16048.74277,423,1740.122333,517,9.835034347,36881.00334,850,34390.16309,546,3728.833571,668,0.001389555,0.000821036,0.002430076,0.6,0.76,0.23,0.01,0.601894737,0.351105263,0.047,1,1,0.02,0.473443158,0.471524399,0.035032444,1,0.74,0.26,0.92,0.08,0.96,0.04,0.15,0.85,1,1,0,0.01,0.99,0.35,0.65
Shiyan City,Medium-small-cities,2,湖北省,39.0369,34.3656815,2256.822231,132,15446.65687,85,296.5208965,104,0.126347771,3924.363102,159,26860.02001,102,515.6168923,125,0.280975549,7271.982745,415,49772.56103,267,955.4562221,326,2.908735512,3761.370385,159,25744.42812,102,494.2014942,125,0.265011029,4388.26545,658,30035.16614,423,576.5684099,517,1.090148639,9403.425964,850,64361.0703,546,1235.503735,668,0.000802362,0.001409718,0.001589379,0.6,0.73,0.26,0.01,0.52,0.44,0.04,1,1,0.02,0.686,0.147,0.147,1,0.74,0.26,0.92,0.08,0.96,0.04,0.15,0.85,1,1,0,0.01,0.99,0.35,0.65
Shijiazhuang City,Largecities,2,河北省,287.6,249.0473217,3893.337501,132,13427.64833,85,679.0141721,104,0.385614422,6770.081322,159,23349.18848,102,1180.730199,125,1.183135159,12545.19862,415,43266.86683,267,2187.934555,326,23.58558029,6488.895836,159,22379.41388,102,1131.690287,125,0.77473443,7570.378475,658,26109.31619,423,1320.305335,517,12.62361395,16222.23959,850,55948.53469,546,2829.225717,668,0.000979859,0.000832286,0.003405334,0.6,0.73,0.26,0.01,0.511610526,0.441389474,0.047,1,1,0.02,0.473443158,0.471524399,0.035032444,1,0.74,0.26,0.92,0.08,0.96,0.04,0.15,0.85,1,1,0,0.01,0.99,0.35,0.65
Shizuishan City,Medium-small-cities,2,宁夏回族自治区,12.2,9.498921712,3689.368015,132,13739.29804,85,571.3339425,104,0.028801123,6415.401048,159,23891.11271,102,993.4862445,125,0.077062464,11887.9636,415,44271.07147,267,1840.964926,326,1.918777515,6148.946692,159,22898.83007,102,952.2232375,125,0.063829516,7173.77114,658,26715.30175,423,1110.92711,517,0.612607669,15372.36673,850,57247.07518,546,2380.558094,668,0.006537953,0.002559422,0.00E+00,0.6,0.73,0.26,0.01,0.52,0.44,0.04,1,1,0.02,0.686,0.147,0.147,1,0.74,0.26,0.92,0.08,0.96,0.04,0.15,0.85,1,1,0,0.01,0.99,0.35,0.65
Shuangyashan City,Medium-small-cities,2,黑龙江省,22.4332,19.12828551,3381.130226,132,14167.54062,85,451.3291519,104,0.09180318,5879.409781,159,24635.77897,102,784.8112475,125,0.222950581,10894.75295,415,45650.96423,267,1454.282823,326,1.909068992,5635.217043,159,23612.5677,102,752.2152532,125,0.183169203,6574.419883,658,27547.99565,423,877.5844621,517,0.897922535,14088.04261,850,59031.41926,546,1880.538133,668,0.001771076,0.003972335,0,0.6,0.73,0.26,0.01,0.52,0.44,0.04,1,1,0.02,0.686,0.147,0.147,1,0.74,0.26,0.92,0.08,0.96,0.04,0.15,0.85,1,1,0,0.01,0.99,0.35,0.65
Shuozhou City,Medium-small-cities,2,山西省,25.9063,22.93251566,4929.133858,132,12278.21522,85,792.6509186,104,0.04466351,8571.216098,159,21350.45203,102,1378.331875,125,0.132160057,15882.76465,415,39563.13794,267,2554.097404,326,1.62143184,8215.223097,159,20463.69204,102,1321.084864,125,0.046493981,9584.426947,658,23874.30738,423,1541.265675,517,1.12903495,20538.05774,850,51159.2301,546,3302.712161,668,0.00086456,0.0021793,0,0.6,0.73,0.26,0.01,0.52,0.44,0.04,1,1,0.02,0.686,0.147,0.147,1,0.74,0.26,0.92,0.08,0.96,0.04,0.15,0.85,1,1,0,0.01,0.99,0.35,0.65
Siping City,Medium-small-cities,2,吉林省,42.0783,37.21748885,2710.471766,132,15289.52823,85,0,104,0.125573297,4713.209238,159,26586.79076,102,0,125,0.338298212,8733.742359,415,49266.25764,267,0,326,2.794474424,4517.452944,159,25482.54706,102,0,125,0.171491891,5270.361768,658,29729.63823,423,0,517,1.430973322,11293.63236,850,63706.36764,546,0,668,0.000447257,0.001881925,0,0.6,0.73,0.26,0.01,0.52,0.44,0.04,1,1,0.02,0.686,0.147,0.147,1,0.74,0.26,0.92,0.08,0.96,0.04,0.15,0.85,1,1,0,0.01,0.99,0.35,0.65
Songyuan City,Medium-small-cities,2,吉林省,45.6072,40.33873654,3240.479099,132,14349.8883,85,409.6326012,104,0.136104512,5634.833099,159,24952.86132,102,712.3055787,125,0.366669618,10441.54376,415,46238.52897,267,1319.92727,326,3.028833246,5400.798498,159,23916.4805,102,682.721002,125,0.185874072,6300.93158,658,27902.56058,423,796.5078356,517,1.550982014,13501.99624,850,59791.20125,546,1706.802505,668,0.000376028,0.000927469,0.002199073,0.6,0.73,0.26,0.01,0.52,0.44,0.04,1,1,0.02,0.686,0.147,0.147,1,0.74,0.26,0.92,0.08,0.96,0.04,0.15,0.85,1,1,0,0.01,0.99,0.35,0.65
Suzhou City (Jiangsu),Extra-large-cities,2,江苏省,419.1,387.9543791,6476.357729,132,10593.76108,85,929.881194,104,0.869497508,11261.6665,159,18421.37343,102,1616.960076,125,2.535850959,20868.26379,415,34135.45236,267,2996.283847,326,14.22233772,10793.92955,159,17656.26846,102,1549.80199,125,2.461008136,12592.91781,658,20598.97987,423,1808.102322,517,11.05692654,26984.82387,850,44140.67115,546,3874.504975,668,0.00025563,0.000657919,0,0.6,0.73684375,0.23215625,0.031,0.542647727,0.358352273,0.099,1,1,0.02,0.014,0.9358125,0.0301875,1,0.74,0.26,0.92,0.08,0.96,0.04,0.15,0.85,1,1,0,0.01,0.99,0.35,0.65
Suqian City,Largecities,2,江苏省,107.5,99.51108508,4789.456233,132,12842.00928,85,368.5344828,104,0.223027874,8328.332228,159,22330.82725,102,640.8405172,125,0.650450914,15432.69231,415,41379.80769,267,1187.5,326,3.648058469,7982.427056,159,21403.34881,102,614.2241379,125,0.631253578,9312.831565,658,24970.57361,423,716.5948276,517,2.836124081,19956.06764,850,53508.37202,546,1535.560345,668,0.002573966,0.000756321,0,0.6,0.73,0.26,0.01,0.511610526,0.441389474,0.047,1,1,0.02,0.473443158,0.471524399,0.035032444,1,0.74,0.26,0.92,0.08,0.96,0.04,0.15,0.85,1,1,0,0.01,0.99,0.35,0.65
Suzhou City (Anhui),Medium-small-cities,2,安徽省,58.2996,49.93135061,2995.621808,132,14667.5701,85,336.8080892,104,0.159401373,5209.053476,159,25505.27468,102,585.6718441,125,0.366558622,9652.559158,415,47262.17033,267,1085.27051,326,4.966611189,4992.703013,159,24445.95017,102,561.3468154,125,0.204575851,5824.820181,658,28520.2752,423,654.904618,517,2.671102353,12481.75753,850,61114.87543,546,1403.367038,668,0.001521573,0.000944323,0,0.6,0.76,0.23,0.01,0.61,0.35,0.04,1,1,0.02,0.686,0.147,0.147,1,0.74,0.26,0.92,0.08,0.96,0.04,0.15,0.85,1,1,0,0.01,0.99,0.35,0.65
Suihua City,Medium-small-cities,2,黑龙江省,33.2348,28.33856709,2448.473817,132,15122.3569,85,429.1692856,104,0.13600647,4257.623915,159,26296.09838,102,746.2777022,125,0.330301426,7889.526743,415,48727.59445,267,1382.878809,326,2.82828692,4080.789695,159,25203.92816,102,715.2821426,125,0.27136529,4760.92131,658,29404.58286,423,834.4958331,517,1.330272804,10201.97424,850,63009.82041,546,1788.205357,668,0.000738116,0.005229759,0,0.6,0.73,0.26,0.01,0.52,0.44,0.04,1,1,0.02,0.686,0.147,0.147,1,0.74,0.26,0.92,0.08,0.96,0.04,0.15,0.85,1,1,0,0.01,0.99,0.35,0.65
Suizhou City,Medium-small-cities,2,湖北省,23.3725,20.5757089,2527.561222,132,14944.14381,85,528.2949647,104,0.075647997,4395.148124,159,25986.20563,102,918.6462442,125,0.168228036,8144.363937,415,48153.35229,267,1702.283775,326,1.741542508,4212.602036,159,24906.90636,102,880.4916078,125,0.158669625,4914.702375,658,29058.05742,423,1027.240209,517,0.652702932,10531.50509,850,62267.26589,546,2201.22902,668,0.003282196,0.002099853,0,0.6,0.73,0.26,0.01,0.52,0.44,0.04,1,1,0.02,0.686,0.147,0.147,1,0.74,0.26,0.92,0.08,0.96,0.04,0.15,0.85,1,1,0,0.01,0.99,0.35,0.65
Suining City,Medium-small-cities,2,四川省,44.72,40.06315143,1889.743027,132,15400.61498,85,709.6419943,104,0.082146584,3286.053152,159,26779.95827,102,1233.988579,125,0.289200986,6089.171975,415,49624.20382,267,2286.624204,326,2.988785291,3149.571711,159,25667.69163,102,1182.736657,125,0.234436597,3674.500329,658,29945.64024,423,1379.859433,517,1.06227911,7873.929277,850,64169.22908,546,2956.841643,668,0.004352485,0.004149513,0,0.6,0.73,0.26,0.01,0.52,0.44,0.04,1,1,0.02,0.686,0.147,0.147,1,0.74,0.26,0.92,0.08,0.96,0.04,0.15,0.85,1,1,0,0.01,0.99,0.35,0.65
Tacheng Prefecture,Medium-small-cities,2,新疆维吾尔族自治区,23.1583,19.18367152,2474.124682,132,15264.00676,85,261.8685623,104,0.118837377,4302.227918,159,26542.41175,102,455.3603334,125,0.161126353,7972.179529,415,49184.02177,267,843.7987009,326,2.608533954,4123.541136,159,25440.01126,102,436.4476039,125,0.154167408,4810.797992,658,29680.01314,423,509.1888712,517,0.931963393,10308.85284,850,63600.02815,546,1091.11901,668,0.004595679,0.002807373,0.002566562,0.6,0.73,0.26,0.01,0.52,0.44,0.04,1,1,0.02,0.686,0.147,0.147,1,0.74,0.26,0.92,0.08,0.96,0.04,0.15,0.85,1,1,0,0.01,0.99,0.35,0.65
Taizhou City (Zhejiang),Largecities,2,浙江省,175.2182,158.4792523,3618.945923,132,13768.7438,85,612.3102738,104,0.338630881,6292.944855,159,23942.31561,102,1064.739532,125,0.793666127,11661.04797,415,44365.95225,267,1972.999771,326,12.45844175,6031.576539,159,22947.90634,102,1020.517123,125,0.413764608,7036.839295,658,26772.55739,423,1190.60331,517,2.734444363,15078.94135,850,57369.76585,546,2551.292808,668,0.001544757,0.000569202,0.001172715,0.6,0.704,0.286,0.01,0.489541053,0.463458947,0.047,1,1,0.02,0.473443158,0.471524399,0.035032444,1,0.74,0.26,0.92,0.08,0.96,0.04,0.15,0.85,1,0.9,0.1,0.01,0.99,0.35,0.65
Taiyuan City,Largecities,2,山西省,168.37,149.0428067,5800.813542,132,11521.32266,85,677.8637974,104,0.290276694,10086.97021,159,20034.29996,102,1178.729825,125,0.858933497,18691.5103,415,37124.26191,267,2184.227792,326,10.53799573,9668.022569,159,19202.20444,102,1129.772996,125,0.30217328,11279.35966,658,22402.57184,423,1318.068495,517,7.337814143,24170.05642,850,48005.51109,546,2824.432489,668,0.001532874,0.000603713,0.004490186,0.6,0.73,0.26,0.01,0.531673684,0.421326316,0.047,1,1,0.02,0.473443158,0.471524399,0.035032444,1,0.74,0.26,0.92,0.08,0.96,0.04,0.15,0.85,1,1,0,0.01,0.99,0.35,0.65
Tai'an City,Medium-small-cities,2,山东省,85.3328,75.04281832,3140.834262,132,14249.5804,85,609.5853388,104,0.147214765,5461.5618,159,24778.43703,102,1060.001173,125,0.486065708,10120.46596,415,45915.31462,267,1964.219425,326,6.253507007,5234.72377,159,23749.30066,102,1015.975565,125,0.293328173,6107.177732,658,27707.51744,423,1185.304826,517,3.109866024,13086.80943,850,59373.25166,546,2539.938912,668,0.000260193,0.004558041,0,0.6,0.76,0.23,0.01,0.61,0.35,0.04,1,1,0.02,0.686,0.147,0.147,1,0.74,0.26,0.92,0.08,0.96,0.04,0.15,0.85,1,1,0,0.01,0.99,0.35,0.65
Taizhou City (Jiangsu),Largecities,2,江苏省,82.87,76.71147554,3983.383495,132,13374.81476,85,641.8017491,104,0.171928558,6926.661299,159,23257.31677,102,1116.02193,125,0.501422021,12835.34682,415,43096.62533,267,2068.027858,326,2.812228887,6638.972491,159,22291.35793,102,1069.669582,125,0.486623107,7745.467906,658,26006.58425,423,1247.947845,517,2.186321885,16597.43123,850,55728.39482,546,2674.173954,668,0.000424139,0.00077956,0,0.6,0.73,0.26,0.01,0.511610526,0.441389474,0.047,1,1,0.02,0.473443158,0.471524399,0.035032444,1,0.74,0.26,0.92,0.08,0.96,0.04,0.15,0.85,1,1,0,0.01,0.99,0.35,0.65
Tangshan City,Largecities,2,河北省,213.8,185.1401856,3950.672099,132,13442.34603,85,606.9818706,104,0.286663294,6869.779817,159,23374.74615,102,1055.474031,125,0.879535108,12729.94343,415,43314.2261,267,1955.830472,326,17.53336949,6584.453498,159,22403.91005,102,1011.636451,125,0.575932619,7681.862415,658,26137.89506,423,1180.242526,517,9.384313845,16461.13375,850,56009.77513,546,2529.091128,668,0.000939852,0.001224933,0.000152219,0.6,0.73,0.26,0.01,0.511610526,0.441389474,0.047,1,1,0.02,0.473443158,0.471524399,0.035032444,1,0.74,0.26,0.92,0.08,0.96,0.04,0.15,0.85,1,0.9,0.1,0.01,0.99,0.35,0.65
Tianjin,Extra-large-cities,2,天津市,306.93,267.33,5872.427473,132,10682.6184,85,1444.954128,104,1.2,10211.49888,159,18575.88644,102,2512.614679,125,2.74,18922.2663,415,34421.77039,267,4655.963303,326,26.57,9787.379122,159,17804.364,102,2408.256881,125,1.01,11418.60898,658,20771.758,423,2809.633028,517,8.08,24468.44781,850,44510.90999,546,6020.642202,668,0.001526642,0.001059453,0.010935851,0.6,0.7065625,0.2624375,0.031,0.470977273,0.430022727,0.099,1,1,0.02,0.014,0.9358125,0.0301875,1,0.74,0.26,0.92,0.08,0.96,0.04,0.15,0.85,1,0.9,0.1,0.01,0.99,0.35,0.65
Tianshui City,Medium-small-cities,2,甘肃省,30.44,24.84639343,3280.462675,132,14144.29476,85,575.2425692,104,0.096379947,5704.360096,159,24595.35699,102,1000.282912,125,0.213285254,10570.37973,415,45576.06088,267,1853.55939,326,4.090793316,5467.437792,159,23573.82459,102,958.7376153,125,0.231133392,6378.677424,658,27502.79536,423,1118.527218,517,0.962014658,13668.59448,850,58934.56148,546,2396.844038,668,0.002881653,0.003732269,0.002028864,0.6,0.73,0.26,0.01,0.54,0.42,0.04,1,1,0.02,0.686,0.147,0.147,1,0.74,0.26,0.92,0.08,0.96,0.04,0.15,0.85,1,1,0,0.01,0.99,0.35,0.65
Tieling City,Medium-small-cities,2,辽宁省,37.023,32.2403063,3349.463476,132,14174.77601,85,475.7605189,104,0.173664788,5824.344822,159,24648.3605,102,827.2946801,125,0.32400147,10792.71564,415,45674.27824,267,1533.006117,326,2.68186817,5582.439126,159,23624.62668,102,792.9341982,125,0.19180887,6512.845648,658,27562.06445,423,925.0898979,517,1.411350404,13956.09782,850,59061.56669,546,1982.335496,668,0.001789589,0.001762562,0,0.6,0.73,0.26,0.01,0.52,0.44,0.04,1,1,0.02,0.686,0.147,0.147,1,0.74,0.26,0.92,0.08,0.96,0.04,0.15,0.85,1,1,0,0.01,0.99,0.35,0.65
Tonghua City,Medium-small-cities,2,吉林省,25.0754,22.17873393,3066.361534,132,14431.97186,85,501.6666072,104,0.074831936,5332.062,159,25095.59551,102,872.3424891,125,0.20159947,9880.498275,415,46503.02044,267,1616.48129,326,1.665289804,5110.602556,159,24053.28643,102,836.1110119,125,0.102195853,5962.369649,658,28062.1675,423,975.4628473,517,0.852749004,12776.50639,850,60133.21608,546,2090.27753,668,0.000412574,0.001462202,0.000118748,0.6,0.73,0.26,0.01,0.52,0.44,0.04,1,1,0.02,0.686,0.147,0.147,1,0.74,0.26,0.92,0.08,0.96,0.04,0.15,0.85,1,1,0,0.01,0.99,0.35,0.65
Tongliao City,Largecities,2,内蒙古自治区,133.838,117.3420898,3022.894631,132,14270.18342,85,706.921944,104,0.282240545,5256.477886,159,24814.2634,102,1229.258714,125,0.709100213,9740.438256,415,45981.70215,267,2277.859597,326,10.35659521,5038.157719,159,23783.63904,102,1178.20324,125,0.342887274,5877.850672,658,27747.57888,423,1374.570447,517,4.805086967,12595.3943,850,59459.0976,546,2945.5081,668,0.004146759,0.00180444,0.004828987,0.6,0.73,0.26,0.01,0.531673684,0.421326316,0.047,1,1,0.02,0.473443158,0.471524399,0.035032444,1,0.74,0.26,0.92,0.08,0.96,0.04,0.15,0.85,1,1,0,0.01,0.99,0.35,0.65
Tongchuan City,Medium-small-cities,2,陕西省,9.8757,8.855825896,3202.027516,132,13781.31789,85,1016.654598,104,0.025301939,5567.97007,159,23964.18055,102,1767.849385,125,0.062813536,10317.64422,415,44406.46874,267,3275.887038,326,0.649024167,5336.712527,159,22968.86314,102,1694.42433,125,0.024272209,6226.164615,658,26797.007,423,1976.828385,517,0.258462253,13341.78132,850,57422.15786,546,4236.060825,668,0.000764855,0.002810985,0,0.6,0.73,0.26,0.01,0.54,0.42,0.04,1,1,0.02,0.686,0.147,0.147,1,0.74,0.26,0.92,0.08,0.96,0.04,0.15,0.85,1,1,0,0.01,0.99,0.35,0.65
Tongling City,Medium-small-cities,2,安徽省,19.7746,16.93617942,3753.720078,132,13691.17964,85,555.1002804,104,0.054067239,6527.302135,159,23807.44016,102,965.2577097,125,0.124332759,12095.32025,415,44116.02329,267,1788.656459,326,1.684621329,6256.200129,159,22818.63274,102,925.1671339,125,0.069389938,7298.900151,658,26621.73819,423,1079.361656,517,0.906009314,15640.50032,850,57046.58184,546,2312.917835,668,0.005771848,0.001302693,0,0.6,0.73,0.26,0.01,0.52,0.44,0.04,1,1,0.02,0.686,0.147,0.147,1,0.74,0.26,0.92,0.08,0.96,0.04,0.15,0.85,1,1,0,0.01,0.99,0.35,0.65
Tongren City,Medium-small-cities,2,贵州省,34.9589,30.2681002,2557.963056,132,14943.14901,85,498.8879294,104,0.124744782,4448.013536,159,25984.47579,102,867.5106772,125,0.205267868,8242.325402,415,48150.14683,267,1607.527773,326,3.556216312,4263.27176,159,24905.24836,102,831.4798823,125,0.193387413,4973.817053,658,29056.12308,423,970.0598627,517,0.611183427,10658.1794,850,62263.1209,546,2078.699706,668,0.002194312,0.005786573,0.001853033,0.6,0.717,0.273,0.01,0.498,0.462,0.04,1,1,0.02,0.686,0.147,0.147,1,0.74,0.26,0.92,0.08,0.96,0.04,0.15,0.85,1,1,0,0.01,0.99,0.35,0.65
Turpan City,Medium-small-cities,2,新疆维吾尔族自治区,10.01,8.291996903,2511.189766,132,15233.95906,85,254.8511704,104,0.051366557,4366.679982,159,26490.16215,102,443.1578686,125,0.069645647,8091.611469,415,49087.20143,267,821.1871047,326,1.12751907,4185.316277,159,25389.93177,102,424.7519507,125,0.066637696,4882.86899,658,29621.58707,423,495.5439425,517,0.402834127,10463.29069,850,63474.82943,546,1061.879877,668,0.003628437,0.004994146,0.000164111,0.6,0.73,0.26,0.01,0.52,0.44,0.04,1,1,0.02,0.686,0.147,0.147,1,0.74,0.26,0.92,0.08,0.96,0.04,0.15,0.85,1,1,0,0.01,0.99,0.35,0.65
Weihai City,Largecities,2,山东省,80.9722,71.20804771,4453.251666,132,12842.99095,85,703.7573796,104,0.139691929,7743.709842,159,22332.53427,102,1223.755888,125,0.461227216,14349.36648,415,41382.97085,267,2267.662667,326,5.933945916,7422.086111,159,21404.98492,102,1172.928966,125,0.27833878,8659.100462,658,24972.48241,423,1368.417127,517,2.950948448,18555.21528,850,53512.46231,546,2932.322415,668,0.001218112,0.007242117,0.006833319,0.6,0.82,0.17,0.01,0.782463158,0.170536842,0.047,1,1,0.02,0.473443158,0.471524399,0.035032444,1,0.74,0.26,0.92,0.08,0.96,0.04,0.15,0.85,1,0.9,0.1,0.01,0.99,0.35,0.65
Weifang City,Largecities,2,山东省,246.0261,216.3586795,3336.153397,132,14126.10438,85,537.7422264,104,0.424440245,5801.200073,159,24563.72594,102,935.0739826,125,1.401393727,10749.82761,415,45517.44744,267,1732.724952,326,18.02971355,5560.255661,159,23543.50729,102,896.237044,125,0.845705127,6486.964938,658,27467.42518,423,1045.609885,517,8.966167868,13900.63915,850,58858.76824,546,2240.59261,668,0.000386445,0.004717516,0.000124707,0.6,0.73,0.26,0.01,0.511610526,0.441389474,0.047,1,1,0.02,0.473443158,0.471524399,0.035032444,1,0.74,0.26,0.92,0.08,0.96,0.04,0.15,0.85,1,0.9,0.1,0.01,0.99,0.35,0.65
Weinan City,Medium-small-cities,2,陕西省,59.7456,53.57560797,2273.408051,132,15367.44233,85,359.1496205,104,0.153070623,3953.204001,159,26722.27471,102,624.5212846,125,0.380006721,7325.425944,415,49517.31417,267,1157.259888,326,3.926439467,3789.013419,159,25612.40388,102,598.5827009,125,0.146841005,4420.515656,658,29881.13786,423,698.3464844,517,1.563634212,9472.533548,850,64031.0097,546,1496.456752,668,0.004967576,0.001716026,0,0.6,0.73,0.26,0.01,0.52,0.44,0.04,1,1,0.02,0.686,0.147,0.147,1,0.74,0.26,0.92,0.08,0.96,0.04,0.15,0.85,1,1,0,0.01,0.99,0.35,0.65
Wenzhou City,Largecities,2,浙江省,234.9526,212.5071047,3026.124377,132,14354.7164,85,619.1592187,104,0.45407501,5262.094056,159,24961.25686,102,1076.649086,125,1.064238305,9750.845216,415,46254.08619,267,1995.068594,326,16.70570341,5043.540629,159,23924.52734,102,1031.932031,125,0.554822903,5884.130734,658,27911.94856,423,1203.920703,517,3.666655705,12608.85157,850,59811.31835,546,2579.830078,668,0.001050393,0.00034785,0.003692697,0.6,0.704,0.286,0.01,0.489541053,0.463458947,0.047,1,1,0.02,0.473443158,0.471524399,0.035032444,1,0.74,0.26,0.92,0.08,0.96,0.04,0.15,0.85,1,0.9,0.1,0.01,0.99,0.35,0.65
Wuhai City,Medium-small-cities,2,内蒙古自治区,21.65,18.98157656,4893.926174,132,9947.399329,85,3158.674497,104,0.045656001,8509.993848,159,17297.42217,102,5492.583986,125,0.114705985,15769.31767,415,32052.73117,267,10177.95116,326,1.675311095,8156.543624,159,16578.99888,102,5264.457494,125,0.055466381,9515.967562,658,19342.16536,423,6141.867077,517,0.777283976,20391.35906,850,41447.4972,546,13161.14374,668,0.002898783,0.000980799,3.88E-04,0.6,0.73,0.26,0.01,0.52,0.44,0.04,1,1,0.02,0.686,0.147,0.147,1,0.74,0.26,0.92,0.08,0.96,0.04,0.15,0.85,1,1,0,0.01,0.99,0.35,0.65
Ulanqab City,Medium-small-cities,2,内蒙古自治区,15.4501,13.54583169,2982.654877,132,14578.28445,85,439.0606721,104,0.032581514,5186.505425,159,25350.01685,102,763.4777242,125,0.081857688,9610.776826,415,46974.47212,267,1414.751054,326,1.195553069,4971.091462,159,24297.14075,102,731.7677868,125,0.0395825,5799.606705,658,28346.66421,423,853.7290845,517,0.554693541,12427.72865,850,60742.85188,546,1829.419467,668,0.001871796,0.001414464,0.000251138,0.6,0.73,0.26,0.01,0.52,0.44,0.04,1,1,0.02,0.686,0.147,0.147,1,0.74,0.26,0.92,0.08,0.96,0.04,0.15,0.85,1,1,0,0.01,0.99,0.35,0.65
ürümqi City,Largecities,2,新疆维吾尔族自治区,123.58,102.3701276,8627.79661,132,7682.033898,85,1690.169492,104,0.634153761,15002.77966,159,13358.20339,102,2939.016949,125,0.85982109,27800.67797,415,24753.22034,267,5446.101695,326,13.9199607,14379.66102,159,12803.38983,102,2816.949153,125,0.82268596,16776.27119,658,14937.28814,423,3286.440678,517,4.97325089,35949.15254,850,32008.47458,546,7042.372881,668,0.004417537,0.002364407,0.028623495,0.6,0.73,0.26,0.01,0.511610526,0.441389474,0.047,1,1,0.02,0.473443158,0.471524399,0.035032444,1,0.74,0.26,0.92,0.08,0.96,0.04,0.15,0.85,1,1,0,0.01,0.99,0.35,0.65
Wuxi City,Extra-large-cities,2,江苏省,209.71,194.1252991,6111.603303,132,10760.66071,85,1127.735988,104,0.435080702,10627.39908,159,18711.59334,102,1961.007579,125,1.268893593,19692.94398,415,34673.24006,267,3633.81596,326,7.116598526,10186.00551,159,17934.43451,102,1879.55998,125,1.231443608,11883.67309,658,20923.50693,423,2192.819976,517,5.532684476,25465.01376,850,44836.08629,546,4698.899949,668,0.000408586,0.000762085,0.001643703,0.6,0.73684375,0.23215625,0.031,0.542647727,0.358352273,0.099,1,1,0.02,0.014,0.9358125,0.0301875,1,0.74,0.26,0.92,0.08,0.96,0.04,0.15,0.85,1,1,0,0.01,0.99,0.35,0.65
Wuhu City,Largecities,2,安徽省,61.5052,52.67682292,3554.497161,132,13990.47445,85,455.0283935,104,0.168166048,6180.875618,159,24327.88056,102,791.2438175,125,0.386713826,11453.37974,415,45080.41766,267,1466.202601,326,5.239700007,5924.161934,159,23317.45741,102,758.3806558,125,0.215824442,6911.522257,658,27203.70031,423,884.7774318,517,2.817972756,14810.40484,850,58293.64352,546,1895.951639,668,0.000239673,0.000847134,0,0.6,0.73,0.26,0.01,0.531673684,0.421326316,0.047,1,1,0.02,0.473443158,0.471524399,0.035032444,1,0.74,0.26,0.92,0.08,0.96,0.04,0.15,0.85,1,1,0,0.01,0.99,0.35,0.65
Wuzhong City,Medium-small-cities,2,宁夏回族自治区,32.2,25.07092452,5444.501678,132,11717.63403,85,837.8642889,104,0.076016079,9467.383473,159,20375.66362,102,1456.952902,125,0.203394372,17543.39429,415,37756.82077,267,2699.784931,326,5.064314426,9074.169463,159,19529.39006,102,1396.440481,125,0.168468066,10586.53104,658,22784.2884,423,1629.180562,517,1.616882537,22685.42366,850,48823.47514,546,3491.101204,668,0.006511785,0.001169508,0,0.6,0.73,0.26,0.01,0.52,0.44,0.04,1,1,0.02,0.686,0.147,0.147,1,0.74,0.26,0.92,0.08,0.96,0.04,0.15,0.85,1,1,0,0.01,0.99,0.35,0.65
Wuzhou City,Medium-small-cities,2,广西壮族自治区,27.4065,23.77870034,3273.725685,132,14042.73649,85,683.5378293,104,0.06743122,5692.645219,159,24418.75844,102,1188.596336,125,0.160200233,10548.67165,415,45248.81756,267,2202.510783,326,2.34170238,5456.209475,159,23404.56081,102,1139.229715,125,0.202702335,6365.577721,658,27305.32094,423,1329.101335,517,0.855763488,13640.52369,850,58511.40202,546,2848.074289,668,0.008144584,0.002391279,0.00627572,0.6,0.717,0.273,0.01,0.498,0.462,0.04,1,1,0.02,0.686,0.147,0.147,1,0.74,0.26,0.92,0.08,0.96,0.04,0.15,0.85,1,1,0,0.01,0.99,0.35,0.65
Wuhan City,Extra-large-cities,2,湖北省,334.439,294.4194891,6342.295014,132,10654.25671,85,1003.448275,104,1.082453326,11028.54633,159,18526.56861,102,1744.885056,125,2.407188624,20436.28393,415,34330.38274,267,3233.33333,326,24.91987314,10570.49169,159,17757.09452,102,1672.413791,125,2.270416543,12332.24031,658,20716.61027,423,1951.149423,517,9.339579239,26426.22923,850,44392.7363,546,4181.034478,668,0.00143064,0.000612178,0.004472645,0.6,0.73684375,0.23215625,0.031,0.542647727,0.358352273,0.099,1,1,0.02,0.014,0.9358125,0.0301875,1,0.74,0.26,0.92,0.08,0.96,0.04,0.15,0.85,1,1,0,0.01,0.99,0.35,0.65
Wuwei City,Medium-small-cities,2,甘肃省,21.96,17.92466491,3159.468012,132,14207.0805,85,633.4514921,104,0.069530343,5493.963821,159,24704.53442,102,1101.501761,125,0.153868074,10180.50804,415,45778.37049,267,2041.121475,326,2.951176781,5265.78002,159,23678.46749,102,1055.752487,125,0.166744063,6143.410024,658,27624.87874,423,1231.711235,517,0.694015831,13164.45005,850,59196.16873,546,2639.381217,668,0.004562706,0.002579887,0,0.6,0.73,0.26,0.01,0.52,0.44,0.04,1,1,0.02,0.686,0.147,0.147,1,0.74,0.26,0.92,0.08,0.96,0.04,0.15,0.85,1,1,0,0.01,0.99,0.35,0.65
Xi'an City,Extra-large-cities,2,陕西省,341.2616,306.0191495,3816.225908,132,13415.95697,85,767.8171224,104,0.874325903,6635.992828,159,23328.85851,102,1335.148663,125,2.170564888,12296.72792,415,43229.19468,267,2474.077394,326,22.42747608,6360.376513,159,22359.92828,102,1279.695204,125,0.838742872,7420.439265,658,26086.583,423,1492.977738,517,8.931340769,15900.94128,850,55899.82071,546,3199.23801,668,0.002339302,0.00090953,0.036131141,0.6,0.7065625,0.2624375,0.031,0.4505,0.4505,0.099,1,1,0.02,0.014,0.9358125,0.0301875,1,0.74,0.26,0.92,0.08,0.96,0.04,0.15,0.85,1,1,0,0.01,0.99,0.35,0.65
Xining City,Medium-small-cities,2,青海省,49.0554,40.5603497,3162.472111,132,14311.06507,85,526.4628203,104,0.239879707,5499.187615,159,24885.35204,102,915.4603486,125,0.384634702,10190.18791,415,46113.43189,267,1696.380199,326,6.133475946,5270.786852,159,23851.77511,102,877.4380338,125,0.306053419,6149.251327,658,27827.07097,423,1023.677706,517,1.431006526,13176.96713,850,59629.43779,546,2193.595084,668,0.015033442,0.001749176,0.009384253,0.6,0.73,0.26,0.01,0.52,0.44,0.04,1,1,0.02,0.686,0.147,0.147,1,0.74,0.26,0.92,0.08,0.96,0.04,0.15,0.85,1,1,0,0.01,0.99,0.35,0.65
Xishuangbanna Dai Autonomous Prefecture,Medium-small-cities,2,云南省,20.74,17.63163825,1876.57563,132,15539.65336,85,583.7710084,104,0.058097597,3263.156513,159,27021.73057,102,1015.11292,125,0.088690051,6046.743697,415,50072.21639,267,1881.039916,326,2.369932879,3127.62605,159,25899.42227,102,972.9516807,125,0.13977103,3648.897059,658,30215.99265,423,1135.110294,517,0.451870196,7819.065126,850,64748.55567,546,2432.379202,668,0.00224449,0.001558474,0.028486234,0.6,0.73,0.26,0.01,0.52,0.44,0.04,1,1,0.02,0.686,0.147,0.147,1,0.74,0.26,0.92,0.08,0.96,0.04,0.15,0.85,1,1,0,0.01,0.99,0.35,0.65
Xianning City,Medium-small-cities,2,湖北省,26.43,23.26734351,2812.923363,132,14717.59064,85,469.4859948,104,0.085543975,4891.361181,159,25592.25484,102,816.3839799,125,0.190234977,9063.86417,415,47423.34762,267,1512.788206,326,1.96936436,4688.205605,159,24529.31774,102,782.476658,125,0.179426171,5469.573206,658,28617.53736,423,912.8894344,517,0.738087003,11720.51401,850,61323.29434,546,1956.191645,668,0.000417546,0.001735585,0,0.6,0.73,0.26,0.01,0.52,0.44,0.04,1,1,0.02,0.686,0.147,0.147,1,0.74,0.26,0.92,0.08,0.96,0.04,0.15,0.85,1,1,0,0.01,0.99,0.35,0.65
Xianyang City,Medium-small-cities,2,陕西省,45.2991,40.62101348,3177.837774,132,14260.12443,85,562.0377979,104,0.116058111,5525.906797,159,24796.77192,102,977.3212818,125,0.288121007,10239.6995,415,45949.28982,267,1811.010682,326,2.977025489,5296.396291,159,23766.87405,102,936.7296631,125,0.111334815,6179.129006,658,27728.01972,423,1092.851274,517,1.185547095,13240.99073,850,59417.18512,546,2341.824158,668,0.003404227,0.001990576,0,0.6,0.73,0.26,0.01,0.52,0.44,0.04,1,1,0.02,0.686,0.147,0.147,1,0.74,0.26,0.92,0.08,0.96,0.04,0.15,0.85,1,1,0,0.01,0.99,0.35,0.65
Xiangtan City,Medium-small-cities,2,湖南省,38.4975,34.40577231,1814.954683,132,15539.27492,85,645.7703927,104,0.186956518,3156.004532,159,27021.07251,102,1122.922961,125,0.27355158,5848.187311,415,50070.99698,267,2080.81571,326,2.626272796,3024.924471,159,25898.79154,102,1076.283988,125,0.218930079,3529.07855,658,30215.2568,423,1255.664653,517,0.786016715,7562.311178,850,64746.97885,546,2690.70997,668,0.000718666,0.002356834,0,0.6,0.717,0.273,0.01,0.498,0.462,0.04,1,1,0.02,0.686,0.147,0.147,1,0.74,0.26,0.92,0.08,0.96,0.04,0.15,0.85,1,1,0,0.01,0.99,0.35,0.65
Xiangyang City,Largecities,2,湖北省,79.7164,70.17740683,2596.206347,132,14997.77337,85,406.0202784,104,0.258012021,4514.51437,159,26079.46148,102,706.0241508,125,0.573774025,8365.553784,415,48326.15865,267,1308.287564,326,5.939865193,4327.010578,159,24996.28896,102,676.700464,125,0.541173228,5048.179008,658,29162.33712,423,789.4838747,517,2.226168702,10817.52645,850,62490.72239,546,1691.75116,668,0.000873738,0.001290648,0.005356903,0.6,0.73,0.26,0.01,0.511610526,0.441389474,0.047,1,1,0.02,0.473443158,0.471524399,0.035032444,1,0.74,0.26,0.92,0.08,0.96,0.04,0.15,0.85,1,1,0,0.01,0.99,0.35,0.65
Xiaogan City,Medium-small-cities,2,湖北省,31.4296,27.6686833,2619.584771,132,14973.46336,85,406.9518663,104,0.101725801,4555.166851,159,26037.18907,102,707.6440786,125,0.226220553,8440.884261,415,48247.82639,267,1311.289347,326,2.341896863,4365.974618,159,24955.77227,102,678.2531104,125,0.213367113,5093.637054,658,29115.06765,423,791.2952955,517,0.877706367,10914.93654,850,62389.43068,546,1695.632776,668,0.002900232,0.004382794,0,0.6,0.76,0.23,0.01,0.61,0.35,0.04,1,1,0.02,0.686,0.147,0.147,1,0.74,0.26,0.92,0.08,0.96,0.04,0.15,0.85,1,1,0,0.01,0.99,0.35,0.65
Xinzhou City,Medium-small-cities,2,山西省,40.2784,35.65484221,3799.965748,132,13284.46652,85,915.5677342,104,0.069441592,6607.718217,159,23100.21122,102,1592.07056,125,0.205478808,12244.33408,415,42805.50323,267,2950.162699,326,2.520957459,6333.276246,159,22140.77753,102,1525.946224,125,0.072287559,7388.822287,658,25830.90712,423,1780.270594,517,1.755392369,15833.19061,850,55351.94383,546,3814.865559,668,0.000944014,0.001587926,0.00036989,0.6,0.73,0.26,0.01,0.52,0.44,0.04,1,1,0.02,0.686,0.147,0.147,1,0.74,0.26,0.92,0.08,0.96,0.04,0.15,0.85,1,1,0,0.01,0.99,0.35,0.65
Xinxiang City,Medium-small-cities,2,河南省,105.0265,92.69938151,4945.34712,132,12697.04579,85,357.6070901,104,0.238796213,8599.409158,159,22078.75185,102,621.8389956,125,0.518155071,15935.00739,415,40912.7031,267,1152.289513,326,7.532221378,8242.245199,159,21161.74298,102,596.0118168,125,0.259077535,9615.952733,658,24688.70015,423,695.3471196,517,3.778868295,20605.613,850,52904.35746,546,1490.029542,668,0.001050841,0.000578501,0,0.6,0.73,0.26,0.01,0.52,0.44,0.04,1,1,0.02,0.686,0.147,0.147,1,0.74,0.26,0.92,0.08,0.96,0.04,0.15,0.85,1,1,0,0.01,0.99,0.35,0.65
Xinyu City,Medium-small-cities,2,江西省,19.2386,16.54142562,3059.04059,132,14468.63469,85,472.3247232,104,0.045038694,5319.331693,159,25159.34809,102,821.3202132,125,0.097476603,9856.908569,415,46621.15621,267,1521.935219,326,1.56059076,5098.400984,159,24114.39114,102,787.2078721,125,0.122891295,5948.134481,658,28133.45633,423,918.4091841,517,0.871177031,12746.00246,850,60285.97786,546,1968.01968,668,0.007067188,0.001593494,0,0.6,0.704,0.286,0.01,0.476,0.484,0.04,1,1,0.02,0.686,0.147,0.147,1,0.74,0.26,0.92,0.08,0.96,0.04,0.15,0.85,1,1,0,0.01,0.99,0.35,0.65
Xinyang City,Medium-small-cities,2,河南省,66.5127,58.70600422,2815.016403,132,14787.72741,85,397.2561885,104,0.151228318,4895.000746,159,25714.21488,102,690.7843722,125,0.328144733,9070.60841,415,47649.34387,267,1280.047718,326,4.770114027,4691.694005,159,24646.21235,102,662.0936475,125,0.164072366,5473.643006,658,28753.91441,423,772.4425887,517,2.393136335,11729.23501,850,61615.53087,546,1655.234119,668,0.000406789,0.001362991,7.68E-04,0.6,0.73,0.26,0.01,0.54,0.42,0.04,1,1,0.02,0.686,0.147,0.147,1,0.74,0.26,0.92,0.08,0.96,0.04,0.15,0.85,1,1,0,0.01,0.99,0.35,0.65
Xingtai City,Medium-small-cities,2,河北省,141.2,122.27219,2427.314684,132,15108.35435,85,464.330962,104,0.189321128,4220.830534,159,26271.74952,102,807.4199506,125,0.580871643,7821.347315,415,48682.47514,267,1496.177544,326,11.57956863,4045.524473,159,25180.59059,102,773.8849366,125,0.380363357,4719.778552,658,29377.35569,423,902.8657594,517,6.19768529,10113.81118,850,62951.47647,546,1934.712342,668,0.001042582,0.001599258,0,0.6,0.73,0.26,0.01,0.52,0.44,0.04,1,1,0.02,0.686,0.147,0.147,1,0.74,0.26,0.92,0.08,0.96,0.04,0.15,0.85,1,1,0,0.01,0.99,0.35,0.65
Xuzhou City,Largecities,2,江苏省,151.4,140.1486352,3448.237052,132,13890.54183,85,661.2211215,104,0.314106234,5996.101096,159,24154.10884,102,1149.790061,125,0.916076915,11110.98606,415,44758.41255,267,2130.601391,326,5.137823742,5747.061753,159,23150.90304,102,1102.035202,125,0.889039923,6704.905379,658,27009.38689,423,1285.707736,517,3.994318009,14367.65438,850,57877.25761,546,2755.088006,668,0.000212232,0.000856087,0.005147536,0.6,0.73,0.26,0.01,0.531673684,0.421326316,0.047,1,1,0.02,0.473443158,0.471524399,0.035032444,1,0.74,0.26,0.92,0.08,0.96,0.04,0.15,0.85,1,1,0,0.01,0.99,0.35,0.65
Xuchang City,Largecities,2,河南省,70.6631,62.36926552,4035.133247,132,13460.02595,85,504.8408025,104,0.160664982,7016.648368,159,23405.48957,102,877.8620621,125,0.348621001,13002.09602,415,43371.19473,267,1626.709252,326,5.067769682,6725.222078,159,22433.37658,102,841.4013375,125,0.174310501,7846.092424,658,26172.27268,423,981.6348937,517,2.542468312,16813.0552,850,56083.44146,546,2103.503344,668,0.000526654,0.000531495,0,0.6,0.73,0.26,0.01,0.531673684,0.421326316,0.047,1,1,0.02,0.473443158,0.471524399,0.035032444,1,0.74,0.26,0.92,0.08,0.96,0.04,0.15,0.85,1,1,0,0.01,0.99,0.35,0.65
Xuancheng City,Medium-small-cities,2,安徽省,43.3812,37.15431851,5051.580699,132,12440.69408,85,507.7252199,104,0.11861184,8784.137549,159,21632.98471,102,882.8777434,125,0.272759211,16277.31559,415,40086.68093,267,1636.003486,326,3.695695225,8419.301165,159,20734.49014,102,846.2086998,125,0.152226531,9822.518026,658,24190.23849,423,987.2434831,517,1.987588687,21048.25291,850,51836.22534,546,2115.521749,668,0.004926328,0.00087627,0,0.6,0.717,0.273,0.01,0.498,0.462,0.04,1,1,0.02,0.686,0.147,0.147,1,0.74,0.26,0.92,0.08,0.96,0.04,0.15,0.85,1,1,0,0.01,0.99,0.35,0.65
Ya'an City,Medium-small-cities,2,四川省,32.12,28.77523309,2486.06063,132,14886.73481,85,627.2045593,104,0.059001527,4322.983206,159,25886.37775,102,1090.639039,125,0.207717703,8010.639807,415,47968.36772,267,2020.992469,326,2.146685679,4143.434383,159,24811.22468,102,1045.340932,125,0.168383352,4834.00678,658,28946.4288,423,1219.564421,517,0.762978645,10358.58596,850,62028.06171,546,2613.35233,668,0.001244725,0.002971682,0,0.6,0.717,0.273,0.01,0.498,0.462,0.04,1,1,0.02,0.686,0.147,0.147,1,0.74,0.26,0.92,0.08,0.96,0.04,0.15,0.85,1,1,0,0.01,0.99,0.35,0.65
Yantai City,Largecities,2,山东省,174.1372,153.1386086,3239.599538,132,14113.59176,85,646.8086992,104,0.300418678,5633.30364,159,24541.9679,102,1124.72846,125,0.991906061,10438.70962,415,45477.12901,267,2084.161364,326,12.76142586,5399.332563,159,23522.65294,102,1078.014499,125,0.598589836,6299.221323,658,27443.09509,423,1257.683582,517,6.346250936,13498.33141,850,58806.63235,546,2695.036247,668,0.000295897,0.000762666,0.002923036,0.6,0.73,0.26,0.01,0.511610526,0.441389474,0.047,1,1,0.02,0.473443158,0.471524399,0.035032444,1,0.74,0.26,0.92,0.08,0.96,0.04,0.15,0.85,1,0.9,0.1,0.01,0.99,0.35,0.65
Yan'an City,Medium-small-cities,2,陕西省,37.3688,33.50968405,4153.316201,132,13017.98896,85,828.6948439,104,0.095740364,7222.155394,159,22636.83635,102,1441.008256,125,0.23768102,13382.90776,415,41946.8533,267,2670.238941,326,2.455851664,6922.193668,159,21696.64826,102,1381.158073,125,0.091843954,8075.892613,658,25312.7563,423,1611.351085,517,0.977998951,17305.48417,850,54241.62065,546,3452.895183,668,0.002162396,0.001429318,0.000760621,0.6,0.73,0.26,0.01,0.52,0.44,0.04,1,1,0.02,0.686,0.147,0.147,1,0.74,0.26,0.92,0.08,0.96,0.04,0.15,0.85,1,1,0,0.01,0.99,0.35,0.65
Yancheng City,Largecities,2,江苏省,136.38,126.2448538,2738.151701,132,14731.49986,85,530.3484372,104,0.282944572,4761.341568,159,25616.44143,102,922.2170048,125,0.825195309,8822.933258,415,47468.16622,267,1708.90052,326,4.628113619,4563.586168,159,24552.49977,102,883.9140621,125,0.800840586,5324.183863,658,28644.58307,423,1031.233072,517,3.598052114,11408.96542,850,61381.24943,546,2209.785155,668,0.000372967,0.000781205,0.001590561,0.6,0.73,0.26,0.01,0.511610526,0.441389474,0.047,1,1,0.02,0.473443158,0.471524399,0.035032444,1,0.74,0.26,0.92,0.08,0.96,0.04,0.15,0.85,1,0.9,0.1,0.01,0.99,0.35,0.65
Yangzhou City,Largecities,2,江苏省,82.73,76.58187971,4736.212373,132,12537.37217,85,726.4154598,104,0.171638103,8235.747071,159,21801.09716,102,1263.155772,125,0.500574922,15261.12876,415,40398.19921,267,2340.672037,326,2.807477927,7893.687288,159,20895.62028,102,1210.692433,125,0.48580101,9209.301836,658,24378.22366,423,1412.474505,517,2.182628328,19734.21822,850,52239.0507,546,3026.731083,668,0.000545281,0.000842602,0.004016156,0.6,0.73,0.26,0.01,0.511610526,0.441389474,0.047,1,1,0.02,0.473443158,0.471524399,0.035032444,1,0.74,0.26,0.92,0.08,0.96,0.04,0.15,0.85,1,1,0,0.01,0.99,0.35,0.65
Yangjiang City,Medium-small-cities,2,广东省,42.9027,38.08885444,3458.124968,132,13721.161,85,820.7140363,104,0.095114808,6013.295083,159,23859.5744,102,1427.130519,125,0.324019512,11142.84712,415,44212.62988,267,2644.523006,326,3.404147879,5763.541613,159,22868.60166,102,1367.856727,125,0.205958719,6724.131882,658,26680.03527,423,1595.832848,517,0.784604643,14408.85403,850,57171.50415,546,3419.641818,668,0.003415443,0.005577204,0,0.6,0.704,0.286,0.01,0.476,0.484,0.04,1,1,0.02,0.686,0.147,0.147,1,0.74,0.26,0.92,0.08,0.96,0.04,0.15,0.85,1,0.9,0.1,0.01,0.99,0.35,0.65
Yangquan City,Medium-small-cities,2,山西省,25.2758,22.37439076,3635.918082,132,13475.58201,85,888.4999125,104,0.043576502,6322.457553,159,23432.53982,102,1545.002626,125,0.128943584,11715.73604,415,43421.3198,267,2862.944162,326,1.581969903,6059.863469,159,22459.30334,102,1480.833187,125,0.045362424,7069.840714,658,26202.52057,423,1727.638719,517,1.101556826,15149.65867,850,56148.25836,546,3702.082969,668,0.002607757,0.001647581,0,0.6,0.73,0.26,0.01,0.52,0.44,0.04,1,1,0.02,0.686,0.147,0.147,1,0.74,0.26,0.92,0.08,0.96,0.04,0.15,0.85,1,1,0,0.01,0.99,0.35,0.65
Yichun City (Heilongjiang),Medium-small-cities,2,黑龙江省,8.5064,7.25321612,3562.86611,132,13971.92696,85,465.2069302,104,0.034810663,6195.42829,159,24295.62855,102,808.943162,125,0.084540182,11480.34635,415,45020.65354,267,1499.000108,326,0.723896032,5938.110183,159,23286.54493,102,775.3448837,125,0.069455562,6927.795213,658,27167.63576,423,904.569031,517,0.34048144,14845.27546,850,58216.36233,546,1938.362209,668,0.000708474,0.001104707,0.000256708,0.6,0.73,0.26,0.01,0.52,0.44,0.04,1,1,0.02,0.686,0.147,0.147,1,0.74,0.26,0.92,0.08,0.96,0.04,0.15,0.85,1,1,0,0.01,0.99,0.35,0.65
Yibin City,Medium-small-cities,2,四川省,79.81,71.49910813,1961.703767,132,15441.6759,85,596.6203312,104,0.146603731,3411.184884,159,26851.35865,102,1037.456465,125,0.516125463,6321.045472,415,49756.51124,267,1922.443289,326,5.333965879,3269.506279,159,25736.1265,102,994.3672187,125,0.418389643,3814.423992,658,30025.48092,423,1160.095088,517,1.89580715,8173.765697,850,64340.31626,546,2485.918047,668,0.000982828,0.002094877,0.002663857,0.6,0.73,0.26,0.01,0.52,0.44,0.04,1,1,0.02,0.686,0.147,0.147,1,0.74,0.26,0.92,0.08,0.96,0.04,0.15,0.85,1,1,0,0.01,0.99,0.35,0.65
Yichang City,Largecities,2,湖北省,69.3144,61.02012695,2650.214758,132,14927.54892,85,422.2363219,104,0.224344657,4608.428995,159,25957.34896,102,734.2220487,125,0.498903642,8539.580886,415,48099.87985,267,1360.53926,326,5.164786567,4417.024596,159,24879.2482,102,703.7272032,125,0.470556844,5153.195362,658,29025.78957,423,821.0150704,517,1.935681339,11042.56149,850,62198.1205,546,1759.318008,668,0.003431772,0.00140605,0.00176019,0.6,0.73,0.26,0.01,0.531673684,0.421326316,0.047,1,1,0.02,0.473443158,0.471524399,0.035032444,1,0.74,0.26,0.92,0.08,0.96,0.04,0.15,0.85,1,1,0,0.01,0.99,0.35,0.65
Yichun City (Jiangxi),Medium-small-cities,2,江西省,78.1102,67.15946396,2819.31645,132,14670.63348,85,510.0500689,104,0.182860573,4902.478049,159,25510.60155,102,886.9203976,125,0.395762526,9084.464117,415,47272.04122,267,1643.494667,326,6.336118862,4698.86075,159,24451.0558,102,850.0834482,125,0.498948136,5482.004209,658,28526.23177,423,991.7640229,517,3.537045945,11747.15188,850,61127.6395,546,2125.208621,668,0.004588888,0.001098041,0.000249685,0.6,0.704,0.286,0.01,0.476,0.484,0.04,1,1,0.02,0.686,0.147,0.147,1,0.74,0.26,0.92,0.08,0.96,0.04,0.15,0.85,1,1,0,0.01,0.99,0.35,0.65
Yiyang City,Medium-small-cities,2,湖南省,45.4055,40.57955178,1690.919138,132,15830.53969,85,478.5411678,104,0.220504037,2940.320501,159,27527.54958,102,832.1299196,125,0.322637736,5448.517222,415,51009.51679,267,1541.965985,326,3.097531774,2818.198563,159,26384.23282,102,797.568613,125,0.258214942,3287.898324,658,30781.60496,423,930.4967152,517,0.927059729,7045.496408,850,65960.58206,546,1993.921533,668,0.001829203,0.001480533,0,0.6,0.717,0.273,0.01,0.498,0.462,0.04,1,1,0.02,0.686,0.147,0.147,1,0.74,0.26,0.92,0.08,0.96,0.04,0.15,0.85,1,1,0,0.01,0.99,0.35,0.65
Yinchuan City,Medium-small-cities,2,宁夏回族自治区,92.7,72.17623301,4598.461568,132,12675.79024,85,725.7481947,104,0.218841319,7996.213727,159,22041.7908,102,1261.995472,125,0.585548395,14817.26505,415,40844.21299,267,2338.521961,326,14.57956358,7664.102614,159,21126.31706,102,1209.580324,125,0.484999681,8941.453049,658,24647.36991,423,1411.177045,517,4.654814011,19160.25653,850,52815.79265,546,3023.950811,668,0.005041683,0.00088574,0.016482571,0.6,0.73,0.26,0.01,0.52,0.44,0.04,1,1,0.02,0.686,0.147,0.147,1,0.74,0.26,0.92,0.08,0.96,0.04,0.15,0.85,1,1,0,0.01,0.99,0.35,0.65
Yingtan City,Medium-small-cities,2,江西省,14.3315,12.32228131,2770.320803,132,14871.87562,85,357.803582,104,0.033550885,4817.280063,159,25860.53926,102,622.1806731,125,0.0726137,8926.589254,415,47920.48809,267,1152.922653,326,1.162538151,4617.201338,159,24786.45936,102,596.3393033,125,0.091545985,5386.734895,658,28917.53592,423,695.7291872,517,0.648969968,11543.00335,850,61966.1484,546,1490.848258,668,0.00204014,0.002714508,0,0.6,0.704,0.286,0.01,0.476,0.484,0.04,1,1,0.02,0.686,0.147,0.147,1,0.74,0.26,0.92,0.08,0.96,0.04,0.15,0.85,1,1,0,0.01,0.99,0.35,0.65
Yingkou City,Medium-small-cities,2,辽宁省,46.1484,40.18687171,3918.839761,132,13502.58247,85,578.5777716,104,0.216469549,6814.426918,159,23479.49062,102,1006.082458,125,0.403861098,12627.37256,415,43508.32128,267,1864.306153,326,3.342892932,6531.399602,159,22504.30411,102,964.296286,125,0.23908577,7619.966202,658,26255.02146,423,1125.012334,517,1.759218945,16328.49901,850,56260.76028,546,2410.740715,668,0.000549508,0.000788285,0.000102288,0.6,0.73,0.26,0.01,0.52,0.44,0.04,1,1,0.02,0.686,0.147,0.147,1,0.74,0.26,0.92,0.08,0.96,0.04,0.15,0.85,1,0.9,0.1,0.01,0.99,0.35,0.65
Yongzhou City,Medium-small-cities,2,湖南省,47.2512,42.22908056,1545.2617,132,16071.34508,85,383.3932205,104,0.229467363,2687.0384,159,27946.28339,102,666.6782112,125,0.335752722,4979.176588,415,51785.44526,267,1235.378155,326,3.22344415,2575.436166,159,26785.57513,102,638.9887008,125,0.268711188,3004.675527,658,31249.83766,423,745.4868176,517,0.964744022,6438.590415,850,66963.93783,546,1597.471752,668,0.001514393,0.002418212,5.87E-05,0.6,0.704,0.286,0.01,0.476,0.484,0.04,1,1,0.02,0.686,0.147,0.147,1,0.74,0.26,0.92,0.08,0.96,0.04,0.15,0.85,1,1,0,0.01,0.99,0.35,0.65
Yulin City (Shaanxi),Largecities,2,陕西省,72.868,65.34284369,3313.347802,132,13986.50298,85,700.1492132,104,0.186690738,5761.543679,159,24320.97463,102,1217.481687,125,0.463470611,10676.34292,415,45067.62073,267,2256.036354,326,4.78883451,5522.246337,159,23310.83831,102,1166.915355,125,0.179092859,6442.620727,658,27195.97802,423,1361.401248,517,1.907067596,13805.61584,850,58277.09577,546,2917.288388,668,0.00142648,0.001313657,0.005867704,0.6,0.73,0.26,0.01,0.511610526,0.441389474,0.047,1,1,0.02,0.473443158,0.471524399,0.035032444,1,0.74,0.26,0.92,0.08,0.96,0.04,0.15,0.85,1,1,0,0.01,0.99,0.35,0.65
Yulin City (Guangxi),Medium-small-cities,2,广西壮族自治区,66.94,58.07914915,3738.541098,132,13652.41565,85,609.043247,104,0.16469983,6500.907577,159,23740.03389,102,1059.058535,125,0.391286869,12046.41021,415,43991.11711,267,1962.472685,326,5.719575915,6230.901831,159,22754.02609,102,1015.072078,125,0.495097671,7269.385469,658,26546.36377,423,1184.250758,517,2.09019057,15577.25458,850,56885.06523,546,2537.680196,668,0.001971793,0.001433968,0,0.6,0.717,0.273,0.01,0.498,0.462,0.04,1,1,0.02,0.686,0.147,0.147,1,0.74,0.26,0.92,0.08,0.96,0.04,0.15,0.85,1,1,0,0.01,0.99,0.35,0.65
Yuxi City,Medium-small-cities,2,云南省,46.8,39.78595323,1701.652369,132,15835.10853,85,463.2391042,104,0.131097759,2958.984397,159,27535.49427,102,805.5213311,125,0.200129912,5483.102078,415,51024.23859,267,1492.659336,326,5.347775252,2836.087282,159,26391.84754,102,772.0651736,125,0.315394609,3308.768496,658,30790.4888,423,900.7427025,517,1.019649237,7090.218205,850,65979.61886,546,1930.162934,668,0.002017277,0.001107239,0,0.6,0.73,0.26,0.01,0.54,0.42,0.04,1,1,0.02,0.686,0.147,0.147,1,0.74,0.26,0.92,0.08,0.96,0.04,0.15,0.85,1,1,0,0.01,0.99,0.35,0.65
Yueyang City,Largecities,2,湖南省,64.0815,57.27056298,1611.315637,132,15964.05735,85,424.6270103,104,0.311200834,2801.898857,159,27759.72195,102,738.3791901,125,0.455343738,5192.017051,415,51439.74036,267,1368.242589,326,4.371595564,2685.526061,159,26606.76226,102,707.7116838,125,0.364422829,3133.113738,658,31041.22263,423,825.6636311,517,1.308374053,6713.815152,850,66516.90564,546,1769.279209,668,0.000560777,0.00158414,0.000366256,0.6,0.73,0.26,0.01,0.531673684,0.421326316,0.047,1,1,0.02,0.473443158,0.471524399,0.035032444,1,0.74,0.26,0.92,0.08,0.96,0.04,0.15,0.85,1,1,0,0.01,0.99,0.35,0.65
Yunfu City,Medium-small-cities,2,广东省,35.9123,31.88280382,3037.773472,132,14171.0528,85,791.173725,104,0.079617169,5282.350537,159,24641.88626,102,1375.7632,125,0.271225026,9788.381186,415,45662.28126,267,2549.337558,326,2.84948919,5062.955786,159,23618.42134,102,1318.622875,125,0.172400602,5906.78175,658,27554.8249,423,1538.393354,517,0.656764197,12657.38946,850,59046.05335,546,3296.557188,668,0.000508725,0.008453387,0,0.6,0.717,0.273,0.01,0.498,0.462,0.04,1,1,0.02,0.686,0.147,0.147,1,0.74,0.26,0.92,0.08,0.96,0.04,0.15,0.85,1,1,0,0.01,0.99,0.35,0.65
Yuncheng City,Medium-small-cities,2,山西省,91.3089,80.8275508,4985.274767,132,12334.60743,85,680.1178019,104,0.157420239,8668.8389,159,21448.51181,102,1182.649289,125,0.465809068,16063.66314,415,39744.84617,267,2191.490695,326,5.714870811,8308.791278,159,20557.67905,102,1133.52967,125,0.163871888,9693.589824,658,23983.95889,423,1322.451281,517,3.979377192,20771.97819,850,51394.19763,546,2833.824174,668,0.00026829,0.000510139,0.006251811,0.6,0.73,0.26,0.01,0.52,0.44,0.04,1,1,0.02,0.686,0.147,0.147,1,0.74,0.26,0.92,0.08,0.96,0.04,0.15,0.85,1,1,0,0.01,0.99,0.35,0.65
Zaozhuang City,Medium-small-cities,2,山东省,83.1533,73.12613655,4080.476334,132,13232.03037,85,687.4932923,104,0.143454727,7095.494959,159,23009.03059,102,1195.474447,125,0.473651019,13148.20152,415,42636.54231,267,2215.256164,326,6.093785089,6800.79389,159,22053.38396,102,1145.822154,125,0.285836227,7934.259538,658,25728.94795,423,1336.792513,517,3.030436391,17001.98473,850,55133.45989,546,2864.555385,668,0.001696749,0.00471176,0,0.6,0.73,0.26,0.01,0.52,0.44,0.04,1,1,0.02,0.686,0.147,0.147,1,0.74,0.26,0.92,0.08,0.96,0.04,0.15,0.85,1,1,0,0.01,0.99,0.35,0.65
Zhanjiang City,Largecities,2,广东省,67.64,60.05053561,2404.206818,132,15068.14143,85,527.6517551,104,0.149957127,4180.648522,159,26201.8237,102,917.5277741,125,0.510846165,7746.888636,415,48552.90015,267,1700.211211,326,5.36694806,4007.011363,159,25113.56904,102,879.4195918,125,0.324712611,4674.846591,658,29299.16389,423,1025.989524,517,1.237000423,10017.52841,850,62783.92261,546,2198.54898,668,0.000470295,0.006197301,0.002741088,0.6,0.73,0.26,0.01,0.531673684,0.421326316,0.047,1,1,0.02,0.473443158,0.471524399,0.035032444,1,0.74,0.26,0.92,0.08,0.96,0.04,0.15,0.85,1,0.9,0.1,0.01,0.99,0.35,0.65
Zhangjiajie City,Medium-small-cities,2,湖南省,16.9139,15.11619696,1899.966876,132,15776.0848,85,323.9483273,104,0.08213946,3303.831291,159,27432.85856,102,563.3101468,125,0.120185053,6122.115491,415,50834.05101,267,1043.833499,326,1.153854548,3166.611461,159,26293.47466,102,539.9138788,125,0.096187063,3694.380038,658,30675.72044,423,629.8995252,517,0.345336921,7916.528652,850,65733.68665,546,1349.784697,668,0.002037947,0.003565972,0.000450415,0.6,0.717,0.273,0.01,0.498,0.462,0.04,1,1,0.02,0.686,0.147,0.147,1,0.74,0.26,0.92,0.08,0.96,0.04,0.15,0.85,1,1,0,0.01,0.99,0.35,0.65
Zhangjiakou City,Medium-small-cities,2,河北省,64.41,55.77586229,4771.969154,132,12225.69943,85,1002.33142,104,0.086361005,8297.924139,159,21259.13289,102,1742.94297,125,0.264971264,15376.34505,415,39393.92037,267,3229.734577,326,5.282153083,7953.281923,159,20376.16571,102,1670.552367,125,0.173507109,9278.82891,658,23772.19333,423,1948.977762,517,2.827145251,19883.20481,850,50940.41428,546,4176.380918,668,0.002250996,0.001953432,0.000104352,0.6,0.73,0.26,0.01,0.52,0.44,0.04,1,1,0.02,0.686,0.147,0.147,1,0.74,0.26,0.92,0.08,0.96,0.04,0.15,0.85,1,1,0,0.01,0.99,0.35,0.65
Zhangye City,Medium-small-cities,2,甘肃省,20.5,16.73295221,3320.67416,132,14074.61154,85,604.7143004,104,0.064907652,5774.2834,159,24474.18562,102,1051.530978,125,0.143638229,10699.95007,415,45351.52607,267,1948.523857,326,2.754969217,5534.456933,159,23457.6859,102,1007.857167,125,0.155658165,6456.866421,658,27367.30022,423,1175.833362,517,0.647874524,13836.14233,850,58644.21475,546,2519.642918,668,0.018768608,0.001828865,0.001811306,0.6,0.73,0.26,0.01,0.52,0.44,0.04,1,1,0.02,0.686,0.147,0.147,1,0.74,0.26,0.92,0.08,0.96,0.04,0.15,0.85,1,1,0,0.01,0.99,0.35,0.65
Zhangzhou City,Largecities,2,福建省,60.88,53.23574955,4387.107018,132,12762.62305,85,850.269927,104,0.198540292,7628.691648,159,22192.78342,102,1478.524929,125,0.319820562,14136.23372,415,41124.00762,267,2739.758654,326,5.678611714,7311.84503,159,21271.03842,102,1417.116545,125,0.180572845,8530.485869,658,24816.2115,423,1653.302636,517,1.266705033,18279.61258,850,53177.59606,546,3542.791362,668,0.000150517,0.000360658,0,0.6,0.704,0.286,0.01,0.489541053,0.463458947,0.047,1,1,0.02,0.473443158,0.471524399,0.035032444,1,0.74,0.26,0.92,0.08,0.96,0.04,0.15,0.85,1,0.9,0.1,0.01,0.99,0.35,0.65
Changchun City,Largecities,2,吉林省,181.7334,160.7398775,5201.91525,132,11970.05633,85,828.0284219,104,0.542342782,9045.552628,159,20814.59795,102,1439.849423,125,1.461087644,16761.72692,415,38570.1815,267,2668.091582,326,12.06915057,8669.858749,159,19950.09388,102,1380.04737,125,0.740662158,10114.83521,658,23275.10953,423,1610.055265,517,6.180279315,21674.64687,850,49875.2347,546,3450.118425,668,0.000511732,0.000796058,0.003317817,0.6,0.73,0.26,0.01,0.531673684,0.421326316,0.047,1,1,0.02,0.473443158,0.471524399,0.035032444,1,0.74,0.26,0.92,0.08,0.96,0.04,0.15,0.85,1,1,0,0.01,0.99,0.35,0.65
Changsha City,Extra-large-cities,2,湖南省,263.0833,235.1213486,2429.706263,132,14802.14299,85,768.1507482,104,1.277619007,4224.989223,159,25739.28198,102,1335.728801,125,1.86939028,7829.053513,415,47695.79408,267,2475.152411,326,17.94736058,4049.510438,159,24670.23832,102,1280.251247,125,1.496119169,4724.428844,658,28781.9447,423,1493.626455,517,5.371462332,10123.77609,850,61675.59579,546,3200.628117,668,0.000350713,0.003203765,0.023132143,0.6,0.725235938,0.243764063,0.031,0.524730114,0.376269886,0.099,1,1,0.02,0.014,0.9358125,0.0301875,1,0.74,0.26,0.92,0.08,0.96,0.04,0.15,0.85,1,1,0,0.01,0.99,0.35,0.65
Changzhi City,Medium-small-cities,2,山西省,60.5,53.55520462,4969.782267,132,12460.96531,85,569.2524216,104,0.104304449,8641.899164,159,21668.23413,102,989.8667108,125,0.308638573,16013.74286,415,40151.99934,267,1834.257803,326,3.786593466,8282.970445,159,20768.27552,102,948.7540359,125,0.108579221,9663.465519,658,24229.65477,423,1106.879709,517,2.636679668,20707.42611,850,51920.6888,546,2371.88509,668,0.001578048,0.002177138,0.001122957,0.6,0.73,0.26,0.01,0.52,0.44,0.04,1,1,0.02,0.686,0.147,0.147,1,0.74,0.26,0.92,0.08,0.96,0.04,0.15,0.85,1,1,0,0.01,0.99,0.35,0.65
Zhaotong City,Medium-small-cities,2,云南省,38.37,32.61938089,1864.623244,132,15739.4636,85,395.9131545,104,0.107483355,3242.372641,159,27369.17837,102,688.4489854,125,0.16408087,6008.230453,415,50716.04938,267,1275.720165,326,4.384490094,3107.705407,159,26232.43934,102,659.8552576,125,0.258583144,3625.656308,658,30604.51256,423,769.8311338,517,0.83598165,7769.263516,850,65581.09834,546,1649.638144,668,0.001440611,0.004930307,0.00110915,0.6,0.73,0.26,0.01,0.52,0.44,0.04,1,1,0.02,0.686,0.147,0.147,1,0.74,0.26,0.92,0.08,0.96,0.04,0.15,0.85,1,1,0,0.01,0.99,0.35,0.65
Zhaoqing City,Medium-small-cities,2,广东省,60.1702,53.41887549,3328.261036,132,14017.82031,85,653.9186522,104,0.133396663,5787.476135,159,24375.43199,102,1137.091879,125,0.454431046,10724.39667,415,45168.53211,267,2107.071213,326,4.774251008,5547.101727,159,23363.03385,102,1089.86442,125,0.288853086,6471.618682,658,27256.87283,423,1271.50849,517,1.100392709,13867.75432,850,58407.58463,546,2724.661051,668,0.000428548,0.005952867,0,0.6,0.717,0.273,0.01,0.498,0.462,0.04,1,1,0.02,0.686,0.147,0.147,1,0.74,0.26,0.92,0.08,0.96,0.04,0.15,0.85,1,1,0,0.01,0.99,0.35,0.65
Zhenjiang City,Largecities,2,江苏省,64.75,59.93807218,4499.334649,132,12825.6681,85,674.997256,104,0.134335394,7823.843028,159,22302.41174,102,1173.745229,125,0.391783225,14497.85609,415,41327.15275,267,2174.991158,326,2.197318938,7498.891081,159,21376.11349,102,1124.995427,125,0.380220178,8748.706261,658,24938.79907,423,1312.494665,517,1.708270086,18747.2277,850,53440.28373,546,2812.488567,668,0.00068362,0.000755702,0,0.6,0.73,0.26,0.01,0.511610526,0.441389474,0.047,1,1,0.02,0.473443158,0.471524399,0.035032444,1,0.74,0.26,0.92,0.08,0.96,0.04,0.15,0.85,1,1,0,0.01,0.99,0.35,0.65
Zhengzhou City,Extra-large-cities,2,河南省,379.4752,334.9356242,5412.887828,132,11765.67585,85,821.4363202,104,0.862803586,9412.410501,159,20459.20301,102,1428.38649,125,1.872165588,17441.52745,415,37911.62219,267,2646.850365,326,27.21495255,9021.479714,159,19609.45975,102,1369.060534,125,0.936082794,10525.05967,658,22877.70304,423,1597.237289,517,13.65357126,22553.69928,850,49023.64938,546,3422.651334,668,0.000792591,0.000324949,0.011886778,0.6,0.73684375,0.23215625,0.031,0.542647727,0.358352273,0.099,1,1,0.02,0.014,0.9358125,0.0301875,1,0.74,0.26,0.92,0.08,0.96,0.04,0.15,0.85,1,1,0,0.01,0.99,0.35,0.65
Zhongshan City,Largecities,2,广东省,120.6398,107.1035572,5391.278793,132,11864.47092,85,744.250289,104,0.267457093,9374.83479,159,20630.99665,102,1294.168558,125,0.911123288,17371.89833,415,38229.96185,267,2398.13982,326,9.57225814,8985.464655,159,19774.1182,102,1240.417148,125,0.579143472,10483.0421,658,23069.80456,423,1447.15334,517,2.206260846,22463.66164,850,49435.29549,546,3101.042871,668,0.005612853,0.000827291,0,0.6,0.717,0.273,0.01,0.510607368,0.442392632,0.047,1,1,0.02,0.473443158,0.471524399,0.035032444,1,0.74,0.26,0.92,0.08,0.96,0.04,0.15,0.85,1,0.9,0.1,0.01,0.99,0.35,0.65
Zhongwei City,Medium-small-cities,2,宁夏回族自治区,15.42,12.00601416,3272.570215,132,14269.70006,85,457.7297281,104,0.036402731,5690.635985,159,24813.42288,102,795.9411383,125,0.097401901,10544.94847,415,45980.14463,267,1474.906902,326,2.425208958,5454.283691,159,23782.83343,102,762.8828801,125,0.080676322,6363.330973,658,27746.639,423,890.0300268,517,0.774295923,13635.70923,850,59457.08357,546,1907.2072,668,0.005641779,0.00109572,0.011215409,0.6,0.76,0.23,0.01,0.61,0.35,0.04,1,1,0.02,0.686,0.147,0.147,1,0.74,0.26,0.92,0.08,0.96,0.04,0.15,0.85,1,1,0,0.01,0.99,0.35,0.65
Chongqing,Megacities,2,重庆市,459.5,411.9610346,1593.296,132,16072.80072,85,333.9032843,104,1.089976279,2770.56471,159,27948.81458,102,580.620711,125,3.119932102,5133.953777,415,51790.13564,267,1075.910583,326,29.06936737,2655.493333,159,26788.00119,102,556.5054738,125,2.489945812,3098.075555,658,31252.66806,423,649.2563861,517,11.76974386,6638.733332,850,66970.00298,546,1391.263685,668,0.001514551,0.001349265,0.021024861,0.6,0.564925373,0.192074627,0.243,0.465263158,0.197736842,0.337,1,1,0.02,0.130727869,0.562343538,0.286928594,1,0.74,0.26,0.92,0.08,0.96,0.04,0.15,0.85,1,1,0,0.01,0.99,0.35,0.65
Zhoushan City,Medium-small-cities,2,浙江省,19.5935,17.72169346,7227.937706,132,10376.59273,85,395.4695611,104,0.037866866,12568.58057,159,18043.74181,102,687.6776257,125,0.088750468,23290.0215,415,33435.68769,267,1274.290808,326,1.393145681,12046.56284,159,17294.32122,102,659.1159352,125,0.046268577,14054.32332,658,20176.70809,423,768.9685911,517,0.305774946,30116.40711,850,43235.80305,546,1647.789838,668,0.003041377,0.000991742,0.000295703,0.6,0.717,0.273,0.01,0.498,0.462,0.04,1,1,0.02,0.686,0.147,0.147,1,0.74,0.26,0.92,0.08,0.96,0.04,0.15,0.85,1,0.9,0.1,0.01,0.99,0.35,0.65
Zhoukou City,Largecities,2,河南省,98.4355,86.8819771,2382.727348,132,15233.13088,85,384.1417755,104,0.223810416,4143.298111,159,26488.72202,102,667.9798652,125,0.485637944,7677.677011,415,49084.53282,267,1237.790166,326,7.05953238,3971.212247,159,25388.55146,102,640.2362925,125,0.242818972,4633.080955,658,29619.9767,423,746.9423413,517,3.541723185,9928.030618,850,63471.37865,546,1600.590731,668,0.000309988,0.001146917,0,0.6,0.73,0.26,0.01,0.531673684,0.421326316,0.047,1,1,0.02,0.473443158,0.471524399,0.035032444,1,0.74,0.26,0.92,0.08,0.96,0.04,0.15,0.85,1,1,0,0.01,0.99,0.35,0.65
Zhuhai City,Largecities,2,广东省,68.8579,61.13178262,11130.47519,132,4803.378388,85,2066.146424,104,0.152657197,19354.65963,159,8352.541307,102,3592.79906,125,0.520044266,35864.8645,415,15477.55258,267,6657.582922,326,5.463583277,18550.79198,159,8005.630646,102,3443.577374,125,0.330559262,21642.59064,658,9339.90242,423,4017.506936,517,1.25927338,46376.97995,850,20014.07662,546,8608.943434,668,0.002232772,0.003985749,0.002026319,0.6,0.717,0.273,0.01,0.510607368,0.442392632,0.047,1,1,0.02,0.473443158,0.471524399,0.035032444,1,0.74,0.26,0.92,0.08,0.96,0.04,0.15,0.85,1,0.9,0.1,0.01,0.99,0.35,0.65
Zhuzhou City,Largecities,2,湖南省,54.8513,49.0213998,1717.675823,132,15649.35999,85,632.9641881,104,0.266375948,2986.847404,159,27212.4982,102,1100.654394,125,0.389756731,5534.733209,415,50425.71552,267,2039.551273,326,3.74191771,2862.793039,159,26082.26665,102,1054.940314,125,0.311931929,3339.925212,658,30429.31109,423,1230.763699,517,1.119917881,7156.982597,850,65205.66662,546,2637.350784,668,0.002130503,0.001855931,0,0.6,0.704,0.286,0.01,0.489541053,0.463458947,0.047,1,1,0.02,0.473443158,0.471524399,0.035032444,1,0.74,0.26,0.92,0.08,0.96,0.04,0.15,0.85,1,1,0,0.01,0.99,0.35,0.65
Zhumadian City,Medium-small-cities,2,河南省,74.3745,65.64505291,2644.310717,132,14872.80077,85,482.8885112,104,0.169103502,4598.162525,159,25862.14801,102,839.6894667,125,0.366931435,8520.556755,415,47923.46915,267,1555.974092,326,5.333941423,4407.184528,159,24788.00129,102,804.8141853,125,0.183465717,5141.715283,658,28919.33483,423,938.9498829,517,2.676005008,11017.96132,850,61970.00322,546,2012.035463,668,0.000397815,0.001851932,0,0.6,0.73,0.26,0.01,0.52,0.44,0.04,1,1,0.02,0.686,0.147,0.147,1,0.74,0.26,0.92,0.08,0.96,0.04,0.15,0.85,1,1,0,0.01,0.99,0.35,0.65
Ziyang City,Medium-small-cities,2,四川省,32.24,28.88273708,2451.733681,132,15002.46158,85,545.8047387,104,0.059221956,4263.292457,159,26087.61375,102,949.0937955,125,0.208493734,7900.030751,415,48341.26509,267,1758.704158,326,2.154705675,4086.222802,159,25004.10263,102,909.6745644,125,0.169012431,4767.259936,658,29171.45307,423,1061.286992,517,0.765829125,10215.55701,850,62510.25658,546,2274.186411,668,0.002376267,0.003834416,0,0.6,0.73,0.26,0.01,0.52,0.44,0.04,1,1,0.02,0.686,0.147,0.147,1,0.74,0.26,0.92,0.08,0.96,0.04,0.15,0.85,1,1,0,0.01,0.99,0.35,0.65
Zibo City,Largecities,2,山东省,112.4472,98.88758837,4173.018946,132,13177.58512,85,649.39593,104,0.193992089,7256.416279,159,22914.35635,102,1129.227367,125,0.640512534,13446.39438,415,42461.10762,267,2092.497997,326,8.240551735,6955.031577,159,21962.64187,102,1082.32655,125,0.386532866,8114.203507,658,25623.08219,423,1262.714308,517,4.098022411,17387.57894,850,54906.60468,546,2705.816375,668,0.001933435,0.000678954,0,0.6,0.73,0.26,0.01,0.531673684,0.421326316,0.047,1,1,0.02,0.473443158,0.471524399,0.035032444,1,0.74,0.26,0.92,0.08,0.96,0.04,0.15,0.85,1,1,0,0.01,0.99,0.35,0.65
Zigong City,Medium-small-cities,2,四川省,44.04,39.45396219,1696.42048,132,15661.98459,85,641.5949252,104,0.080897485,2949.886724,159,27234.45099,102,1115.662287,125,0.284803476,5466.24377,415,50466.3948,267,2067.361426,326,2.943338646,2827.367467,159,26103.30766,102,1069.324875,125,0.230871819,3298.595378,658,30453.85893,423,1247.545688,517,1.046126386,7068.418668,850,65258.26914,546,2673.312188,668,0.000433686,0.003173333,0,0.6,0.73,0.26,0.01,0.52,0.44,0.04,1,1,0.02,0.686,0.147,0.147,1,0.74,0.26,0.92,0.08,0.96,0.04,0.15,0.85,1,1,0,0.01,0.99,0.35,0.65
Zunyi City,Largecities,2,贵州省,94.97,82.22688574,1475.806452,132,15940.35301,85,583.8405356,104,0.338884001,2566.263441,159,27718.50274,102,1015.23382,125,0.55763452,4755.376344,415,51363.35971,267,1881.263948,326,9.660883586,2459.677419,159,26567.25502,102,973.0675593,125,0.525359853,2869.623656,658,30995.13086,423,1135.245486,517,1.660352301,6149.193548,850,66418.13755,546,2432.668898,668,0.00515152,0.002909355,0.0018565,0.6,0.73,0.26,0.01,0.531673684,0.421326316,0.047,1,1,0.02,0.473443158,0.471524399,0.035032444,1,0.74,0.26,0.92,0.08,0.96,0.04,0.15,0.85,1,1,0,0.01,0.99,0.35,0.65
Altay Prefecture,Medium-small-cities,3,新疆维吾尔族自治区,12.0824,10.00871362,2460.359096,132,15298.20249,85,241.4384086,104,0.062001128,4278.291096,159,26601.87434,102,419.8345661,125,0.084064592,7927.823755,415,49294.20804,267,777.9682056,326,1.360952688,4100.598494,159,25497.00416,102,402.3973477,125,0.080433896,4784.031576,658,29746.50485,423,469.4635723,517,0.486234071,10251.49624,850,63742.5104,546,1005.993369,668,0.014262544,0.010819847,0.138221599,0.6,0.73,0.26,0.01,0.52,0.44,0.04,1,1,0.02,0.686,0.147,0.147,1,0.74,0.26,0.92,0.08,0.96,0.04,0.15,0.85,1,1,0,0.01,0.99,0.35,0.65
Ankang City,Medium-small-cities,3,陕西省,19.7762,17.73389067,1317.038723,132,16312.21311,85,370.7481659,104,0.050667417,2290.184001,159,28365.12613,102,644.6898662,125,0.125784809,4243.791439,415,52561.57558,267,1194.632979,326,1.299678172,2195.064538,159,27187.02185,102,617.9136098,125,0.048605371,2560.908627,658,31718.19216,423,720.8992114,517,0.51757356,5487.661344,850,67967.55463,546,1544.784024,668,0.003423689,0.008879939,0.198297228,0.6,0.73,0.26,0.01,0.52,0.44,0.04,1,1,0.02,0.686,0.147,0.147,1,0.74,0.26,0.92,0.08,0.96,0.04,0.15,0.85,1,1,0,0.01,0.99,0.35,0.65
Anqing City,Medium-small-cities,3,安徽省,57.3094,49.08328264,2113.94044,132,15563.22831,85,322.8312473,104,0.156693991,3675.907543,159,27062.72479,102,561.3676689,125,0.360332741,6811.585863,415,50148.18012,267,1040.234019,326,4.882254892,3523.234067,159,25938.71385,102,538.0520788,125,0.201101196,4110.439745,658,30261.83283,423,627.7274253,517,2.625734537,8808.085168,850,64846.78464,546,1345.130197,668,0.003179286,0.003534873,0.004446513,0.6,0.73,0.26,0.01,0.52,0.44,0.04,1,1,0.02,0.686,0.147,0.147,1,0.74,0.26,0.92,0.08,0.96,0.04,0.15,0.85,1,1,0,0.01,0.99,0.35,0.65
Anshun City,Medium-small-cities,3,贵州省,30.0547,26.0219478,3141.108703,132,14264.95395,85,593.9373451,104,0.107244993,5462.039023,159,24805.16993,102,1032.79105,125,0.17647192,10121.35027,415,45964.85162,267,1913.798112,326,3.057333452,5235.181172,159,23774.92325,102,989.8955751,125,0.166258111,6107.711368,658,27737.41046,423,1154.878171,517,0.525443722,13087.95293,850,59437.30813,546,2474.738938,668,0.011591811,0.009562597,0.013218368,0.6,0.717,0.273,0.01,0.498,0.462,0.04,1,1,0.02,0.686,0.147,0.147,1,0.74,0.26,0.92,0.08,0.96,0.04,0.15,0.85,1,1,0,0.01,0.99,0.35,0.65
Anyang City,Medium-small-cities,3,河南省,86.4084,76.26651595,4263.814068,132,13333.0768,85,403.1091273,104,0.19646469,7414.298907,159,23184.73911,102,700.9619825,125,0.426301463,13738.95644,415,42962.13637,267,1298.907188,326,6.19698074,7106.35678,159,22221.79467,102,671.8485455,125,0.213150732,8290.749577,658,25925.42712,423,783.8233031,517,3.108986429,17765.89195,850,55554.48669,546,1679.621364,668,0.003000504,0.001842632,0,0.6,0.73,0.26,0.01,0.54,0.42,0.04,1,1,0.02,0.686,0.147,0.147,1,0.74,0.26,0.92,0.08,0.96,0.04,0.15,0.85,1,1,0,0.01,0.99,0.35,0.65
Anshan City,Medium-small-cities,3,辽宁省,62.1968,54.16211227,3665.491148,132,13672.35752,85,662.1513331,104,0.291748213,6373.881829,159,23774.71058,102,1151.407596,125,0.544306367,11811.02703,415,44055.37423,267,2133.59874,326,4.505405239,6109.151913,159,22787.26253,102,1103.585555,125,0.32222937,7127.343898,658,26585.13962,423,1287.516481,517,2.370998537,15272.87978,850,56968.15633,546,2758.963888,668,0.003199687,0.004709324,0.001749335,0.6,0.73,0.26,0.01,0.52,0.44,0.04,1,1,0.02,0.686,0.147,0.147,1,0.74,0.26,0.92,0.08,0.96,0.04,0.15,0.85,1,1,0,0.01,0.99,0.35,0.65
Bayannur City,Medium-small-cities,3,内蒙古自治区,36.9,32.35197114,3806.314879,132,13893.16609,85,300.5190311,104,0.077815539,6618.758651,159,24158.67215,102,522.5692042,125,0.195503503,12264.79239,415,44766.86851,267,968.3391003,326,2.855380111,6343.858131,159,23155.27682,102,500.8650519,125,0.094536233,7401.16782,658,27014.48962,423,584.3425606,517,1.324793475,15859.64533,850,57888.19204,546,1252.16263,668,0.011126022,0.003188686,0.001468434,0.6,0.73,0.26,0.01,0.52,0.44,0.04,1,1,0.02,0.686,0.147,0.147,1,0.74,0.26,0.92,0.08,0.96,0.04,0.15,0.85,1,1,0,0.01,0.99,0.35,0.65
Bazhong City,Medium-small-cities,3,四川省,44.98,40.29607673,1257.48176,132,16396.60081,85,345.9174294,104,0.08262418,2186.62106,159,28511.86697,102,601.5119744,125,0.290882387,4051.885671,415,52833.4915,267,1114.622828,326,3.00616195,2095.802933,159,27327.66802,102,576.529049,125,0.235799601,2445.103422,658,31882.27935,423,672.6172238,517,1.068455151,5239.507333,850,68319.17004,546,1441.322622,668,0.014947499,0.012991208,0.008237535,0.6,0.717,0.273,0.01,0.498,0.462,0.04,1,1,0.02,0.686,0.147,0.147,1,0.74,0.26,0.92,0.08,0.96,0.04,0.15,0.85,1,1,0,0.01,0.99,0.35,0.65
Baicheng City,Medium-small-cities,3,吉林省,28.6851,25.37144774,4294.273734,132,13224.05883,85,481.6674325,104,0.08560428,7467.264882,159,22995.16897,102,837.5661465,125,0.230620487,13837.10425,415,42610.85624,267,1552.039505,326,1.905014659,7157.12289,159,22040.09806,102,802.7790541,125,0.116907338,8349.976705,658,25713.44773,423,936.5755632,517,0.975505494,17892.80722,850,55100.24514,546,2006.947635,668,0.001914164,0.003046845,0.000980787,0.6,0.73,0.26,0.01,0.52,0.44,0.04,1,1,0.02,0.686,0.147,0.147,1,0.74,0.26,0.92,0.08,0.96,0.04,0.15,0.85,1,1,0,0.01,0.99,0.35,0.65
Baishan City,Medium-small-cities,3,吉林省,14.5408,12.86107238,3177.732782,132,14210.43718,85,611.8300352,104,0.043393773,5525.724226,159,24710.37132,102,1063.90445,125,0.11690412,10239.36119,415,45789.18648,267,1971.452336,326,0.965673369,5296.221303,159,23684.06197,102,1019.716725,125,0.059261645,6178.924853,658,27631.40563,423,1189.669513,517,0.494494713,13240.55326,850,59210.15493,546,2549.291813,668,0.002819787,0.007388565,0.001963643,0.6,0.73,0.26,0.01,0.52,0.44,0.04,1,1,0.02,0.686,0.147,0.147,1,0.74,0.26,0.92,0.08,0.96,0.04,0.15,0.85,1,1,0,0.01,0.99,0.35,0.65
Baiyin City,Medium-small-cities,3,甘肃省,24.79,20.23462855,3825.158211,132,13622.1745,85,552.6672892,104,0.078490765,6651.525112,159,23687.44788,102,961.0270084,125,0.173697156,12325.50979,415,43893.67339,267,1780.816821,326,3.331496922,6375.263686,159,22703.62417,102,921.1121486,125,0.188232483,7437.807633,658,26487.56153,423,1074.63084,517,0.783454119,15938.15921,850,56759.06041,546,2302.780372,668,0.002266326,0.004583509,0,0.6,0.73,0.26,0.01,0.52,0.44,0.04,1,1,0.02,0.686,0.147,0.147,1,0.74,0.26,0.92,0.08,0.96,0.04,0.15,0.85,1,1,0,0.01,0.99,0.35,0.65
Baise City,Medium-small-cities,3,广西壮族自治区,39.4785,34.25272915,3273.166965,132,13885.34089,85,841.492145,104,0.097133287,5691.673667,159,24145.06499,102,1463.261341,125,0.230765143,10546.87133,415,44741.65398,267,2711.474689,326,3.373174152,5455.278275,159,23142.23482,102,1402.486908,125,0.291988548,6364.49132,658,26999.27395,423,1636.234726,517,1.232709716,13638.19569,850,57855.58704,546,3506.217271,668,0.012777035,0.010253354,0.002223728,0.6,0.73,0.26,0.01,0.52,0.44,0.04,1,1,0.02,0.686,0.147,0.147,1,0.74,0.26,0.92,0.08,0.96,0.04,0.15,0.85,1,1,0,0.01,0.99,0.35,0.65
Bengbu City,Medium-small-cities,3,安徽省,44.0785,37.75152896,4054.276663,132,13594.08659,85,351.6367476,104,0.120518381,7049.936642,159,23638.60612,102,611.4572334,125,0.277143483,13063.78036,415,43803.1679,267,1133.051742,326,3.755099028,6757.127772,159,22656.81098,102,586.061246,125,0.154673388,7883.315734,658,26432.94615,423,683.7381204,517,2.019536756,16892.81943,850,56642.02746,546,1465.153115,668,0.000769973,0.0028983,0,0.6,0.73,0.26,0.01,0.52,0.44,0.04,1,1,0.02,0.686,0.147,0.147,1,0.74,0.26,0.92,0.08,0.96,0.04,0.15,0.85,1,1,0,0.01,0.99,0.35,0.65
Baotou City,Medium-small-cities,3,内蒙古自治区,72.6,63.65184566,5064.302822,132,12057.65608,85,878.0411011,104,0.153100491,8806.259907,159,20966.92418,102,1526.815915,125,0.384649169,16318.30909,415,38852.44736,267,2829.243548,326,5.617902332,8440.504703,159,20096.09346,102,1463.401835,125,0.185998118,9847.255487,658,23445.44237,423,1707.302141,517,2.606504235,21101.26176,850,50240.23365,546,3658.504588,668,0.008918441,0.002627521,0.005661236,0.6,0.73,0.26,0.01,0.52,0.44,0.04,1,1,0.02,0.686,0.147,0.147,1,0.74,0.26,0.92,0.08,0.96,0.04,0.15,0.85,1,1,0,0.01,0.99,0.35,0.65
Baoji City,Medium-small-cities,3,陕西省,39.2303,35.17894495,2889.019585,132,14780.68576,85,330.2946539,104,0.100509602,5023.684056,159,25701.97024,102,574.3457037,125,0.24952093,9309.063107,415,47626.65412,267,1064.282774,326,2.578188155,4815.032641,159,24634.47627,102,550.4910898,125,0.096419095,5617.538082,658,28740.22231,423,642.2396048,517,1.026717268,12037.5816,850,61586.19067,546,1376.227725,668,0.006744681,0.005430802,0,0.6,0.73,0.26,0.01,0.52,0.44,0.04,1,1,0.02,0.686,0.147,0.147,1,0.74,0.26,0.92,0.08,0.96,0.04,0.15,0.85,1,1,0,0.01,0.99,0.35,0.65
Baoding City,Largecities,3,河北省,238,206.0961842,3178.423926,132,14255.61087,85,565.9652035,104,0.319110683,5526.926049,159,24788.92335,102,984.1506039,125,0.979089596,10241.58821,415,45934.74614,267,1823.665656,326,19.51796978,5297.37321,159,23759.35145,102,943.2753392,125,0.641122372,6180.268745,658,27719.24336,423,1100.487896,517,10.44652336,13243.43303,850,59398.37863,546,2358.188348,668,0.002840805,0.003357053,0,0.6,0.73,0.26,0.01,0.511610526,0.441389474,0.047,1,1,0.02,0.473443158,0.471524399,0.035032444,1,0.74,0.26,0.92,0.08,0.96,0.04,0.15,0.85,1,1,0,0.01,0.99,0.35,0.65
Baoshan City,Medium-small-cities,3,云南省,28.66,24.36464572,1590.987868,132,15977.2617,85,431.7504333,104,0.080283371,2766.551127,159,27782.68284,102,750.7660312,125,0.12255819,5126.516464,415,51482.28769,267,1391.195841,326,3.274940998,2651.646447,159,26628.7695,102,719.5840555,125,0.193145502,3093.587522,658,31066.89775,423,839.5147314,517,0.624426221,6629.116118,850,66571.92374,546,1798.960139,668,0.00810502,0.006880616,0.095297662,0.6,0.73,0.26,0.01,0.52,0.44,0.04,1,1,0.02,0.686,0.147,0.147,1,0.74,0.26,0.92,0.08,0.96,0.04,0.15,0.85,1,1,0,0.01,0.99,0.35,0.65
Beihai City,Medium-small-cities,3,广西壮族自治区,30.3548,26.33673374,2599.601594,132,14348.60558,85,1051.792829,104,0.074685246,4520.418327,159,24950.63081,102,1828.950863,125,0.17743404,8376.494024,415,46234.39575,267,3389.110226,326,2.593614924,4332.669323,159,23914.34263,102,1752.988048,125,0.224508377,5054.780876,658,27900.0664,423,2045.152722,517,0.947823674,10831.67331,850,59785.85657,546,4382.47012,668,0.010650258,0.003707771,0.026355166,0.6,0.73,0.26,0.01,0.52,0.44,0.04,1,1,0.02,0.686,0.147,0.147,1,0.74,0.26,0.92,0.08,0.96,0.04,0.15,0.85,1,0.9,0.1,0.01,0.99,0.35,0.65
Beijing,Megacities,3,北京市,584.25,522.7,7707.502459,132,9352.499329,85,939.9982116,104,7.66,13402.49039,159,16262.95717,102,1634.552446,125,6.31,24835.2857,415,30135.83117,267,3028.883126,326,39.4,12845.83743,159,15587.49888,102,1566.663686,125,1.87,14986.81034,658,18185.41536,423,1827.7743,517,6.31,32114.59358,850,38968.74721,546,3916.659215,668,0.001727684,0.004720761,0.976293927,0.6,0.463238806,0.293761194,0.243,0.151210526,0.511789474,0.337,1,1,0.02,0.130727869,0.562343538,0.286928594,1,0.74,0.26,0.92,0.08,0.96,0.04,0.15,0.85,1,1,0,0.01,0.99,0.35,0.65
Benxi City,Medium-small-cities,3,辽宁省,15.1086,13.15684552,8159.6766,132,9840.3234,85,0,104,0.070870319,14188.77098,159,17111.22902,102,0,125,0.132220744,26292.29127,415,31707.70873,267,0,326,1.094435173,13599.461,159,16400.539,102,0,125,0.078274681,15866.03783,658,19133.96217,423,0,517,0.575953562,33998.6525,850,41001.3475,546,0,668,0.00244909,0.007124972,0,0.6,0.73,0.26,0.01,0.52,0.44,0.04,1,1,0.02,0.686,0.147,0.147,1,0.74,0.26,0.92,0.08,0.96,0.04,0.15,0.85,1,1,0,0.01,0.99,0.35,0.65
Bijie City,Medium-small-cities,3,贵州省,58.2,50.39069969,1444.917944,132,16017.58999,85,537.4920664,104,0.207676623,2512.551757,159,27852.80926,102,934.6389821,125,0.341732432,4655.846707,415,51612.23441,267,1731.918881,326,5.920431975,2408.196573,159,26695.98332,102,895.8201106,125,0.321953706,2809.562668,658,31145.31387,423,1045.123462,517,1.01750557,6020.491432,850,66739.95829,546,2239.550277,668,0.012609294,0.010194363,0.01527709,0.6,0.73,0.26,0.01,0.52,0.44,0.04,1,1,0.02,0.686,0.147,0.147,1,0.74,0.26,0.92,0.08,0.96,0.04,0.15,0.85,1,1,0,0.01,0.99,0.35,0.65
Binzhou City,Medium-small-cities,3,山东省,95.6195,84.08908141,2890.192846,132,14447.41907,85,662.3880883,104,0.164961213,5025.724226,159,25122.45649,102,1151.819287,125,0.544659967,9312.843613,415,46552.79477,267,2134.361618,326,7.007354889,4816.988076,159,24079.03178,102,1103.980147,125,0.328688303,5619.819422,658,28092.20374,423,1287.976838,517,3.484754213,12042.47019,850,60197.57944,546,2759.950368,668,0.000616062,0.004032942,0,0.6,0.76,0.23,0.01,0.61,0.35,0.04,1,1,0.02,0.686,0.147,0.147,1,0.74,0.26,0.92,0.08,0.96,0.04,0.15,0.85,1,0.9,0.1,0.01,0.99,0.35,0.65
Bozhou City,Medium-small-cities,3,安徽省,63.1152,54.0557256,2502.108931,132,15145.79131,85,352.0997616,104,0.172568071,4350.889419,159,26336.84822,102,612.2623632,125,0.396836698,8062.350999,415,48803.10532,267,1134.543676,326,5.376857792,4170.181551,159,25242.98551,102,586.832936,125,0.221474002,4865.21181,658,29450.14976,423,684.6384253,517,2.891737838,10425.45388,850,63107.46378,546,1467.08234,668,0.001469549,0.002762381,0,0.6,0.73,0.26,0.01,0.52,0.44,0.04,1,1,0.02,0.686,0.147,0.147,1,0.74,0.26,0.92,0.08,0.96,0.04,0.15,0.85,1,1,0,0.01,0.99,0.35,0.65
Cangzhou City,Largecities,3,河北省,85.0947,73.68778557,3144.492403,132,14282.09231,85,573.415292,104,0.114095075,5467.922901,159,24834.97162,102,997.1054799,125,0.350064435,10132.2533,415,46020.07521,267,1847.671496,326,6.978469678,5240.820672,159,23803.48718,102,955.6921533,125,0.229227378,6114.290784,658,27770.73504,423,1114.974179,517,3.735057864,13102.05168,850,59508.71794,546,2389.230383,668,0.001581605,0.004086986,0,0.6,0.73,0.26,0.01,0.511610526,0.441389474,0.047,1,1,0.02,0.473443158,0.471524399,0.035032444,1,0.74,0.26,0.92,0.08,0.96,0.04,0.15,0.85,1,0.9,0.1,0.01,0.99,0.35,0.65
Chamdo City,Medium-small-cities,3,西藏自治区,13.7757,9.001351382,1766.100544,132,15994.48013,85,239.4193258,104,0.072150135,3071.052612,159,27812.62378,102,416.3236054,125,0.106981235,5690.768418,415,51537.76931,267,771.4622719,326,3.092504082,2943.500906,159,26657.46688,102,399.0322096,125,0.462756041,3434.08439,658,31100.37803,423,465.5375779,517,1.039957125,7358.752265,850,66643.66721,546,997.580524,668,0.020289836,0.014852914,0.038198748,0.6,0.73,0.26,0.01,0.52,0.44,0.04,1,1,0.02,0.686,0.147,0.147,1,0.74,0.26,0.92,0.08,0.96,0.04,0.15,0.85,1,1,0,0.01,0.99,0.35,0.65
Changde City,Largecities,3,湖南省,62.3495,55.72264954,1739.525849,132,15918.76738,85,341.7067679,104,0.302789673,3024.84217,159,27680.96773,102,594.190102,125,0.44303667,5605.138846,415,51293.80601,267,1101.055141,326,4.253439723,2899.209748,159,26531.27897,102,569.5112799,125,0.354573179,3382.411373,658,30953.1588,423,664.4298265,517,1.273011212,7248.02437,850,66328.19743,546,1423.7782,668,0.002422264,0.005494875,0.04113288,0.6,0.73,0.26,0.01,0.531673684,0.421326316,0.047,1,1,0.02,0.473443158,0.471524399,0.035032444,1,0.74,0.26,0.92,0.08,0.96,0.04,0.15,0.85,1,1,0,0.01,0.99,0.35,0.65
Changzhou City,Largecities,3,江苏省,147.72,136.7421162,5151.340178,132,11909.36517,85,939.2946555,104,0.306471419,8957.608198,159,20709.06276,102,1633.32904,125,0.893810317,16598.76279,415,38374.62109,267,3026.616112,326,5.012941368,8585.566963,159,19848.94194,102,1565.491092,125,0.867430498,10016.49479,658,23157.09894,423,1826.406275,517,3.897230226,21463.91741,850,49622.35486,546,3913.727731,668,0.001362275,0.002353682,0.01650529,0.6,0.73,0.26,0.01,0.511610526,0.441389474,0.047,1,1,0.02,0.473443158,0.471524399,0.035032444,1,0.74,0.26,0.92,0.08,0.96,0.04,0.15,0.85,1,1,0,0.01,0.99,0.35,0.65
Chaohu City,Medium-small-cities,3,安徽省,9.5791,8.204128341,4461.481206,132,13196.87384,85,341.6449572,104,0.026190946,7758.020097,159,22947.89728,102,594.08262,125,0.060228573,14375.88389,415,42523.26014,267,1100.855973,326,0.816054746,7435.80201,159,21994.78973,102,569.408262,125,0.033613482,8675.102345,658,25660.58802,423,664.309639,517,0.438883913,18589.50502,850,54986.97432,546,1423.520655,668,0.014880269,0.002935297,0,0.6,0.73,0.26,0.01,0.54,0.42,0.04,1,1,0.02,0.686,0.147,0.147,1,0.74,0.26,0.92,0.08,0.96,0.04,0.15,0.85,1,1,0,0.01,0.99,0.35,0.65
Chaoyang City,Medium-small-cities,3,辽宁省,41.8232,36.42040835,3214.504383,132,14183.1843,85,602.3113151,104,0.196181216,5589.665955,159,24662.98159,102,1047.352454,125,0.366009732,10357.84746,415,45701.37164,267,1940.780904,326,3.029584551,5357.507305,159,23638.6405,102,1003.852192,125,0.216677761,6250.425189,658,27578.41392,423,1171.160891,517,1.59433839,13393.76826,850,59096.60126,546,2509.63048,668,0.001774699,0.005435858,0.054030977,0.6,0.73,0.26,0.01,0.52,0.44,0.04,1,1,0.02,0.686,0.147,0.147,1,0.74,0.26,0.92,0.08,0.96,0.04,0.15,0.85,1,1,0,0.01,0.99,0.35,0.65
Chaozhou City,Medium-small-cities,3,广东省,37.4376,33.23695937,3654.915638,132,13714.93501,85,630.1493499,104,0.082998742,6355.492193,159,23848.7481,102,1095.759703,125,0.282744743,11776.95039,415,44192.56837,267,2030.481239,326,2.970515297,6091.526063,159,22858.22502,102,1050.248917,125,0.179722957,7106.780407,658,26667.92919,423,1225.290403,517,0.684658886,15228.81516,850,57145.56255,546,2625.622291,668,0.003904057,0.006871235,0,0.6,0.73,0.26,0.01,0.52,0.44,0.04,1,1,0.02,0.686,0.147,0.147,1,0.74,0.26,0.92,0.08,0.96,0.04,0.15,0.85,1,0.9,0.1,0.01,0.99,0.35,0.65
Chenzhou City,Medium-small-cities,3,湖南省,50.137,44.80816174,2075.037519,132,15349.67484,85,575.2876438,104,0.243481757,3608.259685,159,26691.37902,102,1000.361292,125,0.356258343,6686.232005,415,49460.06337,267,1853.70463,326,3.420311428,3458.395865,159,25582.7914,102,958.8127397,125,0.285122343,4034.795175,658,29846.58996,423,1118.614863,517,1.023664394,8645.989661,850,63956.97849,546,2397.031849,668,0.002953884,0.005418117,0,0.6,0.73,0.26,0.01,0.52,0.44,0.04,1,1,0.02,0.686,0.147,0.147,1,0.74,0.26,0.92,0.08,0.96,0.04,0.15,0.85,1,1,0,0.01,0.99,0.35,0.65
Chengdu City,Extra-large-cities,3,四川省,463.04,414.8220402,4230.957854,132,12714.22068,85,1054.821465,104,0.85056248,7357.165602,159,22108.61707,102,1834.217326,125,2.994445992,13633.08642,415,40968.04442,267,3398.869166,326,30.94649243,7051.596424,159,21190.3678,102,1758.035775,125,2.427404338,8226.862494,658,24722.09577,423,2051.041738,517,10.99905454,17628.99106,850,52975.9195,546,4395.089438,668,0.00330432,0.003399336,0.070040005,0.6,0.725235938,0.243764063,0.031,0.524730114,0.376269886,0.099,1,1,0.02,0.014,0.9358125,0.0301875,1,0.74,0.26,0.92,0.08,0.96,0.04,0.15,0.85,1,1,0,0.01,0.99,0.35,0.65
Chengde City,Medium-small-cities,3,河北省,56.9565,49.32150133,3472.735202,132,13921.25212,85,606.0126783,104,0.076367343,6038.700657,159,24207.51063,102,1053.788713,125,0.234308893,11189.92454,415,44857.36794,267,1952.707519,326,4.670904395,5787.892004,159,23202.08687,102,1010.02113,125,0.153428934,6752.540671,658,27069.10134,423,1178.357986,517,2.499989109,14469.73001,850,58005.21716,546,2525.052826,668,0.009307647,0.003662876,0.001159993,0.6,0.73,0.26,0.01,0.52,0.44,0.04,1,1,0.02,0.686,0.147,0.147,1,0.74,0.26,0.92,0.08,0.96,0.04,0.15,0.85,1,1,0,0.01,0.99,0.35,0.65
Chizhou City,Medium-small-cities,3,安徽省,18.5196,15.8613205,2882.596246,132,14621.06268,85,496.3410754,104,0.050635848,5012.514583,159,25424.40344,102,863.0819811,125,0.116441949,9288.36568,415,47112.31308,267,1599.321243,326,1.577706409,4804.327076,159,24368.4378,102,827.2351257,125,0.064986088,5605.048255,658,28429.8441,423,965.1076466,517,0.848509203,12010.81769,850,60921.0945,546,2068.087814,668,0.001726482,0.003583617,0.000967198,0.6,0.73,0.26,0.01,0.52,0.44,0.04,1,1,0.02,0.686,0.147,0.147,1,0.74,0.26,0.92,0.08,0.96,0.04,0.15,0.85,1,1,0,0.01,0.99,0.35,0.65
Chifeng City,Largecities,3,内蒙古自治区,159.421,139.771913,4186.424135,132,13394.13474,85,419.441123,104,0.336190543,7279.726412,159,23290.91208,102,729.3615083,125,0.84464401,13489.58888,415,43158.87861,267,1351.532507,326,12.33624804,6977.373558,159,22323.5579,102,699.0685383,125,0.408429834,8140.269151,658,26044.15089,423,815.5799614,517,5.723574541,17443.43389,850,55808.89476,546,1747.671346,668,0.016307895,0.004404803,0.008733016,0.6,0.73,0.26,0.01,0.511610526,0.441389474,0.047,1,1,0.02,0.473443158,0.471524399,0.035032444,1,0.74,0.26,0.92,0.08,0.96,0.04,0.15,0.85,1,1,0,0.01,0.99,0.35,0.65
Chongzuo City,Medium-small-cities,3,广西壮族自治区,19.1722,16.63437501,3308.791801,132,14184.87932,85,506.3288782,104,0.047171468,5753.621299,159,24665.92904,102,880.4496604,125,0.112067973,10661.66247,415,45706.83337,267,1631.504163,326,1.638136441,5514.653002,159,23641.46553,102,843.8814636,125,0.141800292,6433.761836,658,27581.70979,423,984.5283743,517,0.598648815,13786.63251,850,59103.66384,546,2109.703659,668,0.01135724,0.009371802,0,0.6,0.73,0.26,0.01,0.54,0.42,0.04,1,1,0.02,0.686,0.147,0.147,1,0.74,0.26,0.92,0.08,0.96,0.04,0.15,0.85,1,1,0,0.01,0.99,0.35,0.65
Chuzhou City,Medium-small-cities,3,安徽省,47.5566,40.73038698,3203.994139,132,14255.82026,85,540.1855972,104,0.130028119,5571.389808,159,24789.28746,102,939.3227329,125,0.29901203,10323.98111,415,45935.42085,267,1740.598035,326,4.05140244,5339.990232,159,23759.70044,102,900.3093287,125,0.166878193,6229.988604,658,27719.65051,423,1050.360883,517,2.178892242,13349.97558,850,59399.2511,546,2250.773322,668,0.003465823,0.00403391,0,0.6,0.73,0.26,0.01,0.52,0.44,0.04,1,1,0.02,0.686,0.147,0.147,1,0.74,0.26,0.92,0.08,0.96,0.04,0.15,0.85,1,1,0,0.01,0.99,0.35,0.65
Chuxiong Yi Autonomous Prefecture,Medium-small-cities,3,云南省,30.49,25.9203785,1216.107781,132,16437.06969,85,346.8225271,104,0.08540963,2114.676309,159,28582.23785,102,603.0858388,125,0.130383783,3918.569518,415,52963.89123,267,1117.539254,326,3.484052723,2026.846302,159,27395.11615,102,578.0375452,125,0.20547824,2364.65402,658,31960.96884,423,674.3771361,517,0.66429712,5067.115756,850,68487.79038,546,1445.093863,668,0.004669117,0.006605755,0,0.6,0.73,0.26,0.01,0.52,0.44,0.04,1,1,0.02,0.686,0.147,0.147,1,0.74,0.26,0.92,0.08,0.96,0.04,0.15,0.85,1,1,0,0.01,0.99,0.35,0.65
Dazhou City,Medium-small-cities,3,四川省,64.69,57.95360613,1819.812539,132,15603.28706,85,576.9004059,104,0.118829662,3164.451803,159,27132.38249,102,1003.165706,125,0.418345523,5863.840403,415,50277.25829,267,1858.901308,326,4.323446344,3033.020898,159,26005.47843,102,961.5006766,125,0.339125749,3538.524381,658,30339.72483,423,1121.750789,517,1.536646592,7582.552245,850,65013.69606,546,2403.751691,668,0.000890536,0.006282006,0.002207892,0.6,0.73,0.26,0.01,0.52,0.44,0.04,1,1,0.02,0.686,0.147,0.147,1,0.74,0.26,0.92,0.08,0.96,0.04,0.15,0.85,1,1,0,0.01,0.99,0.35,0.65
Dali Bai Autonomous Prefecture,Medium-small-cities,3,云南省,49.98,42.48935775,2012.317698,132,15555.77454,85,431.9077651,104,0.140005684,3499.196886,159,27049.7635,102,751.0396137,125,0.213728483,6484.134805,415,50124.1624,267,1391.702799,326,5.711149724,3353.86283,159,25926.29089,102,719.8462751,125,0.336825268,3912.839968,658,30247.33938,423,839.8206543,517,1.088933095,8384.657075,850,64815.72724,546,1799.615688,668,0.017235312,0.004583607,0.019720394,0.6,0.73,0.26,0.01,0.52,0.44,0.04,1,1,0.02,0.686,0.147,0.147,1,0.74,0.26,0.92,0.08,0.96,0.04,0.15,0.85,1,1,0,0.01,0.99,0.35,0.65
Dalian City,Largecities,3,辽宁省,169.4615,147.5701771,7802.839461,132,9501.274117,85,695.8864216,104,0.794897644,13568.27084,159,16521.65999,102,1210.069166,125,1.483017993,25142.48271,415,30615.2166,267,2242.300692,326,12.27543427,13004.73244,159,15835.45686,102,1159.810703,125,0.877946652,15172.18784,658,18474.69967,423,1353.112486,517,6.460026377,32511.83109,850,39588.64216,546,2899.526756,668,0.004235346,0.003513708,0.060291235,0.6,0.73,0.26,0.01,0.531673684,0.421326316,0.047,1,1,0.02,0.473443158,0.471524399,0.035032444,1,0.74,0.26,0.92,0.08,0.96,0.04,0.15,0.85,1,0.9,0.1,0.01,0.99,0.35,0.65
Daqing City,Medium-small-cities,3,黑龙江省,97.5303,83.16189506,4294.283716,132,12990.46559,85,715.250692,104,0.399122359,7467.28224,159,22588.97628,102,1243.741481,125,0.969297159,13837.13642,415,41858.16691,267,2304.696674,326,8.299844495,7157.139527,159,21650.77599,102,1192.084487,125,0.796344136,8349.996115,658,25259.23865,423,1390.765234,517,3.903796792,17892.84882,850,54126.93997,546,2980.211217,668,0.001434198,0.003908518,0.009049227,0.6,0.73,0.26,0.01,0.52,0.44,0.04,1,1,0.02,0.686,0.147,0.147,1,0.74,0.26,0.92,0.08,0.96,0.04,0.15,0.85,1,1,0,0.01,0.99,0.35,0.65
Datong City,Medium-small-cities,3,山西省,78.5117,69.49934147,5284.235294,132,11922.35294,85,793.4117647,104,0.135357348,9188.698039,159,20731.64706,102,1379.654902,125,0.400524613,17026.98039,415,38416.47059,267,2556.54902,326,4.91391554,8807.058824,159,19870.58824,102,1322.352941,125,0.140904781,10274.90196,658,23182.35294,423,1542.745098,517,3.421656249,22017.64706,850,49676.47059,546,3305.882353,668,0.003759785,0.004411906,0.026087139,0.6,0.73,0.26,0.01,0.52,0.44,0.04,1,1,0.02,0.686,0.147,0.147,1,0.74,0.26,0.92,0.08,0.96,0.04,0.15,0.85,1,1,0,0.01,0.99,0.35,0.65
Dandong City,Medium-small-cities,3,辽宁省,34.6818,30.20154647,3373.178142,132,14105.71202,85,521.1098369,104,0.162682858,5865.581992,159,24528.2659,102,906.1521053,125,0.303512794,10869.12957,415,45451.73873,267,1679.131697,326,2.512276571,5621.96357,159,23509.52003,102,868.5163949,125,0.179679574,6558.957499,658,27427.77337,423,1013.269127,517,1.322101733,14054.90893,850,58773.80009,546,2171.290987,668,0.003557628,0.006603836,0.000726795,0.6,0.73,0.26,0.01,0.52,0.44,0.04,1,1,0.02,0.686,0.147,0.147,1,0.74,0.26,0.92,0.08,0.96,0.04,0.15,0.85,1,0.9,0.1,0.01,0.99,0.35,0.65
Deyang City,Medium-small-cities,3,四川省,67.79,60.73079239,2758.920456,132,14590.52863,85,650.550911,104,0.124524081,4797.456127,159,25371.30812,102,1131.235751,125,0.438392998,8889.854803,415,47013.92559,267,2096.219602,326,4.530629582,4598.20076,159,24317.54772,102,1084.251518,125,0.355376944,5364.567554,658,28370.47234,423,1264.960105,517,1.610284008,11495.5019,850,60793.8693,546,2710.628796,668,0.001141163,0.006674377,0,0.6,0.73,0.26,0.01,0.52,0.44,0.04,1,1,0.02,0.686,0.147,0.147,1,0.74,0.26,0.92,0.08,0.96,0.04,0.15,0.85,1,1,0,0.01,0.99,0.35,0.65
Dezhou City,Largecities,3,山东省,108.1157,95.07840869,2694.51356,132,14729.2358,85,576.2506377,104,0.186519455,4685.45969,159,25612.50448,102,1002.035831,125,0.615839798,8682.321471,415,47460.87092,267,1856.80761,326,7.923123201,4490.855933,159,24548.72634,102,960.4177294,125,0.371643503,5239.331922,658,28640.18073,423,1120.487351,517,3.940165354,11227.13983,850,61371.81584,546,2401.044324,668,0.001569516,0.010634153,0,0.6,0.73,0.26,0.01,0.511610526,0.441389474,0.047,1,1,0.02,0.473443158,0.471524399,0.035032444,1,0.74,0.26,0.92,0.08,0.96,0.04,0.15,0.85,1,1,0,0.01,0.99,0.35,0.65
Diqing Tibetan Autonomous Prefecture,Medium-small-cities,3,云南省,7.96,6.767012558,2635.615028,132,15294.90479,85,69.48018528,104,0.022297824,4583.041688,159,26596.13999,102,120.8183222,125,0.03403919,8492.537313,415,49283.58209,267,223.880597,326,0.909578868,4392.691714,159,25491.50798,102,115.8003088,125,0.05364404,5124.806999,658,29740.09264,423,135.1003603,517,0.17342752,10981.72928,850,63728.76994,546,289.500772,668,0.00897086,0.011675075,0.027488633,0.6,0.73,0.26,0.01,0.52,0.44,0.04,1,1,0.02,0.686,0.147,0.147,1,0.74,0.26,0.92,0.08,0.96,0.04,0.15,0.85,1,1,0,0.01,0.99,0.35,0.65
Dingxi City,Medium-small-cities,3,甘肃省,30.58,24.96066725,2586.902241,132,14941.9649,85,471.1328548,104,0.096823219,4498.335564,159,25982.41675,102,819.2476864,125,0.214266198,8335.573888,415,48146.33136,267,1518.094754,326,4.10960774,4311.503735,159,24903.27484,102,785.2214247,125,0.232196423,5030.087691,658,29053.82065,423,916.0916621,517,0.966439167,10778.75934,850,62258.1871,546,1963.053562,668,0.045221414,0.009764167,0,0.6,0.73,0.26,0.01,0.52,0.44,0.04,1,1,0.02,0.686,0.147,0.147,1,0.74,0.26,0.92,0.08,0.96,0.04,0.15,0.85,1,1,0,0.01,0.99,0.35,0.65
Dongguan City,Medium-small-cities,3,广东省,322.8715,286.6440939,14943.90465,132,1673.117759,85,1382.977596,104,0.71580252,25985.78974,159,2909.36588,102,2404.844375,125,2.438463448,48152.58164,415,5391.157222,267,4456.261142,326,25.61848863,24906.50774,159,2788.529598,102,2304.96266,125,1.549977052,29057.59237,658,3253.284531,423,2689.123103,517,5.904674482,62266.26936,850,6971.323994,546,5762.40665,668,0.003724311,0.003568511,0,0.6,0.717,0.273,0.01,0.498,0.462,0.04,1,1,0.02,0.686,0.147,0.147,1,0.74,0.26,0.92,0.08,0.96,0.04,0.15,0.85,1,0.9,0.1,0.01,0.99,0.35,0.65
Dongying City,Largecities,3,山东省,73.1925,64.36647432,5867.834274,132,11583.63253,85,548.5331933,104,0.126270516,10203.51182,159,20142.6499,102,953.8382751,125,0.416913126,18907.46599,415,37325.03816,267,1767.495845,326,5.363820379,9779.72379,159,19306.05422,102,914.2219889,125,0.251596365,11409.67775,658,22523.72992,423,1066.59232,517,2.667425292,24449.30947,850,48265.13555,546,2285.554972,668,0.003940381,0.005403992,0.02927664,0.6,0.76,0.23,0.01,0.601894737,0.351105263,0.047,1,1,0.02,0.473443158,0.471524399,0.035032444,1,0.74,0.26,0.92,0.08,0.96,0.04,0.15,0.85,1,0.9,0.1,0.01,0.99,0.35,0.65
Ordos City,Largecities,3,内蒙古自治区,70.5,61.81067657,2734.371634,132,14781.61847,85,484.0099006,104,0.148671965,4754.768452,159,25703.59211,102,841.6394383,125,0.373522953,8810.753042,415,47629.6595,267,1559.587457,326,5.455401025,4557.286056,159,24636.03078,102,806.6831677,125,0.180618007,5316.833732,658,28742.03591,423,941.1303623,517,2.531109484,11393.21514,850,61590.07694,546,2016.707919,668,0.007360625,0.003148277,0.029150251,0.6,0.73,0.26,0.01,0.511610526,0.441389474,0.047,1,1,0.02,0.473443158,0.471524399,0.035032444,1,0.74,0.26,0.92,0.08,0.96,0.04,0.15,0.85,1,1,0,0.01,0.99,0.35,0.65
Ezhou City,Medium-small-cities,3,湖北省,7.7847,6.853170225,2985.665253,132,14577.35368,85,436.9810699,104,0.025196148,5191.740135,159,25348.39834,102,759.8615272,125,0.056031866,9620.476927,415,46971.47296,267,1408.050114,326,0.58005716,4976.108756,159,24295.58946,102,728.3017832,125,0.052848237,5805.460215,658,28344.85437,423,849.6854137,517,0.217396364,12440.27189,850,60738.97365,546,1820.754458,668,0.013976939,0.003830898,0,0.6,0.73,0.26,0.01,0.52,0.44,0.04,1,1,0.02,0.686,0.147,0.147,1,0.74,0.26,0.92,0.08,0.96,0.04,0.15,0.85,1,1,0,0.01,0.99,0.35,0.65
Enshi Tujia and Miao Autonomous Prefecture,Medium-small-cities,3,湖北省,48.4,42.60837783,2065.396485,132,15934.60352,85,0,104,0.156652606,3591.494998,159,27708.505,102,0,125,0.348368251,6655.16645,415,51344.83355,267,0,326,3.606403141,3442.327474,159,26557.67253,102,0,125,0.3285746,4016.04872,658,30983.95128,423,0,517,1.35162357,8605.818686,850,66394.18131,546,0,668,0.007312094,0.004908663,0.005227719,0.6,0.717,0.273,0.01,0.498,0.462,0.04,1,1,0.02,0.686,0.147,0.147,1,0.74,0.26,0.92,0.08,0.96,0.04,0.15,0.85,1,1,0,0.01,0.99,0.35,0.65
Fangchenggang City,Medium-small-cities,3,广西壮族自治区,15.5007,13.44887163,3343.471299,132,13881.08086,85,775.4478382,104,0.038138074,5813.925092,159,24137.65728,102,1348.41763,125,0.090606818,10773.40752,415,44727.92723,267,2498.665256,326,1.324431287,5572.452165,159,23135.13477,102,1292.413064,125,0.114645361,6501.194192,658,26990.99057,423,1507.815241,517,0.484006827,13931.13041,850,57837.83693,546,3231.032659,668,0.021241707,0.004633788,0,0.6,0.704,0.286,0.01,0.476,0.484,0.04,1,1,0.02,0.686,0.147,0.147,1,0.74,0.26,0.92,0.08,0.96,0.04,0.15,0.85,1,0.9,0.1,0.01,0.99,0.35,0.65
Foshan City,Extra-large-cities,3,广东省,272.9071,242.2858889,9689.575916,132,6462.946254,85,1847.47783,104,0.605032001,16849.0959,159,11238.34543,102,3212.558671,125,2.061110962,31221.96684,415,20825.04904,267,5952.98412,326,21.6540247,16149.29319,159,10771.57709,102,3079.129717,125,1.310117933,18840.84206,658,12566.83994,423,3592.318003,517,4.990925459,40373.23298,850,26928.94273,546,7697.824293,668,0.003394784,0.006264942,0.001897538,0.6,0.725235938,0.243764063,0.031,0.524730114,0.376269886,0.099,1,1,0.02,0.014,0.9358125,0.0301875,1,0.74,0.26,0.92,0.08,0.96,0.04,0.15,0.85,1,1,0,0.01,0.99,0.35,0.65
Fuzhou City (Fujian),Extra-large-cities,3,福建省,145.93,127.6066513,3323.763961,132,13637.94866,85,1038.28738,104,0.475903168,5779.656222,159,23714.87739,102,1805.466389,125,0.766613248,10709.9061,415,43944.50123,267,3345.592669,326,13.61169197,5539.606602,159,22729.91443,102,1730.478967,125,0.432835008,6462.874369,658,26518.2335,423,2018.892128,517,3.036305281,13849.01651,850,56824.78608,546,4326.197417,668,0.00146907,0.001767252,0.027686107,0.6,0.73684375,0.23215625,0.031,0.542647727,0.358352273,0.099,1,1,0.02,0.014,0.9358125,0.0301875,1,0.74,0.26,0.92,0.08,0.96,0.04,0.15,0.85,1,0.9,0.1,0.01,0.99,0.35,0.65
Fushun City,Medium-small-cities,3,辽宁省,28.5754,24.88398154,3259.609913,132,14149.61067,85,590.7794131,104,0.134039402,5668.099459,159,24604.60078,102,1027.299757,125,0.250073511,10503.1875,415,45593.18995,267,1903.622553,326,2.069941812,5432.683188,159,23582.68446,102,984.6323551,125,0.148043519,6338.130386,658,27513.13187,423,1148.737748,517,1.089320216,13581.70797,850,58956.71114,546,2461.580888,668,0.005311934,0.007118778,0,0.6,0.73,0.26,0.01,0.52,0.44,0.04,1,1,0.02,0.686,0.147,0.147,1,0.74,0.26,0.92,0.08,0.96,0.04,0.15,0.85,1,1,0,0.01,0.99,0.35,0.65
Fuzhou City (Jiangxi),Medium-small-cities,3,江西省,37.6025,32.33078066,2592.127129,132,14702.11882,85,705.7540507,104,0.088029665,4507.421064,159,25565.35106,102,1227.227877,125,0.190521345,8352.409639,415,47373.49398,267,2274.096386,326,3.050227877,4320.211882,159,24503.53137,102,1176.256751,125,0.240195228,5040.247196,658,28587.45326,423,1372.299543,517,1.702745226,10800.52971,850,61258.82842,546,2940.641878,668,0.000951604,0.003665361,0,0.6,0.704,0.286,0.01,0.476,0.484,0.04,1,1,0.02,0.686,0.147,0.147,1,0.74,0.26,0.92,0.08,0.96,0.04,0.15,0.85,1,1,0,0.01,0.99,0.35,0.65
Fuxin City,Medium-small-cities,3,辽宁省,28.8588,25.13077145,3020.240827,132,14510.06145,85,469.69772,104,0.135368754,5251.863216,159,25231.38464,102,816.7521464,125,0.252553646,9731.88711,415,46754.64246,267,1513.470431,326,2.090470711,5033.734712,159,24183.43575,102,782.8295333,125,0.149511758,5872.690497,658,28214.00838,423,913.3011222,517,1.100123681,12584.33678,850,60458.58939,546,1957.073833,668,0.006296595,0.004477083,0,0.6,0.73,0.26,0.01,0.52,0.44,0.04,1,1,0.02,0.686,0.147,0.147,1,0.74,0.26,0.92,0.08,0.96,0.04,0.15,0.85,1,1,0,0.01,0.99,0.35,0.65
Fuyang City,Medium-small-cities,3,安徽省,92.9875,79.64019419,2729.903537,132,15023.15113,85,246.9453376,104,0.2542442,4746.998928,159,26123.59057,102,429.4105038,125,0.584658726,8796.355841,415,48407.9314,267,795.7127546,326,7.921714007,4549.839228,159,25038.58521,102,411.5755627,125,0.326297212,5308.145766,658,29211.68274,423,480.1714898,517,4.260391668,11374.59807,850,62596.46302,546,1028.938907,668,0.001688357,0.002814546,0.006112912,0.6,0.76,0.23,0.01,0.61,0.35,0.04,1,1,0.02,0.686,0.147,0.147,1,0.74,0.26,0.92,0.08,0.96,0.04,0.15,0.85,1,1,0,0.01,0.99,0.35,0.65
Ganzhou City,Largecities,3,江西省,105.325,90.5588584,2365.408205,132,15023.30653,85,611.2852665,104,0.246572021,4113.182045,159,26123.8608,102,1062.957158,125,0.533652303,7621.870883,415,48408.43215,267,1969.69697,326,8.543720528,3942.347008,159,25038.84421,102,1018.808777,125,0.672789372,4599.404843,658,29211.98492,423,1188.61024,517,4.769407378,9855.867521,850,62597.11054,546,2547.021944,668,0.003818955,0.002695453,0.006696267,0.6,0.704,0.286,0.01,0.489541053,0.463458947,0.047,1,1,0.02,0.473443158,0.471524399,0.035032444,1,0.74,0.26,0.92,0.08,0.96,0.04,0.15,0.85,1,1,0,0.01,0.99,0.35,0.65
Guyuan City,Medium-small-cities,3,宁夏回族自治区,17.92,13.95251452,4664.43934,132,12835.66507,85,499.8955941,104,0.0423046,8110.941741,159,22319.79536,102,869.2628941,125,0.11319339,15029.8601,415,41359.36521,267,1610.774692,326,2.818401072,7774.065567,159,21392.77511,102,833.1593234,125,0.093756141,9069.743161,658,24958.23763,423,972.0192107,517,0.899830281,19435.16392,850,53481.93777,546,2082.898309,668,0.010617553,0.003583179,0.029220437,0.6,0.73,0.26,0.01,0.52,0.44,0.04,1,1,0.02,0.686,0.147,0.147,1,0.74,0.26,0.92,0.08,0.96,0.04,0.15,0.85,1,1,0,0.01,0.99,0.35,0.65
Guang'an City,Medium-small-cities,3,四川省,39.23,35.14484416,1339.144511,132,16194.1468,85,466.7086867,104,0.072061952,2328.62351,159,28159.82194,102,811.5545496,125,0.253697556,4315.021201,415,52181.1397,267,1503.839102,326,2.62187046,2231.907518,159,26990.24467,102,777.8478111,125,0.205656255,2603.892104,658,31488.61878,423,907.489113,517,0.931869621,5579.768794,850,67475.61168,546,1944.619528,668,0.000774689,0.00800116,0,0.6,0.73,0.26,0.01,0.52,0.44,0.04,1,1,0.02,0.686,0.147,0.147,1,0.74,0.26,0.92,0.08,0.96,0.04,0.15,0.85,1,1,0,0.01,0.99,0.35,0.65
Guangyuan City,Medium-small-cities,3,四川省,44.13,39.53459018,1991.652725,132,15555.32212,85,453.0251595,104,0.081062807,3463.262795,159,27048.97679,102,787.7604163,125,0.285385499,6417.54767,415,50122.70459,267,1459.747736,326,2.949353643,3319.421209,159,25925.53686,102,755.0419326,125,0.231343628,3872.658077,658,30246.45967,423,880.8822547,517,1.048264247,8298.553022,850,64813.84215,546,1887.604831,668,0.007069561,0.008878045,0.056515042,0.6,0.73,0.26,0.01,0.52,0.44,0.04,1,1,0.02,0.686,0.147,0.147,1,0.74,0.26,0.92,0.08,0.96,0.04,0.15,0.85,1,1,0,0.01,0.99,0.35,0.65
Guangzhou City,Megacities,3,广东省,277.3517,246.231788,6796.081923,132,9140.249332,85,2063.668744,104,0.61488563,11817.63134,159,15893.87801,102,3588.49065,125,2.094678479,21898.4862,415,29451.91451,267,6649.599288,326,22.00668493,11326.80321,159,15233.74889,102,3439.447907,125,1.331454682,13214.60374,658,17772.70703,423,4012.689225,517,5.072208311,28317.00801,850,38084.37222,546,8598.619768,668,0.003060411,0.007211679,0.189284112,0.6,0.54571791,0.21128209,0.243,0.445489474,0.217510526,0.337,1,1,0.02,0.130727869,0.562343538,0.286928594,1,0.74,0.26,0.92,0.08,0.96,0.04,0.15,0.85,1,0.9,0.1,0.01,0.99,0.35,0.65
Guigang City,Medium-small-cities,3,广西壮族自治区,42.7409,37.08328512,3267.132813,132,14009.19702,85,723.6701636,104,0.105160128,5681.180948,159,24360.43705,102,1258.382007,125,0.249834971,10527.42795,415,45140.74596,267,2331.826083,326,3.651924443,5445.221356,159,23348.6617,102,1206.116939,125,0.316117718,6352.758248,658,27240.10532,423,1407.136429,517,1.334577624,13613.05339,850,58371.65426,546,3015.292348,668,0.003840963,0.006036663,0,0.6,0.717,0.273,0.01,0.498,0.462,0.04,1,1,0.02,0.686,0.147,0.147,1,0.74,0.26,0.92,0.08,0.96,0.04,0.15,0.85,1,1,0,0.01,0.99,0.35,0.65
Guiyang City,Largecities,3,贵州省,134.1511,116.1506494,5579.193658,132,11674.79948,85,746.0068641,104,0.478694972,9701.59786,159,20301.17909,102,1297.223047,125,0.787693843,17977.40179,415,37618.79832,267,2403.799895,326,13.64660588,9298.656096,159,19457.99913,102,1243.344774,125,0.742103846,10848.43211,658,22700.99899,423,1450.568902,517,2.345352086,23246.64024,850,48644.99783,546,3108.361934,668,0.003595711,0.004428639,0.214683706,0.6,0.73,0.26,0.01,0.531673684,0.421326316,0.047,1,1,0.02,0.473443158,0.471524399,0.035032444,1,0.74,0.26,0.92,0.08,0.96,0.04,0.15,0.85,1,1,0,0.01,0.99,0.35,0.65
Guilin City,Medium-small-cities,3,广西壮族自治区,70.3696,61.05477284,3203.703704,132,13944.44444,85,851.8518519,104,0.173138051,5570.884774,159,24247.83951,102,1481.27572,125,0.411334037,10323.04527,415,44932.09877,267,2744.855967,326,6.012612329,5339.506173,159,23240.74074,102,1419.753086,125,0.520463476,6229.423868,658,27114.19753,423,1656.378601,517,2.19727927,13348.76543,850,58101.85185,546,3549.382716,668,0.011975072,0.005779579,0.018490112,0.6,0.704,0.286,0.01,0.476,0.484,0.04,1,1,0.02,0.686,0.147,0.147,1,0.74,0.26,0.92,0.08,0.96,0.04,0.15,0.85,1,1,0,0.01,0.99,0.35,0.65
Harbin City,Largecities,3,黑龙江省,195.2374,166.4745435,4371.074236,132,13016.03493,85,612.8908297,104,0.798968236,7600.812421,159,22633.43852,102,1065.749054,125,1.94035143,14084.57254,415,41940.55701,267,1974.870451,326,16.6147347,7285.123726,159,21693.39156,102,1021.484716,125,1.594131861,8499.311014,658,25308.95682,423,1191.732169,517,7.81467027,18212.80932,850,54233.47889,546,2553.71179,668,0.00113408,0.003239661,4.67E-02,0.6,0.73,0.26,0.01,0.531673684,0.421326316,0.047,1,1,0.02,0.473443158,0.471524399,0.035032444,1,0.74,0.26,0.92,0.08,0.96,0.04,0.15,0.85,1,1,0,0.01,0.99,0.35,0.65
Hami City,Medium-small-cities,3,新疆维吾尔族自治区,19.69,16.31063127,2619.429173,132,14791.83885,85,588.7319723,104,0.101039712,4554.896285,159,25721.36423,102,1023.739485,125,0.136995285,8440.382891,415,47662.59186,267,1897.025244,326,2.217867181,4365.715289,159,24653.06476,102,981.2199539,125,0.131078545,5093.334503,658,28761.90888,423,1144.756613,517,0.792388008,10914.28822,850,61632.66189,546,2453.049885,668,0.013740251,0.014687437,0.004484294,0.6,0.73,0.26,0.01,0.54,0.42,0.04,1,1,0.02,0.686,0.147,0.147,1,0.74,0.26,0.92,0.08,0.96,0.04,0.15,0.85,1,1,0,0.01,0.99,0.35,0.65
Haidong City,Medium-small-cities,3,青海省,21.2874,17.60100597,2650.554155,132,14875.06627,85,474.3795747,104,0.104094866,4609.019169,159,25866.08746,102,824.8933715,125,0.166910733,8540.674499,415,47930.76909,267,1528.556407,326,2.661598027,4417.590258,159,24791.77712,102,790.6326244,125,0.13281069,5153.855301,658,28923.73997,423,922.4047285,517,0.620979715,11043.97565,850,61979.44279,546,1976.581561,668,0.00324753,0.011932261,0,0.6,0.73,0.26,0.01,0.54,0.42,0.04,1,1,0.02,0.686,0.147,0.147,1,0.74,0.26,0.92,0.08,0.96,0.04,0.15,0.85,1,1,0,0.01,0.99,0.35,0.65
Haikou City,Medium-small-cities,3,海南省,82.071,70.53465009,6697.587168,132,10178.61088,85,1123.801957,104,0.342663859,11646.35991,159,17699.47336,102,1954.166736,125,1.00394499,21581.11421,415,32797.74615,267,3621.139638,326,8.410293657,11162.64528,159,16964.35146,102,1873.003261,125,0.679316071,13023.08616,658,19791.74337,423,2185.170472,517,1.100131336,27906.6132,850,42410.87865,546,4682.508153,668,0.001681923,0.002468895,0.067948435,0.6,0.73,0.26,0.01,0.52,0.44,0.04,1,1,0.02,0.686,0.147,0.147,1,0.74,0.26,0.92,0.08,0.96,0.04,0.15,0.85,1,0.9,0.1,0.01,0.99,0.35,0.65
Handan City,Largecities,3,河北省,153.9156,133.2832683,4985.983567,132,12498.79169,85,515.2247463,104,0.20637022,8670.071425,159,21734.00999,102,895.9185865,125,0.633181356,16065.94705,415,40273.88432,267,1660.168627,326,12.62235307,8309.972612,159,20831.31948,102,858.7079104,125,0.414616532,9694.968047,658,24303.20606,423,1001.825895,517,6.755810552,20774.93153,850,52078.2987,546,2146.769776,668,0.003554964,0.002358733,0.017307757,0.6,0.73,0.26,0.01,0.511610526,0.441389474,0.047,1,1,0.02,0.473443158,0.471524399,0.035032444,1,0.74,0.26,0.92,0.08,0.96,0.04,0.15,0.85,1,1,0,0.01,0.99,0.35,0.65
Hanzhong City,Medium-small-cities,3,陕西省,33.1003,29.68199661,1791.909726,132,15718.37047,85,489.7198049,104,0.084804296,3115.931912,159,27332.49976,102,851.5683274,125,0.210531595,5773.931338,415,50648.08262,267,1577.986038,326,2.175328799,2986.516209,159,26197.28412,102,816.1996749,125,0.081352958,3484.268911,658,30563.49814,423,952.232954,517,0.866285743,7466.290523,850,65493.21029,546,2040.499187,668,0.007267916,0.008575928,0.025905026,0.6,0.717,0.273,0.01,0.498,0.462,0.04,1,1,0.02,0.686,0.147,0.147,1,0.74,0.26,0.92,0.08,0.96,0.04,0.15,0.85,1,1,0,0.01,0.99,0.35,0.65
Hangzhou City,Extra-large-cities,3,浙江省,274.584,248.3524372,5552.618369,132,11389.2109,85,1058.170735,104,0.530667601,9655.386386,159,19804.57228,102,1840.041333,125,1.243752189,17891.7703,415,36698.56844,267,3409.661257,326,19.5235927,9254.363949,159,18982.01816,102,1763.617891,125,0.648409475,10796.75794,658,22145.68785,423,2057.554207,517,4.285140876,23135.90987,850,47455.0454,546,4409.044728,668,0.002852949,0.002190429,0.077774143,0.6,0.725235938,0.243764063,0.031,0.524730114,0.376269886,0.099,1,1,0.02,0.014,0.9358125,0.0301875,1,0.74,0.26,0.92,0.08,0.96,0.04,0.15,0.85,1,1,0,0.01,0.99,0.35,0.65
Hefei City,Extra-large-cities,3,安徽省,216.4758,185.4031429,3778.326417,132,13766.87503,85,454.7985502,104,0.591882957,6570.089825,159,23939.06603,102,790.8441456,125,1.361091173,12174.60734,415,44359.93066,267,1465.461995,326,18.44182688,6297.210695,159,22944.79172,102,757.9975837,125,0.759623067,7346.745811,658,26768.92367,423,884.3305143,517,9.918233038,15743.02674,850,57361.9793,546,1894.993959,668,0.003257427,0.002253136,0.039423488,0.6,0.7065625,0.2624375,0.031,0.470977273,0.430022727,0.099,1,1,0.02,0.014,0.9358125,0.0301875,1,0.74,0.26,0.92,0.08,0.96,0.04,0.15,0.85,1,1,0,0.01,0.99,0.35,0.65
Hechi City,Medium-small-cities,3,广西壮族自治区,32.5873,28.27371761,3381.579088,132,14059.22775,85,559.1931642,104,0.080178111,5880.190303,159,24447.43492,102,972.37478,125,0.190483755,10896.19928,415,45301.95608,267,1801.84464,326,2.784367138,5635.965146,159,23432.04625,102,931.9886071,125,0.241020262,6575.292671,658,27337.38729,423,1087.320042,517,1.017533122,14089.91287,850,58580.11562,546,2329.971518,668,0.016645121,0.009929466,0.000491033,0.6,0.717,0.273,0.01,0.498,0.462,0.04,1,1,0.02,0.686,0.147,0.147,1,0.74,0.26,0.92,0.08,0.96,0.04,0.15,0.85,1,1,0,0.01,0.99,0.35,0.65
Heyuan City,Medium-small-cities,3,广东省,41.7966,37.10686305,3120.795984,132,14163.40119,85,715.8028261,104,0.092662597,5426.717461,159,24628.58096,102,1244.701581,125,0.315665772,10055.89817,415,45637.62606,267,2306.475773,326,3.31638352,5201.32664,159,23605.66865,102,1193.00471,125,0.200648775,6068.214413,658,27539.94676,423,1391.838829,517,0.764376284,13003.3166,850,59014.17163,546,2982.511775,668,0.001002187,0.008190196,0,0.6,0.704,0.286,0.01,0.476,0.484,0.04,1,1,0.02,0.686,0.147,0.147,1,0.74,0.26,0.92,0.08,0.96,0.04,0.15,0.85,1,1,0,0.01,0.99,0.35,0.65
Heze City,Largecities,3,山东省,118.3422,104.0717311,2678.835737,132,14823.70994,85,497.4543267,104,0.204162048,4658.197698,159,25776.7845,102,865.0178015,125,0.67409115,8631.804042,415,47765.28757,267,1602.908386,326,8.672559402,4464.726228,159,24706.18323,102,829.0905445,125,0.406796698,5208.847267,658,28823.88043,423,967.2723019,517,4.312859616,11161.81557,850,61765.45807,546,2072.726361,668,0.000963649,0.007345585,0,0.6,0.82,0.17,0.01,0.782463158,0.170536842,0.047,1,1,0.02,0.473443158,0.471524399,0.035032444,1,0.74,0.26,0.92,0.08,0.96,0.04,0.15,0.85,1,1,0,0.01,0.99,0.35,0.65
Hezhou City,Medium-small-cities,3,广西壮族自治区,22.6107,19.61772061,3290.564464,132,14119.55149,85,589.8840431,104,0.055631587,5721.925985,159,24552.33121,102,1025.742808,125,0.132167165,10602.92994,415,45496.33259,267,1900.737472,326,1.931933301,5484.274107,159,23532.58582,102,983.1400719,125,0.167231923,6398.319792,658,27454.68346,423,1146.99675,517,0.706015416,13710.68527,850,58831.46455,546,2457.85018,668,0.007387035,0.006589101,0,0.6,0.704,0.286,0.01,0.476,0.484,0.04,1,1,0.02,0.686,0.147,0.147,1,0.74,0.26,0.92,0.08,0.96,0.04,0.15,0.85,1,1,0,0.01,0.99,0.35,0.65
Hebi City,Medium-small-cities,3,河南省,27.758,24.50000173,3134.8756,132,14562.6364,85,302.4879965,104,0.063112693,5451.200349,159,25322.80663,102,525.9930162,125,0.136945899,10101.26582,415,46924.05063,267,974.6835443,326,1.990729968,5224.792667,159,24271.06067,102,504.1466608,125,0.068472949,6095.591445,658,28316.23745,423,588.1711043,517,0.998736758,13061.98167,850,60677.65168,546,1260.366652,668,0.006244169,0.002507007,0,0.6,0.73,0.26,0.01,0.52,0.44,0.04,1,1,0.02,0.686,0.147,0.147,1,0.74,0.26,0.92,0.08,0.96,0.04,0.15,0.85,1,1,0,0.01,0.99,0.35,0.65
Hegang City,Medium-small-cities,3,黑龙江省,10,8.526775275,3452.564371,132,14029.01772,85,518.4179117,104,0.040922909,6003.625823,159,24394.90303,102,901.4711464,125,0.099384208,11124.92964,415,45204.61264,267,1670.457715,326,0.851001637,5754.273952,159,23381.6962,102,864.0298528,125,0.081650947,6713.31961,658,27278.64556,423,1008.034828,517,0.400265025,14385.68488,850,58454.24049,546,2160.074632,668,0.00259309,0.012719597,0,0.6,0.73,0.26,0.01,0.54,0.42,0.04,1,1,0.02,0.686,0.147,0.147,1,0.74,0.26,0.92,0.08,0.96,0.04,0.15,0.85,1,1,0,0.01,0.99,0.35,0.65
Heihe City,Medium-small-cities,3,黑龙江省,22.3434,19.05171507,2975.337243,132,14714.07026,85,310.5924971,104,0.091435693,5173.780872,159,25586.13329,102,540.0858421,125,0.222058111,9587.197782,415,47412.00417,267,1000.798046,326,1.901426997,4958.895405,159,24523.45043,102,517.6541618,125,0.182435977,5785.377972,658,28610.69217,423,603.9298554,517,0.894328155,12397.23851,850,61308.62608,546,1294.135405,668,0.002938208,0.011421155,0.00592381,0.6,0.73,0.26,0.01,0.52,0.44,0.04,1,1,0.02,0.686,0.147,0.147,1,0.74,0.26,0.92,0.08,0.96,0.04,0.15,0.85,1,1,0,0.01,0.99,0.35,0.65
Hengshui City,Medium-small-cities,3,河北省,83.8,72.56663965,3789.069621,132,13560.35305,85,650.577334,104,0.11235914,6588.771063,159,23579.94724,102,1131.281697,125,0.34473827,12209.22433,415,43694.47092,267,2096.304743,326,6.872293562,6315.116034,159,22600.58841,102,1084.295557,125,0.225739726,7367.635373,658,26367.35314,423,1265.011483,517,3.678229655,15787.79009,850,56501.47102,546,2710.738892,668,0.010270804,0.004639569,0,0.6,0.73,0.26,0.01,0.52,0.44,0.04,1,1,0.02,0.686,0.147,0.147,1,0.74,0.26,0.92,0.08,0.96,0.04,0.15,0.85,1,1,0,0.01,0.99,0.35,0.65
Hengyang City,Largecities,3,湖南省,62.6219,55.96609736,1311.072222,132,16122.78295,85,566.1448233,104,0.304112536,2279.80892,159,28035.72814,102,984.4629428,125,0.444972262,4224.56605,415,51951.18952,267,1824.244431,326,4.272022662,2185.120371,159,26871.30492,102,943.5747056,125,0.356122281,2549.307099,658,31349.85574,423,1100.837157,517,1.278572897,5462.800927,850,67178.26231,546,2358.936764,668,0.006183961,0.004956477,0.003073563,0.6,0.73,0.26,0.01,0.531673684,0.421326316,0.047,1,1,0.02,0.473443158,0.471524399,0.035032444,1,0.74,0.26,0.92,0.08,0.96,0.04,0.15,0.85,1,1,0,0.01,0.99,0.35,0.65
Honghe Hani and Yi Autonomous Prefecture,Medium-small-cities,3,云南省,55.38,47.08004466,1780.17837,132,15702.80116,85,517.0204748,104,0.155132348,3095.532387,159,27305.42645,102,899.041159,125,0.236820396,5736.130302,415,50597.91483,267,1665.954863,326,6.328200715,2966.963949,159,26171.33526,102,861.7007914,125,0.373216954,3461.457941,658,30533.22447,423,1005.31759,517,1.20658493,7417.409873,850,65428.33815,546,2154.251978,668,0.006301523,0.004951008,0,0.6,0.73,0.26,0.01,0.52,0.44,0.04,1,1,0.02,0.686,0.147,0.147,1,0.74,0.26,0.92,0.08,0.96,0.04,0.15,0.85,1,1,0,0.01,0.99,0.35,0.65
Hohhot City,Medium-small-cities,3,内蒙古自治区,120.3595,105.5248529,4793.845789,132,12343.86647,85,862.2877426,104,0.253816785,8335.965177,159,21464.61225,102,1499.422575,125,0.637688452,15446.83643,415,39774.68084,267,2778.482726,326,9.313607655,7989.742981,159,20573.11078,102,1437.146238,125,0.308355929,9321.366811,658,24001.96258,423,1676.670611,517,4.321178326,19974.35745,850,51432.77695,546,3592.865594,668,0.006400557,0.00234795,0.038894776,0.6,0.73,0.26,0.01,0.52,0.44,0.04,1,1,0.02,0.686,0.147,0.147,1,0.74,0.26,0.92,0.08,0.96,0.04,0.15,0.85,1,1,0,0.01,0.99,0.35,0.65
Hulunbuir City,Medium-small-cities,3,内蒙古自治区,43.5885,38.21609469,4544.471029,132,13139.70665,85,315.8223239,104,0.091920396,7902.330178,159,22848.48989,102,549.17993,125,0.2309405,14643.29554,415,42339.05475,267,1017.64971,326,3.372946774,7574.118381,159,21899.51108,102,526.3705399,125,0.111671886,8836.471445,658,25549.42959,423,614.0989632,517,1.564925756,18935.29595,850,54748.7777,546,1315.92635,668,0.007530629,0.006918376,0.087218424,0.6,0.73,0.26,0.01,0.52,0.44,0.04,1,1,0.02,0.686,0.147,0.147,1,0.74,0.26,0.92,0.08,0.96,0.04,0.15,0.85,1,1,0,0.01,0.99,0.35,0.65
Huludao City,Medium-small-cities,3,辽宁省,42,36.57436903,3295.903749,132,14223.49695,85,480.5993033,104,0.197010537,5731.210409,159,24733.0808,102,835.7087885,125,0.367556971,10620.1343,415,45831.26794,267,1548.597755,326,3.042391571,5493.172916,159,23705.82825,102,800.9988388,125,0.217593727,6408.701735,658,27656.79962,423,934.4986453,517,1.601078167,13732.93229,850,59264.57061,546,2002.497097,668,0.001715655,0.002596769,0.00E+00,0.6,0.73,0.26,0.01,0.52,0.44,0.04,1,1,0.02,0.686,0.147,0.147,1,0.74,0.26,0.92,0.08,0.96,0.04,0.15,0.85,1,0.9,0.1,0.01,0.99,0.35,0.65
Huzhou City,Largecities,3,浙江省,88.6936,80.22052166,4216.88193,132,12962.73795,85,820.3801218,104,0.171411371,7332.689134,159,22540.76099,102,1426.549878,125,0.401745401,13587.73066,415,41768.82228,267,2643.447059,326,6.306331474,7028.13655,159,21604.56325,102,1367.300203,125,0.209443269,8199.492642,658,25205.32379,423,1595.18357,517,1.384146821,17570.34138,850,54011.40812,546,3418.250507,668,0.003539343,0.00194547,0,0.6,0.717,0.273,0.01,0.510607368,0.442392632,0.047,1,1,0.02,0.473443158,0.471524399,0.035032444,1,0.74,0.26,0.92,0.08,0.96,0.04,0.15,0.85,1,1,0,0.01,0.99,0.35,0.65
Huaihua City,Medium-small-cities,3,湖南省,41.2396,36.85642672,1877.990201,132,15502.06552,85,619.944279,104,0.200273057,3265.616294,159,26956.36949,102,1078.014218,125,0.293036112,6051.301758,415,49951.10001,267,1997.598232,326,2.81333696,3129.983668,159,25836.77587,102,1033.240465,125,0.234524031,3651.647613,658,30142.90518,423,1205.447209,517,0.842003115,7824.95917,850,64591.93967,546,2583.101162,668,0.008633251,0.005875662,0.010783842,0.6,0.73,0.26,0.01,0.52,0.44,0.04,1,1,0.02,0.686,0.147,0.147,1,0.74,0.26,0.92,0.08,0.96,0.04,0.15,0.85,1,1,0,0.01,0.99,0.35,0.65
Huai'an City,Largecities,3,江苏省,63.21,58.51251803,4195.68024,132,13221.40275,85,582.9170061,104,0.13114039,7295.82175,159,22990.55034,102,1013.627905,125,0.382465138,13519.41411,415,42602.29776,267,1878.288131,326,2.14505838,6992.8004,159,22035.67126,102,971.5283436,125,0.371177104,8158.267133,658,25708.28313,423,1133.449734,517,1.66764096,17482.001,850,55089.17814,546,2428.820859,668,0.00086803,0.002691185,0.006738841,0.6,0.73,0.26,0.01,0.511610526,0.441389474,0.047,1,1,0.02,0.473443158,0.471524399,0.035032444,1,0.74,0.26,0.92,0.08,0.96,0.04,0.15,0.85,1,1,0,0.01,0.99,0.35,0.65
Huaibei City,Medium-small-cities,3,安徽省,30.9678,26.52272193,4642.256084,132,12993.40459,85,364.3393223,104,0.084671418,8072.367523,159,22594.08688,102,633.5455993,125,0.194709983,14958.38071,415,41867.63703,267,1173.982261,326,2.638183143,7737.093473,159,21655.67432,102,607.2322038,125,0.108667367,9026.609052,658,25264.95338,423,708.4375711,517,1.418846158,19342.73368,850,54139.18581,546,1518.080509,668,0.017426019,0.004621292,0,0.6,0.73,0.26,0.01,0.52,0.44,0.04,1,1,0.02,0.686,0.147,0.147,1,0.74,0.26,0.92,0.08,0.96,0.04,0.15,0.85,1,1,0,0.01,0.99,0.35,0.65
Huainan City,Medium-small-cities,3,安徽省,36.8604,31.56950573,3246.861925,132,14353.55649,85,399.58159,104,0.100782825,5645.932125,159,24959.23989,102,694.827987,125,0.231759694,10462.11065,415,46250.34868,267,1287.540679,326,3.140180637,5411.436541,159,23922.59414,102,665.9693166,125,0.129344759,6313.342631,658,27909.69317,423,776.9642027,517,1.688826359,13528.59135,850,59806.48536,546,1664.923291,668,0.00196494,0.003784199,0,0.6,0.73,0.26,0.01,0.52,0.44,0.04,1,1,0.02,0.686,0.147,0.147,1,0.74,0.26,0.92,0.08,0.96,0.04,0.15,0.85,1,1,0,0.01,0.99,0.35,0.65
Huanggang City,Medium-small-cities,3,湖北省,48.5984,42.78303697,2480.51108,132,15076.93336,85,442.5555565,104,0.157294752,4313.333156,159,26217.1119,102,769.5549399,125,0.349796273,7992.757925,415,48581.22973,267,1426.012349,326,3.621186413,4134.185134,159,25128.22227,102,737.5925942,125,0.329921484,4823.215989,658,29316.25932,423,860.5246932,517,1.35716411,10335.46283,850,62820.55568,546,1843.981485,668,0.001658673,0.00584108,0,0.6,0.73,0.26,0.01,0.52,0.44,0.04,1,1,0.02,0.686,0.147,0.147,1,0.74,0.26,0.92,0.08,0.96,0.04,0.15,0.85,1,1,0,0.01,0.99,0.35,0.65
Huangshan City,Medium-small-cities,3,安徽省,21.0622,18.03895898,3823.96088,132,13315.40342,85,860.6356968,104,0.057587764,6649.443086,159,23154.00706,102,1496.549851,125,0.132428542,12321.65173,415,42905.18881,267,2773.159468,326,1.79431348,6373.268134,159,22192.33904,102,1434.392828,125,0.073908183,7435.479489,658,25891.06221,423,1673.458299,517,0.965003053,15933.17033,850,55480.8476,546,3585.98207,668,0.049970557,0.003788211,0.020310486,0.6,0.717,0.273,0.01,0.498,0.462,0.04,1,1,0.02,0.686,0.147,0.147,1,0.74,0.26,0.92,0.08,0.96,0.04,0.15,0.85,1,1,0,0.01,0.99,0.35,0.65
Huangshi City,Medium-small-cities,3,湖北省,24.8889,21.91065403,2719.27783,132,14870.54201,85,410.1801631,104,0.080556013,4728.522005,159,25858.22027,102,713.257728,125,0.179142615,8762.117454,415,47916.19091,267,1321.691637,326,1.854533205,4532.129717,159,24784.23668,102,683.6336052,125,0.168964057,5287.48467,658,28914.94279,423,797.5725394,517,0.69505008,11330.32429,850,61960.59169,546,1709.084013,668,0.009648363,0.004192316,0,0.6,0.73,0.26,0.01,0.52,0.44,0.04,1,1,0.02,0.686,0.147,0.147,1,0.74,0.26,0.92,0.08,0.96,0.04,0.15,0.85,1,1,0,0.01,0.99,0.35,0.65
Huizhou City,Largecities,3,广东省,130.4393,115.8035161,4763.720712,132,12546.9638,85,689.3154886,104,0.289182475,8283.581016,159,21817.77594,102,1198.643044,125,0.985133297,15349.76674,415,40429.10558,267,2221.127686,326,10.34980704,7939.53452,159,20911.60633,102,1148.859148,125,0.626186956,9262.790273,658,24396.87405,423,1340.335672,517,2.385474116,19848.8363,850,52279.01583,546,2872.147869,668,0.008663994,0.005481632,0.006214866,0.6,0.704,0.286,0.01,0.489541053,0.463458947,0.047,1,1,0.02,0.473443158,0.471524399,0.035032444,1,0.74,0.26,0.92,0.08,0.96,0.04,0.15,0.85,1,0.9,0.1,0.01,0.99,0.35,0.65
Jixi City,Medium-small-cities,3,黑龙江省,21.9,18.67363785,3365.897903,132,14114.00667,85,520.0954314,104,0.089621171,5852.922465,159,24542.68937,102,904.3881668,125,0.217651415,10845.67102,415,45478.46592,267,1675.863057,326,1.863693585,5609.829838,159,23523.34444,102,866.8257189,125,0.178815574,6544.801478,658,27443.90185,423,1011.296672,517,0.876580404,14024.5746,850,58808.36111,546,2167.064297,668,0.006873377,0.011584271,2.43E-03,0.6,0.73,0.26,0.01,0.52,0.44,0.04,1,1,0.02,0.686,0.147,0.147,1,0.74,0.26,0.92,0.08,0.96,0.04,0.15,0.85,1,1,0,0.01,0.99,0.35,0.65
Ji'an City (Jiangxi),Medium-small-cities,3,江西省,49.7006,42.73277567,2441.279711,132,15096.58008,85,462.1402066,104,0.116352028,4245.114164,159,26251.27537,102,803.6104704,125,0.251819033,7866.345736,415,48644.53582,267,1489.118443,326,4.031597783,4068.799519,159,25160.9668,102,770.2336777,125,0.31747482,4746.932772,658,29354.46127,423,898.6059573,517,2.250580663,10171.9988,850,62902.41701,546,1925.584194,668,0.001691265,0.006345342,0.003381652,0.6,0.704,0.286,0.01,0.476,0.484,0.04,1,1,0.02,0.686,0.147,0.147,1,0.74,0.26,0.92,0.08,0.96,0.04,0.15,0.85,1,1,0,0.01,0.99,0.35,0.65
Jilin City,Medium-small-cities,3,吉林省,61.3329,54.24783135,3291.342708,132,14083.94013,85,624.7171594,104,0.183034355,5723.279264,159,24490.40701,102,1086.313727,125,0.493100016,10605.43761,415,45381.58487,267,2012.977514,326,4.073197359,5485.57118,159,23473.23355,102,1041.195266,125,0.249964828,6399.833043,658,27385.43915,423,1214.72781,517,2.085772088,13713.92795,850,58683.08389,546,2602.988164,668,0.002871205,0.003166873,0,0.6,0.73,0.26,0.01,0.52,0.44,0.04,1,1,0.02,0.686,0.147,0.147,1,0.74,0.26,0.92,0.08,0.96,0.04,0.15,0.85,1,1,0,0.01,0.99,0.35,0.65
Jinan City,Extra-large-cities,3,山东省,257.8872,226.7894912,5430.667142,132,11725.39229,85,843.9405715,104,0.444902823,9443.326753,159,20389.15436,102,1467.518883,125,1.468955953,17498.81635,415,37781.81959,267,2719.364064,326,18.89893936,9051.111904,159,19542.32048,102,1406.567619,125,0.886477195,10559.63055,658,22799.37389,423,1640.995556,517,9.398433444,22627.77976,850,48855.80119,546,3516.419048,668,0.005692491,0.003294343,0.052032672,0.6,0.7065625,0.2624375,0.031,0.470977273,0.430022727,0.099,1,1,0.02,0.014,0.9358125,0.0301875,1,0.74,0.26,0.92,0.08,0.96,0.04,0.15,0.85,1,1,0,0.01,0.99,0.35,0.65
Jining City,Largecities,3,山东省,155.2222,136.5045018,2910.365667,132,14516.9129,85,572.72143,104,0.267786827,5060.802521,159,25243.29855,102,995.898931,125,0.884163986,9377.844928,415,46776.71935,267,1845.435719,326,11.37526385,4850.609445,159,24194.85484,102,954.5357166,125,0.533570261,5659.044353,658,28227.33064,423,1113.625003,517,5.656913238,12126.52361,850,60487.13709,546,2386.339292,668,0.001295262,0.007598566,0.00261978,0.6,0.73,0.26,0.01,0.531673684,0.421326316,0.047,1,1,0.02,0.473443158,0.471524399,0.035032444,1,0.74,0.26,0.92,0.08,0.96,0.04,0.15,0.85,1,1,0,0.01,0.99,0.35,0.65
Jiamusi City,Medium-small-cities,3,黑龙江省,29.8106,25.4188287,3298.768732,132,14240.36823,85,460.8630355,104,0.121993647,5736.192296,159,24762.41809,102,801.3896118,125,0.296270286,10629.36592,415,45885.63097,267,1485.003114,326,2.53688694,5497.947887,159,23733.94705,102,768.1050592,125,0.243406372,6414.272535,658,27689.6049,423,896.1225691,517,1.193214054,13744.86972,850,59334.86763,546,1920.262648,668,0.001801174,0.008098577,0.002383901,0.6,0.73,0.26,0.01,0.52,0.44,0.04,1,1,0.02,0.686,0.147,0.147,1,0.74,0.26,0.92,0.08,0.96,0.04,0.15,0.85,1,1,0,0.01,0.99,0.35,0.65
Jiaxing City,Largecities,3,浙江省,147.8138,133.6928498,6936.776062,132,10153.23359,85,909.9903475,104,0.285668483,12062.28282,159,17655.34508,102,1582.372104,125,0.669535506,22351.83398,415,32715.9749,267,2932.19112,326,10.50992202,11561.29344,159,16922.05598,102,1516.650579,125,0.349051177,13488.17568,658,19742.39865,423,1769.425676,517,2.306772996,28903.23359,850,42305.13996,546,3791.626448,668,0.002191338,0.001970527,0,0.6,0.717,0.273,0.01,0.510607368,0.442392632,0.047,1,1,0.02,0.473443158,0.471524399,0.035032444,1,0.74,0.26,0.92,0.08,0.96,0.04,0.15,0.85,1,0.9,0.1,0.01,0.99,0.35,0.65
Jiayuguan City,Medium-small-cities,3,甘肃省,7.31,5.966725887,4412.39369,132,8416.945573,85,5170.660737,104,0.023145119,7672.66236,159,14636.13314,102,8991.204504,125,0.051219291,14217.713,415,27121.26907,267,16661.01793,326,0.982381706,7353.989483,159,14028.24262,102,8617.767895,125,0.055505424,8579.654396,658,16366.28306,423,10054.06254,517,0.231022574,18384.97371,850,35070.60656,546,21544.41974,668,0.000948268,0.003577344,0.004688884,0.6,0.73,0.26,0.01,0.52,0.44,0.04,1,1,0.02,0.686,0.147,0.147,1,0.74,0.26,0.92,0.08,0.96,0.04,0.15,0.85,1,1,0,0.01,0.99,0.35,0.65
Jiangmen City,Largecities,3,广东省,88.0028,78.12855227,6377.693905,132,10699.54708,85,922.7590111,104,0.195101228,11090.10107,159,18605.32354,102,1604.575392,125,0.664634726,20550.34703,415,34476.31838,267,2973.334591,326,6.982650159,10629.48984,159,17832.57847,102,1537.931685,125,0.422466277,12401.07148,658,20804.67489,423,1794.253633,517,1.60939534,26573.7246,850,44581.44618,546,3844.829213,668,0.002434696,0.008189111,0,0.6,0.704,0.286,0.01,0.489541053,0.463458947,0.047,1,1,0.02,0.473443158,0.471524399,0.035032444,1,0.74,0.26,0.92,0.08,0.96,0.04,0.15,0.85,1,0.9,0.1,0.01,0.99,0.35,0.65
Jiaozuo City,Medium-small-cities,3,河南省,59.0428,52.11285764,6199.087209,132,11268.03997,85,532.872826,104,0.134244187,10779.52387,159,19593.8695,102,926.6066362,125,0.291291495,19974.83656,415,36308.12878,267,1717.034661,326,4.234392657,10331.81201,159,18780.06661,102,888.1213766,125,0.145645748,12053.78068,658,21910.07771,423,1036.141606,517,2.124368278,25829.53004,850,46950.16652,546,2220.303441,668,0.000961967,0.001407292,0,0.6,0.73,0.26,0.01,0.52,0.44,0.04,1,1,0.02,0.686,0.147,0.147,1,0.74,0.26,0.92,0.08,0.96,0.04,0.15,0.85,1,1,0,0.01,0.99,0.35,0.65
Jieyang City,Medium-small-cities,3,广东省,59.0227,52.40012934,4041.793569,132,13304.53395,85,653.6724777,104,0.130852669,7028.229928,159,23135.10626,102,1136.663808,125,0.445764636,13023.55705,415,42870.16496,267,2106.277984,326,4.683201734,6736.322615,159,22174.22326,102,1089.45413,125,0.283344397,7859.04305,658,25869.92713,423,1271.029818,517,1.079407227,16840.80654,850,55435.55814,546,2723.635324,668,0.006065705,0.002225975,0.015509064,0.6,0.704,0.286,0.01,0.476,0.484,0.04,1,1,0.02,0.686,0.147,0.147,1,0.74,0.26,0.92,0.08,0.96,0.04,0.15,0.85,1,0.9,0.1,0.01,0.99,0.35,0.65
Jinchang City,Medium-small-cities,3,甘肃省,8.51,6.946215773,4154.724307,132,13297.7645,85,547.5111884,104,0.026944591,7224.603935,159,23123.33494,102,952.0611221,125,0.059627382,13387.44499,415,42848.35229,267,1764.202718,326,1.143648197,6924.540512,159,22162.94084,102,912.5186474,125,0.064617121,8078.630598,658,25856.76431,423,1064.605089,517,0.268946936,17311.35128,850,55407.3521,546,2281.296618,668,0.002885883,0.005242453,0.005072337,0.6,0.73,0.26,0.01,0.52,0.44,0.04,1,1,0.02,0.686,0.147,0.147,1,0.74,0.26,0.92,0.08,0.96,0.04,0.15,0.85,1,1,0,0.01,0.99,0.35,0.65
Jinhua City,Largecities,3,浙江省,207.2702,187.4692601,4169.568744,132,13236.1739,85,594.257351,104,0.400575342,7250.41676,159,23016.23573,102,1033.347505,125,0.938848458,13435.27706,415,42649.89369,267,1914.829242,326,14.7374172,6949.28124,159,22060.28984,102,990.4289184,125,0.489452996,8107.49478,658,25737.00482,423,1155.500405,517,3.234645888,17373.2031,850,55150.7246,546,2476.072296,668,0.002439752,0.001730953,0.002443031,0.6,0.704,0.286,0.01,0.489541053,0.463458947,0.047,1,1,0.02,0.473443158,0.471524399,0.035032444,1,0.74,0.26,0.92,0.08,0.96,0.04,0.15,0.85,1,1,0,0.01,0.99,0.35,0.65
Jinzhou City,Medium-small-cities,3,辽宁省,47.2959,41.18613572,3043.564768,132,14456.11504,85,500.3201934,104,0.221852158,5292.420958,159,25137.57782,102,870.0012252,125,0.41390328,9807.042031,415,46580.81512,267,1612.142845,326,3.426015416,5072.607947,159,24093.52506,102,833.866989,125,0.245030742,5918.042605,658,28109.11257,423,972.8448205,517,1.802962688,12681.51987,850,60233.81266,546,2084.667472,668,0.003269044,0.003677875,0.000794996,0.6,0.73,0.26,0.01,0.52,0.44,0.04,1,1,0.02,0.686,0.147,0.147,1,0.74,0.26,0.92,0.08,0.96,0.04,0.15,0.85,1,0.9,0.1,0.01,0.99,0.35,0.65
Jincheng City,Medium-small-cities,3,山西省,46.7224,41.35913541,4574.595939,132,12625.36262,85,800.0414422,104,0.080551309,7954.714049,159,21954.10278,102,1391.183174,125,0.238352643,14740.36469,415,40681.724,267,2577.911314,326,2.924276604,7624.326564,159,21042.27103,102,1333.402404,125,0.083852592,8895.047659,658,24549.3162,423,1555.636138,517,2.03623144,19060.81641,850,52605.67758,546,3333.506009,668,0.001526767,0.002486414,0,0.6,0.73,0.26,0.01,0.54,0.42,0.04,1,1,0.02,0.686,0.147,0.147,1,0.74,0.26,0.92,0.08,0.96,0.04,0.15,0.85,1,1,0,0.01,0.99,0.35,0.65
Jinzhong City,Medium-small-cities,3,山西省,67.4302,59.68988692,4861.689563,132,12438.988,85,699.3224343,104,0.116252394,8453.937962,159,21630.01803,102,1216.044011,125,0.343992739,15665.44415,415,40081.18356,267,2253.372288,326,4.220343053,8102.815938,159,20731.64667,102,1165.53739,125,0.121016836,9453.285261,658,24186.92112,423,1359.793622,517,2.938708055,20257.03985,850,51829.11668,546,2913.843476,668,0.003997621,0.002835061,0,0.6,0.73,0.26,0.01,0.52,0.44,0.04,1,1,0.02,0.686,0.147,0.147,1,0.74,0.26,0.92,0.08,0.96,0.04,0.15,0.85,1,1,0,0.01,0.99,0.35,0.65
Jingmen City,Medium-small-cities,3,湖北省,37.6966,33.18576396,3526.501845,132,14473.49815,85,0,104,0.122009724,6132.194875,159,25167.80512,102,0,125,0.271328483,11363.17261,415,46636.82739,267,0,326,2.808866459,5877.503075,159,24122.49692,102,0,125,0.255912092,6857.086921,658,28142.91308,423,0,517,1.052719278,14693.75769,850,60306.24231,546,0,668,0.00313449,0.004519692,0,0.6,0.73,0.26,0.01,0.52,0.44,0.04,1,1,0.02,0.686,0.147,0.147,1,0.74,0.26,0.92,0.08,0.96,0.04,0.15,0.85,1,1,0,0.01,0.99,0.35,0.65
Jingzhou City,Medium-small-cities,3,湖北省,53.6687,47.24661668,2549.650178,132,15450.34982,85,0,104,0.173705408,4433.558365,159,26866.44163,102,0,125,0.386290726,8215.539462,415,49784.46054,267,0,326,3.998986947,4249.416963,159,25750.58304,102,0,125,0.364342389,4957.653124,658,30042.34688,423,0,517,1.498757849,10623.54241,850,64376.45759,546,0,668,0.004758599,0.004297366,0,0.6,0.73,0.26,0.01,0.52,0.44,0.04,1,1,0.02,0.686,0.147,0.147,1,0.74,0.26,0.92,0.08,0.96,0.04,0.15,0.85,1,1,0,0.01,0.99,0.35,0.65
Jingdezhen City,Medium-small-cities,3,江西省,23.4326,20.14744368,3703.444465,132,13636.76552,85,659.7900166,104,0.054857095,6439.878431,159,23712.82004,102,1147.301529,125,0.118726427,11933.32105,415,43940.68889,267,2125.990053,326,1.900798345,6172.407442,159,22727.94253,102,1099.650028,125,0.149681502,7201.142015,658,26515.93295,423,1282.925032,517,1.061092953,15431.0186,850,56819.85633,546,2749.125069,668,0.013670783,0.005179679,0.021851559,0.6,0.717,0.273,0.01,0.498,0.462,0.04,1,1,0.02,0.686,0.147,0.147,1,0.74,0.26,0.92,0.08,0.96,0.04,0.15,0.85,1,1,0,0.01,0.99,0.35,0.65
Jiujiang City,Largecities,3,江西省,61.3696,52.76582878,2421.947896,132,15066.01709,85,512.0350109,104,0.143669844,4211.498287,159,26198.12972,102,890.3719912,125,0.310942591,7804.054333,415,48546.05508,267,1649.890591,326,4.978160088,4036.579827,159,25110.02849,102,853.3916849,125,0.392013431,4709.343132,658,29295.03324,423,995.6236324,517,2.778985265,10091.44957,850,62775.07122,546,2133.479212,668,0.016308055,0.003837253,0,0.6,0.73,0.26,0.01,0.531673684,0.421326316,0.047,1,1,0.02,0.473443158,0.471524399,0.035032444,1,0.74,0.26,0.92,0.08,0.96,0.04,0.15,0.85,1,1,0,0.01,0.99,0.35,0.65
Jiuquan City,Medium-small-cities,3,甘肃省,20.48,16.71662738,3171.549697,132,14186.68708,85,641.7632236,104,0.064844327,5514.972529,159,24669.07253,102,1115.954939,125,0.143498094,10219.43791,415,45712.65837,267,2067.903721,326,2.752281442,5285.916162,159,23644.47847,102,1069.605373,125,0.155506303,6166.902189,658,27585.22488,423,1247.872935,517,0.647242451,13214.79041,850,59111.19616,546,2674.013432,668,0.00315233,0.004456519,0.013504138,0.6,0.73,0.26,0.01,0.52,0.44,0.04,1,1,0.02,0.686,0.147,0.147,1,0.74,0.26,0.92,0.08,0.96,0.04,0.15,0.85,1,1,0,0.01,0.99,0.35,0.65
Kashgar Prefecture,Medium-small-cities,3,新疆维吾尔族自治区,60.22,49.88452083,3146.228791,132,14244.00668,85,609.7645331,104,0.309020387,5470.942287,159,24768.74494,102,1060.312771,125,0.418987102,10137.84833,415,45897.35484,267,1964.796829,326,6.783136702,5243.714652,159,23740.01113,102,1016.274222,125,0.400891313,6117.667094,658,27696.67965,423,1185.653259,517,2.423443669,13109.28663,850,59350.02782,546,2540.685554,668,0.029676997,0.028527322,0.096299441,0.6,0.73,0.26,0.01,0.52,0.44,0.04,1,1,0.02,0.686,0.147,0.147,1,0.74,0.26,0.92,0.08,0.96,0.04,0.15,0.85,1,1,0,0.01,0.99,0.35,0.65
Kaifeng City,Medium-small-cities,3,河南省,64.4348,56.87199047,3005.046257,132,14122.582,85,872.371741,104,0.146503847,5225.441548,159,24557.60093,102,1516.957527,125,0.317893278,9682.926829,415,45506.09756,267,2810.97561,326,4.621092563,5008.410429,159,23537.63667,102,1453.952902,125,0.158946639,5843.1455,658,27460.57611,423,1696.278385,517,2.318373199,12521.02607,850,58844.09167,546,3634.882254,668,0.001559034,0.002498293,0,0.6,0.73,0.26,0.01,0.52,0.44,0.04,1,1,0.02,0.686,0.147,0.147,1,0.74,0.26,0.92,0.08,0.96,0.04,0.15,0.85,1,1,0,0.01,0.99,0.35,0.65
Karamay City,Medium-small-cities,3,新疆维吾尔族自治区,15.3,12.67408118,4461.973133,132,10435.33163,85,3102.695238,104,0.07851232,7758.875503,159,18145.88222,102,5395.242274,125,0.106451389,14377.46898,415,33624.95747,267,9997.573543,326,1.723380796,7436.621888,159,17392.21938,102,5171.158729,125,0.101853821,8676.05887,658,20290.92261,423,6033.018518,517,0.615720494,18591.55472,850,43480.54846,546,12927.89682,668,0.052915001,0.011059269,0.078028741,0.6,0.73,0.26,0.01,0.52,0.44,0.04,1,1,0.02,0.686,0.147,0.147,1,0.74,0.26,0.92,0.08,0.96,0.04,0.15,0.85,1,1,0,0.01,0.99,0.35,0.65
Kizilsu Kirgiz Autonomous Prefecture,Medium-small-cities,3,新疆维吾尔族自治区,13.7546,11.39391614,2480.236313,132,15320.58141,85,199.1822798,104,0.070582063,4312.855366,159,26640.78878,102,346.3558531,125,0.095699103,7991.872563,415,49366.31787,267,641.8095681,326,1.549308072,4133.727188,159,25534.30235,102,331.9704663,125,0.091565919,4822.681719,658,29790.0194,423,387.2988773,517,0.5535287,10334.31797,850,63835.75586,546,829.9261657,668,0.004323342,0.029955043,0,0.6,0.73,0.26,0.01,0.52,0.44,0.04,1,1,0.02,0.686,0.147,0.147,1,0.74,0.26,0.92,0.08,0.96,0.04,0.15,0.85,1,1,0,0.01,0.99,0.35,0.65
Kunming City,Largecities,3,云南省,250.39,212.8633511,1634.997791,132,15438.79806,85,926.2041538,104,0.701401023,2843.079491,159,26846.3544,102,1610.566112,125,1.070737794,5268.326214,415,49747.23818,267,2984.435607,326,28.61174028,2724.996318,159,25731.33009,102,1543.67359,125,1.687428548,3179.162371,658,30019.88511,423,1800.952521,517,5.45534129,6812.490794,850,64328.32523,546,3859.183974,668,0.005259418,0.002849086,0.552177035,0.6,0.73,0.26,0.01,0.511610526,0.441389474,0.047,1,1,0.02,0.473443158,0.471524399,0.035032444,1,0.74,0.26,0.92,0.08,0.96,0.04,0.15,0.85,1,1,0,0.01,0.99,0.35,0.65
Lhasa City,Medium-small-cities,3,西藏自治区,25.7008,16.79347921,2851.73181,132,14593.22006,85,555.0481277,104,0.134607766,4958.844758,159,25375.98822,102,965.167022,125,0.199590825,9188.913609,415,47022.59798,267,1788.488411,326,5.769567347,4752.88635,159,24322.03344,102,925.0802128,125,0.863346361,5545.034075,658,28375.70568,423,1079.260248,517,1.940208488,11882.21587,850,60805.08359,546,2312.700532,668,0.019133372,0.007814143,0.082407058,0.6,0.73,0.26,0.01,0.52,0.44,0.04,1,1,0.02,0.686,0.147,0.147,1,0.74,0.26,0.92,0.08,0.96,0.04,0.15,0.85,1,1,0,0.01,0.99,0.35,0.65
Laibin City,Medium-small-cities,3,广西壮族自治区,23.2455,20.1684921,3439.94746,132,14017.76891,85,542.2836289,104,0.057193455,5981.686417,159,24375.34261,102,942.970977,125,0.135877785,11084.27515,415,45168.36649,267,1747.35836,326,1.986172721,5733.245767,159,23362.94818,102,903.8060482,125,0.171926993,6688.786728,658,27256.77288,423,1054.44039,517,0.725836942,14333.11442,850,58407.37046,546,2259.515121,668,0.006123296,0.00597973,0,0.6,0.717,0.273,0.01,0.498,0.462,0.04,1,1,0.02,0.686,0.147,0.147,1,0.74,0.26,0.92,0.08,0.96,0.04,0.15,0.85,1,1,0,0.01,0.99,0.35,0.65
Lanzhou City,Medium-small-cities,3,甘肃省,92.49,75.49418294,5046.794813,132,12046.05301,85,907.1521787,104,0.292844327,8775.815425,159,20946.74773,102,1577.436844,125,0.64805365,16261.8944,415,38815.05969,267,2923.045909,326,12.42961478,8411.324689,159,20076.75501,102,1511.920298,125,0.702284081,9813.212137,658,23422.88085,423,1763.907014,517,2.923020229,21028.31172,850,50191.88753,546,3779.800745,668,0.003696106,0.003574427,0.030602494,0.6,0.76,0.23,0.01,0.61,0.35,0.04,1,1,0.02,0.686,0.147,0.147,1,0.74,0.26,0.92,0.08,0.96,0.04,0.15,0.85,1,1,0,0.01,0.99,0.35,0.65
Langfang City,Largecities,3,河北省,85.5844,74.11184146,4541.953472,132,12843.25172,85,614.794807,104,0.114751665,7897.952427,159,22332.98771,102,1069.059859,125,0.352078973,14635.18341,415,41383.8111,267,1981.005489,326,7.018629131,7569.922454,159,21405.41953,102,1024.658012,125,0.230546528,8831.576196,658,24972.98946,423,1195.434347,517,3.756552244,18924.80613,850,53513.54884,546,2561.645029,668,0.004490645,0.002877982,0,0.6,0.73,0.26,0.01,0.511610526,0.441389474,0.047,1,1,0.02,0.473443158,0.471524399,0.035032444,1,0.74,0.26,0.92,0.08,0.96,0.04,0.15,0.85,1,1,0,0.01,0.99,0.35,0.65
Leshan City,Medium-small-cities,3,四川省,60.09,53.83262007,2749.15203,132,14712.88341,85,537.9645558,104,0.11037988,4780.469919,159,25584.06949,102,935.4605887,125,0.388597658,8858.378764,415,47408.17989,267,1733.441347,326,4.016013152,4581.92005,159,24521.47236,102,896.607593,125,0.315011072,5345.573392,658,28608.38442,423,1046.042192,517,1.427378168,11454.80013,850,61303.68089,546,2241.518983,668,0.001086944,0.006548129,0.00E+00,0.6,0.717,0.273,0.01,0.498,0.462,0.04,1,1,0.02,0.686,0.147,0.147,1,0.74,0.26,0.92,0.08,0.96,0.04,0.15,0.85,1,1,0,0.01,0.99,0.35,0.65
Lijiang City,Medium-small-cities,3,云南省,20.39,17.33409373,2105.070809,132,15642.07401,85,252.855185,104,0.057117165,3660.484239,159,27199.82869,102,439.6870717,125,0.087193353,6783.005939,415,50402.23847,267,814.7555962,326,2.329938833,3508.451348,159,26070.12334,102,421.4253084,125,0.137412309,4093.193239,658,30415.1439,423,491.6628598,517,0.444244614,8771.128369,850,65175.30836,546,1053.563271,668,0.012996277,0.008741418,0.101001164,0.6,0.73,0.26,0.01,0.52,0.44,0.04,1,1,0.02,0.686,0.147,0.147,1,0.74,0.26,0.92,0.08,0.96,0.04,0.15,0.85,1,1,0,0.01,0.99,0.35,0.65
Lishui City,Medium-small-cities,3,浙江省,42.852,38.75826209,2019.081024,132,15500.39858,85,480.5203916,104,0.082816799,3510.957559,159,26953.47087,102,835.5715698,125,0.194101873,6505.927745,415,49945.72877,267,1548.343484,326,3.046881808,3365.13504,159,25833.99764,102,800.8673193,125,0.101191777,3925.99088,658,30139.66391,423,934.3452058,517,0.668745655,8412.837601,850,64584.9941,546,2002.168298,668,0.00095396,0.003401012,0,0.6,0.704,0.286,0.01,0.476,0.484,0.04,1,1,0.02,0.686,0.147,0.147,1,0.74,0.26,0.92,0.08,0.96,0.04,0.15,0.85,1,1,0,0.01,0.99,0.35,0.65
Lianyungang City,Largecities,3,江苏省,73.41,67.95450006,5264.810378,132,12208.70858,85,526.4810378,104,0.152302105,9154.920268,159,21229.58771,102,915.4920268,125,0.444182341,16964.38899,415,39339.17211,267,1696.438899,326,2.491199742,8774.683963,159,20347.84764,102,877.4683963,125,0.431072792,10237.13129,658,23739.15558,423,1023.713129,517,1.936742966,21936.70991,850,50869.6191,546,2193.670991,668,0.001784551,0.002722058,0.004188905,0.6,0.73,0.26,0.01,0.511610526,0.441389474,0.047,1,1,0.02,0.473443158,0.471524399,0.035032444,1,0.74,0.26,0.92,0.08,0.96,0.04,0.15,0.85,1,0.9,0.1,0.01,0.99,0.35,0.65
Liaoyang City,Medium-small-cities,3,辽宁省,27.5223,23.96692278,3909.83386,132,13542.93779,85,547.228345,104,0.129099597,6798.766657,159,23549.66405,102,951.5692888,125,0.240857458,12598.35355,415,43638.35512,267,1763.291334,326,1.993657465,6516.389767,159,22571.56299,102,912.0472417,125,0.142587615,7602.454728,658,26333.49016,423,1064.055115,517,1.049175087,16290.97442,850,56428.90748,546,2280.118104,668,0.001659337,0.004910909,0,0.6,0.73,0.26,0.01,0.52,0.44,0.04,1,1,0.02,0.686,0.147,0.147,1,0.74,0.26,0.92,0.08,0.96,0.04,0.15,0.85,1,1,0,0.01,0.99,0.35,0.65
Liaoyuan City,Medium-small-cities,3,吉林省,15.2145,13.45694774,2775.798262,132,14587.82957,85,636.3721665,104,0.04540428,4826.804756,159,25366.61475,102,1106.580489,125,0.122320487,8944.238844,415,47005.22862,267,2050.532536,326,1.010414659,4626.330437,159,24313.04929,102,1060.620277,125,0.062007338,5397.38551,658,28365.22417,423,1237.390324,517,0.517405494,11565.82609,850,60782.62321,546,2651.550694,668,0.004292451,0.005936764,0,0.6,0.73,0.26,0.01,0.52,0.44,0.04,1,1,0.02,0.686,0.147,0.147,1,0.74,0.26,0.92,0.08,0.96,0.04,0.15,0.85,1,1,0,0.01,0.99,0.35,0.65
Liaocheng City,Medium-small-cities,3,山东省,107.7707,94.77501102,2581.586507,132,14946.32717,85,472.0863199,104,0.185924267,4489.092092,159,25990.00225,102,820.9056563,125,0.613874637,8318.44541,415,48160.38756,267,1521.167031,326,7.89784031,4302.644178,159,24910.54529,102,786.8105332,125,0.370457579,5019.751541,658,29062.30284,423,917.945622,517,3.927592184,10756.61044,850,62276.36322,546,1967.026333,668,0.001268578,0.002371361,0,0.6,0.73,0.26,0.01,0.54,0.42,0.04,1,1,0.02,0.686,0.147,0.147,1,0.74,0.26,0.92,0.08,0.96,0.04,0.15,0.85,1,1,0,0.01,0.99,0.35,0.65
Nyingchi City,Medium-small-cities,3,西藏自治区,13.7757,9.001351382,2545.567995,132,15263.57552,85,190.8564814,104,0.072150135,4426.459902,159,26541.66188,102,331.8782149,125,0.106981235,8202.385761,415,49182.63224,267,614.9819957,326,3.092504082,4242.613324,159,25439.29254,102,318.0941357,125,0.462756041,4949.715545,658,29679.17463,423,371.109825,517,1.039957125,10606.53331,850,63598.23135,546,795.2353392,668,0.026814199,0.01101288,0.0285017,0.6,0.73,0.26,0.01,0.52,0.44,0.04,1,1,0.02,0.686,0.147,0.147,1,0.74,0.26,0.92,0.08,0.96,0.04,0.15,0.85,1,1,0,0.01,0.99,0.35,0.65
Lincang City,Medium-small-cities,3,云南省,22.2,18.87282397,1343.955626,132,16590.46169,85,65.5826853,104,0.062187399,2336.989505,159,28848.96949,102,114.0410028,125,0.09493342,4330.523683,415,53458.15433,267,211.321986,326,2.536765184,2239.926043,159,27650.76948,102,109.3044755,125,0.149610263,2613.24705,658,32259.23106,423,127.5218881,517,0.483679766,5599.815107,850,69126.9237,546,273.2611888,668,0.012767849,0.012423708,0.003192859,0.6,0.73,0.26,0.01,0.52,0.44,0.04,1,1,0.02,0.686,0.147,0.147,1,0.74,0.26,0.92,0.08,0.96,0.04,0.15,0.85,1,1,0,0.01,0.99,0.35,0.65
Linfen City,Medium-small-cities,3,山西省,72.5605,64.23127975,5307.872907,132,12069.49444,85,622.6326499,104,0.125097239,9229.801221,159,20987.50978,102,1082.688997,125,0.37016478,17103.14603,415,38890.59321,267,2006.260761,326,4.54143992,8846.454844,159,20115.82407,102,1037.721083,125,0.130224175,10320.86398,658,23468.46142,423,1210.674597,517,3.162294133,22116.13711,850,50289.56018,546,2594.302708,668,0.001862125,0.001880676,0.003032906,0.6,0.73,0.26,0.01,0.52,0.44,0.04,1,1,0.02,0.686,0.147,0.147,1,0.74,0.26,0.92,0.08,0.96,0.04,0.15,0.85,1,1,0,0.01,0.99,0.35,0.65
Linyi City,Largecities,3,山东省,262.1406,230.5299887,3319.76594,132,14132.46772,85,547.7663443,104,0.45224072,5772.704107,159,24574.79108,102,952.5048097,125,1.493183822,10697.02358,415,45537.95153,267,1765.024887,326,19.21064443,5532.943233,159,23554.11286,102,912.9439071,125,0.901098092,6455.100439,658,27479.79834,423,1065.101225,517,9.553444227,13832.35808,850,58885.28215,546,2282.359768,668,0.000523092,0.002540428,0.00510232,0.6,0.73,0.26,0.01,0.531673684,0.421326316,0.047,1,1,0.02,0.473443158,0.471524399,0.035032444,1,0.74,0.26,0.92,0.08,0.96,0.04,0.15,0.85,1,1,0,0.01,0.99,0.35,0.65
Liuzhou City,Largecities,3,广西壮族自治区,79.6307,69.08998061,5159.904166,132,11995.3408,85,844.7550318,104,0.195924152,8972.500021,159,20858.56484,102,1468.935139,125,0.465468289,16626.35787,415,38651.6537,267,2721.988436,326,6.80391147,8599.840276,159,19992.23467,102,1407.925053,125,0.588959876,10033.14699,658,23324.27378,423,1642.579228,517,2.486455605,21499.60069,850,49980.58668,546,3519.812632,668,0.008167208,0.003612918,0.003081374,0.6,0.704,0.286,0.01,0.489541053,0.463458947,0.047,1,1,0.02,0.473443158,0.471524399,0.035032444,1,0.74,0.26,0.92,0.08,0.96,0.04,0.15,0.85,1,1,0,0.01,0.99,0.35,0.65
Lu'an City,Medium-small-cities,3,安徽省,59.2794,50.77051138,2747.855918,132,14986.03284,85,266.1112472,104,0.162080318,4778.216123,159,26059.04599,102,462.737891,125,0.372719113,8854.202401,415,48288.32802,267,857.4695745,326,5.050081498,4579.759863,159,24976.72139,102,443.5187454,125,0.208014012,5343.053173,658,29139.50829,423,517.4385363,517,2.715993675,11449.39966,850,62441.80348,546,1108.796864,668,0.002188722,0.002981401,0,0.6,0.73,0.26,0.01,0.52,0.44,0.04,1,1,0.02,0.686,0.147,0.147,1,0.74,0.26,0.92,0.08,0.96,0.04,0.15,0.85,1,1,0,0.01,0.99,0.35,0.65
Liupanshui City,Medium-small-cities,3,贵州省,55.52,48.07030321,3213.295677,132,14107.79152,85,678.912802,104,0.198113507,5587.56415,159,24531.88192,102,1180.553928,125,0.3259963,10353.95274,415,45458.43934,267,2187.607918,326,5.647807273,5355.492795,159,23512.98587,102,1131.521337,125,0.307128346,6248.074928,658,27431.81685,423,1320.108226,517,0.970651361,13388.73199,850,58782.46467,546,2828.803342,668,0.001501325,0.008162432,0.004549217,0.6,0.73,0.26,0.01,0.52,0.44,0.04,1,1,0.02,0.686,0.147,0.147,1,0.74,0.26,0.92,0.08,0.96,0.04,0.15,0.85,1,1,0,0.01,0.99,0.35,0.65
Longyan City,Medium-small-cities,3,福建省,109,95.31367775,3736.171367,132,13421.90889,85,841.9197397,104,0.355468001,6496.786876,159,23339.20824,102,1464.004881,125,0.572609087,12038.7744,415,43248.3731,267,2712.852495,326,10.1670282,6226.952278,159,22369.84816,102,1403.199566,125,0.323298951,7264.777657,658,26098.15618,423,1637.066161,517,2.267918013,15567.38069,850,55924.62039,546,3507.998915,668,0.000641678,0.00137629,0.00016538,0.6,0.73,0.26,0.01,0.52,0.44,0.04,1,1,0.02,0.686,0.147,0.147,1,0.74,0.26,0.92,0.08,0.96,0.04,0.15,0.85,1,1,0,0.01,0.99,0.35,0.65
Longnan City,Medium-small-cities,3,甘肃省,19.11,15.59837643,3091.765073,132,14582.572,85,325.662923,104,0.060506596,5376.235932,159,25357.47243,102,566.2916384,125,0.133898857,9962.354123,415,46988.28757,267,1049.358308,326,2.568168865,5152.941788,159,24304.28667,102,542.7715384,125,0.145103782,6011.765419,658,28355.00112,423,633.2334615,517,0.603945471,12882.35447,850,60760.71668,546,1356.928846,668,0.001818752,0.013028379,0.007439307,0.6,0.76,0.23,0.01,0.61,0.35,0.04,1,1,0.02,0.686,0.147,0.147,1,0.74,0.26,0.92,0.08,0.96,0.04,0.15,0.85,1,1,0,0.01,0.99,0.35,0.65
Loudi City,Medium-small-cities,3,湖南省,40.8804,36.53540449,1503.178808,132,16128.47682,85,368.3443709,104,0.198528664,2613.860927,159,28045.62914,102,640.5099338,125,0.290483746,4843.576159,415,51969.53642,267,1186.887417,326,2.788832585,2505.298013,159,26880.7947,102,613.9072848,125,0.232481309,2922.847682,658,31360.92715,423,716.2251656,517,0.834669204,6263.245033,850,67201.98675,546,1534.768212,668,0.003799604,0.005319572,0,0.6,0.704,0.286,0.01,0.476,0.484,0.04,1,1,0.02,0.686,0.147,0.147,1,0.74,0.26,0.92,0.08,0.96,0.04,0.15,0.85,1,1,0,0.01,0.99,0.35,0.65
Luzhou City,Medium-small-cities,3,四川省,73.38,65.73868632,2635.624612,132,14744.91256,85,619.4628291,104,0.134792404,4583.058353,159,25639.76462,102,1077.177031,125,0.474543121,8492.568194,415,47511.38491,267,1996.046894,326,4.904227743,4392.707687,159,24574.85427,102,1032.438048,125,0.384681519,5124.825634,658,28670.66331,423,1204.511056,517,1.743068897,10981.76922,850,61437.13566,546,2581.095121,668,0.00336273,0.007816325,0.033154638,0.6,0.73,0.26,0.01,0.52,0.44,0.04,1,1,0.02,0.686,0.147,0.147,1,0.74,0.26,0.92,0.08,0.96,0.04,0.15,0.85,1,1,0,0.01,0.99,0.35,0.65
Luoyang City,Largecities,3,河南省,119.8284,105.7639602,3912.330431,132,13613.88945,85,473.7801174,104,0.272450935,6803.107917,159,23673.0411,102,823.850982,125,0.591181208,12606.39806,415,43866.97712,267,1526.624823,326,8.593774297,6520.550719,159,22689.81575,102,789.6335291,125,0.295590604,7607.309172,658,26471.45171,423,921.2391172,517,4.311442746,16301.3768,850,56724.53938,546,1974.083823,668,0.000672622,0.001731554,0.034010105,0.6,0.73,0.26,0.01,0.531673684,0.421326316,0.047,1,1,0.02,0.473443158,0.471524399,0.035032444,1,0.74,0.26,0.92,0.08,0.96,0.04,0.15,0.85,1,1,0,0.01,0.99,0.35,0.65
Luohe City,Medium-small-cities,3,河南省,36.537,32.24859728,3798.895028,132,13783.42541,85,417.679558,104,0.083073293,6605.856354,159,23967.8453,102,726.2983425,125,0.180257667,12240.88398,415,44413.25967,267,1345.856354,326,2.62033651,6331.491713,159,22972.37569,102,696.1325967,125,0.090128833,7386.740331,658,26801.10497,423,812.1546961,517,1.314606417,15828.72928,850,57430.93923,546,1740.331492,668,0.005958485,0.002177707,0,0.6,0.73,0.26,0.01,0.54,0.42,0.04,1,1,0.02,0.686,0.147,0.147,1,0.74,0.26,0.92,0.08,0.96,0.04,0.15,0.85,1,1,0,0.01,0.99,0.35,0.65
Lüliang City,Medium-small-cities,3,山西省,46,40.71965971,4745.473298,132,12703.75888,85,550.7678203,104,0.079305862,8251.850791,159,22090.42517,102,957.7240431,125,0.234667345,15290.96952,415,40934.33417,267,1774.69631,326,2.8790628,7909.122164,159,21172.93147,102,917.9463672,125,0.082556102,9227.309191,658,24701.75338,423,1070.937428,517,2.004748177,19772.80541,850,52932.32867,546,2294.865918,668,0.000380227,0.002222207,0.003118467,0.6,0.73,0.26,0.01,0.52,0.44,0.04,1,1,0.02,0.686,0.147,0.147,1,0.74,0.26,0.92,0.08,0.96,0.04,0.15,0.85,1,1,0,0.01,0.99,0.35,0.65
Ma'anshan City,Medium-small-cities,3,安徽省,30.7566,26.34183731,4462.56648,132,13009.68226,85,527.7512614,104,0.08409396,7759.907269,159,22622.39193,102,917.7008046,125,0.193382063,14379.38088,415,41920.08728,267,1700.531842,326,2.620190768,7437.6108,159,21682.80376,102,879.5854357,125,0.107926257,8677.212601,658,25296.60439,423,1026.183008,517,1.409169645,18594.027,850,54207.00941,546,2198.963589,668,0.007765776,0.003480286,0,0.6,0.73,0.26,0.01,0.52,0.44,0.04,1,1,0.02,0.686,0.147,0.147,1,0.74,0.26,0.92,0.08,0.96,0.04,0.15,0.85,1,1,0,0.01,0.99,0.35,0.65
Maoming City,Largecities,3,广东省,71.5422,63.51489398,2920.427549,132,14566.75528,85,512.8171662,104,0.158608261,5078.299016,159,25329.96891,102,891.7320724,125,0.540317246,9410.266547,415,46937.32258,267,1652.410869,326,5.676571134,4867.379248,159,24277.92547,102,854.695277,125,0.343445514,5678.609123,658,28324.24639,423,997.1444899,517,1.308363862,12168.44812,850,60694.81369,546,2136.738193,668,0.00201499,0.010965599,0,0.6,0.717,0.273,0.01,0.510607368,0.442392632,0.047,1,1,0.02,0.473443158,0.471524399,0.035032444,1,0.74,0.26,0.92,0.08,0.96,0.04,0.15,0.85,1,0.9,0.1,0.01,0.99,0.35,0.65
Meishan City,Medium-small-cities,3,四川省,59.77,53.54594278,2228.840294,132,15138.4093,85,632.7504038,104,0.109792069,3875.705622,159,26324.01173,102,1100.282647,125,0.386528241,7181.818724,415,48779.31886,267,2038.862412,326,3.994626495,3714.733823,159,25230.68217,102,1054.584006,125,0.313333529,4333.856127,658,29435.79587,423,1230.348007,517,1.419776887,9286.834557,850,63076.70543,546,2636.460016,668,0.006212537,0.007505673,0,0.6,0.717,0.273,0.01,0.498,0.462,0.04,1,1,0.02,0.686,0.147,0.147,1,0.74,0.26,0.92,0.08,0.96,0.04,0.15,0.85,1,1,0,0.01,0.99,0.35,0.65
Meizhou City,Medium-small-cities,3,广东省,57.8645,51.37188377,3350.75983,132,14030.12599,85,619.1141799,104,0.128284952,5826.599038,159,24396.83019,102,1076.570768,125,0.437017415,10796.89279,415,45208.18375,267,1994.923468,326,4.59130346,5584.599717,159,23383.54332,102,1031.856966,125,0.277784342,6515.366336,658,27280.80054,423,1203.833127,517,1.058226064,13961.49929,850,58458.85829,546,2579.642416,668,0.007392022,0.006352571,0.002673789,0.6,0.717,0.273,0.01,0.498,0.462,0.04,1,1,0.02,0.686,0.147,0.147,1,0.74,0.26,0.92,0.08,0.96,0.04,0.15,0.85,1,1,0,0.01,0.99,0.35,0.65
Mianyang City,Medium-small-cities,3,四川省,85.25,76.37262208,2223.80315,132,15206.05291,85,570.1439433,104,0.156596517,3866.946588,159,26441.63644,102,991.4169681,125,0.551305548,7165.587927,415,48997.28159,267,1837.130484,326,5.697539045,3706.338583,159,25343.42151,102,950.2399055,125,0.446907869,4324.06168,658,29567.3251,423,1108.613223,517,2.025028938,9265.846458,850,63358.55378,546,2375.599764,668,0.002311662,0.004766022,0.210864475,0.6,0.73,0.26,0.01,0.52,0.44,0.04,1,1,0.02,0.686,0.147,0.147,1,0.74,0.26,0.92,0.08,0.96,0.04,0.15,0.85,1,1,0,0.01,0.99,0.35,0.65
Mudanjiang City,Medium-small-cities,3,黑龙江省,28.9631,24.6961845,3610.849565,132,13901.63573,85,487.514702,104,0.118525431,6278.866188,159,24173.39991,102,847.7338985,125,0.287847474,11634.95971,415,44794.15958,267,1570.880707,326,2.464764551,6018.082608,159,23169.39289,102,812.5245034,125,0.236486455,7021.096376,658,27030.95837,423,947.945254,517,1.159291593,15045.20652,850,57923.48222,546,2031.311258,668,0.004713147,0.005239333,0.001959565,0.6,0.73,0.26,0.01,0.52,0.44,0.04,1,1,0.02,0.686,0.147,0.147,1,0.74,0.26,0.92,0.08,0.96,0.04,0.15,0.85,1,1,0,0.01,0.99,0.35,0.65
Nagqu City,Medium-small-cities,3,西藏自治区,13.7757,9.001351382,1880.700584,132,15846.17389,85,273.1255256,104,0.072150135,3270.32935,159,27554.73571,102,474.9349417,125,0.106981235,6060.035217,415,51059.89365,267,880.0711379,326,3.092504082,3134.500974,159,26410.28982,102,455.2092093,125,0.462756041,3656.917803,658,30812.00479,423,531.0774108,517,1.039957125,7836.252435,850,66025.72454,546,1138.023023,668,0.00757098,0.014387931,0,0.6,0.82,0.17,0.01,0.79,0.17,0.04,1,1,0.02,0.686,0.147,0.147,1,0.74,0.26,0.92,0.08,0.96,0.04,0.15,0.85,1,1,0,0.01,0.99,0.35,0.65
Nanchang City,Largecities,3,江西省,116.5112,100.1767981,2446.134559,132,14908.48308,85,645.3823652,104,0.272759573,4253.556206,159,25924.19557,102,1122.248224,125,0.590329648,7881.989135,415,48038.44547,267,2079.565399,326,9.451119213,4076.890932,159,24847.47179,102,1075.637275,125,0.744243978,4756.372754,658,28988.71709,423,1254.910155,517,5.27594946,10192.22733,850,62118.67948,546,2689.093188,668,0.008031556,0.002345561,0.039362569,0.6,0.717,0.273,0.01,0.510607368,0.442392632,0.047,1,1,0.02,0.473443158,0.471524399,0.035032444,1,0.74,0.26,0.92,0.08,0.96,0.04,0.15,0.85,1,1,0,0.01,0.99,0.35,0.65
Nanchong City,Medium-small-cities,3,四川省,83.57,74.8675663,2232.821635,132,15187.67255,85,579.5058185,104,0.15351051,3882.628731,159,26409.67504,102,1007.696229,125,0.54044111,7194.64749,415,48938.05598,267,1867.296526,326,5.585259096,3721.369391,159,25312.78758,102,965.8430309,125,0.43810077,4341.597623,658,29531.58551,423,1126.816869,517,1.985122209,9303.423478,850,63281.96894,546,2414.607577,668,0.00162781,0.009372867,0.051608997,0.6,0.73,0.26,0.01,0.52,0.44,0.04,1,1,0.02,0.686,0.147,0.147,1,0.74,0.26,0.92,0.08,0.96,0.04,0.15,0.85,1,1,0,0.01,0.99,0.35,0.65
Nanjing City,Extra-large-cities,3,江苏省,269.94,249.8792773,7277.461191,132,9801.139713,85,921.3990961,104,0.560038552,12654.6964,159,17043.09295,102,1602.21065,125,1.633327626,23449.59717,415,31581.45019,267,2968.952643,326,9.160529332,12129.10198,159,16335.23286,102,1535.66516,125,1.585121776,14150.61898,658,19057.77166,423,1791.609354,517,7.121705438,30322.75496,850,40838.08214,546,3839.1629,668,0.003023851,0.003390207,0.033179952,0.6,0.7065625,0.2624375,0.031,0.470977273,0.430022727,0.099,1,1,0.02,0.014,0.9358125,0.0301875,1,0.74,0.26,0.92,0.08,0.96,0.04,0.15,0.85,1,1,0,0.01,0.99,0.35,0.65
Nanning City,Largecities,3,广西壮族自治区,176.1627,152.8440354,4883.750662,132,12308.89621,85,807.3531301,104,0.433432428,8492.299763,159,21403.80285,102,1403.897387,125,1.029730375,15736.52991,415,39661.99889,267,2601.471197,326,15.05192614,8139.584437,159,20514.82701,102,1345.58855,125,1.302924148,9496.181844,658,23933.96485,423,1569.853308,517,5.500651543,20348.96109,850,51287.06753,546,3363.971375,668,0.009692784,0.002457372,0.0373663,0.6,0.73,0.26,0.01,0.531673684,0.421326316,0.047,1,1,0.02,0.473443158,0.471524399,0.035032444,1,0.74,0.26,0.92,0.08,0.96,0.04,0.15,0.85,1,1,0,0.01,0.99,0.35,0.65
Nanping City,Medium-small-cities,3,福建省,29.25,25.57729426,3347.172609,132,13388.69044,85,1264.136955,104,0.095389349,5820.361259,159,23281.44504,102,2198.193705,125,0.153658861,10785.33396,415,43141.33585,267,4073.330188,326,2.728308026,5578.621015,159,22314.48406,102,2106.894925,125,0.086756829,6508.391184,658,26033.56474,423,2458.044079,517,0.608592678,13946.55254,850,55786.21015,546,5267.237312,668,0.005038934,0.002776559,0.004107203,0.6,0.704,0.286,0.01,0.476,0.484,0.04,1,1,0.02,0.686,0.147,0.147,1,0.74,0.26,0.92,0.08,0.96,0.04,0.15,0.85,1,1,0,0.01,0.99,0.35,0.65
Nantong City,Extra-large-cities,3,江苏省,181.23,167.7618042,3129.873106,132,14295.01534,85,575.1115583,104,0.375993876,5442.501567,159,24857.44333,102,1000.055099,125,1.096569481,10085.14667,415,46061.71608,267,1853.137244,326,6.150117548,5216.455176,159,23825.02556,102,958.5192639,125,1.064205451,6085.864372,658,27795.86315,423,1118.272475,517,4.781309463,13041.13794,850,59562.5639,546,2396.29816,668,0.000998773,0.00290753,0.012408231,0.6,0.73684375,0.23215625,0.031,0.542647727,0.358352273,0.099,1,1,0.02,0.014,0.9358125,0.0301875,1,0.74,0.26,0.92,0.08,0.96,0.04,0.15,0.85,1,0.9,0.1,0.01,0.99,0.35,0.65
Nanyang City,Largecities,3,河南省,114.3854,100.9598133,3139.654786,132,14505.26788,85,355.0773369,104,0.260075318,5459.510822,159,25223.04914,102,617.4400359,125,0.564327813,10116.66542,415,46739.19649,267,1144.138086,326,8.203416807,5232.757977,159,24175.44646,102,591.7955615,125,0.282163906,6104.884306,658,28204.68754,423,690.4281551,517,4.115602838,13081.89494,850,60438.61615,546,1479.488904,668,0.002110661,0.002123777,0.014526749,0.6,0.756,0.234,0.01,0.573806316,0.379193684,0.047,1,1,0.02,0.473443158,0.471524399,0.035032444,1,0.74,0.26,0.92,0.08,0.96,0.04,0.15,0.85,1,1,0,0.01,0.99,0.35,0.65
Neijiang City,Medium-small-cities,3,四川省,47.01,42.1146858,1365.546549,132,16199.57504,85,434.8784135,104,0.086353106,2374.533722,159,28169.26104,102,756.2052412,125,0.30401025,4400.094436,415,52198.63068,267,1401.274888,326,3.141833554,2275.910915,159,26999.29173,102,724.7973558,125,0.246441512,2655.229401,658,31499.17368,423,845.5969151,517,1.116675781,5689.777288,850,67498.22932,546,1811.993389,668,0.030034917,0.010472095,0,0.6,0.73,0.26,0.01,0.52,0.44,0.04,1,1,0.02,0.686,0.147,0.147,1,0.74,0.26,0.92,0.08,0.96,0.04,0.15,0.85,1,1,0,0.01,0.99,0.35,0.65
Ningbo City,Extra-large-cities,3,浙江省,277.0211,250.5567161,5973.626374,132,11129.14286,85,897.2307692,104,0.535377598,10387.47253,159,19352.34286,102,1560.184615,125,1.254791246,19248.35165,415,35860.57143,267,2891.076923,326,19.69687646,9956.043956,159,18548.57143,102,1495.384615,125,0.654164503,11615.38462,658,21640,423,1744.615385,517,4.323174108,24890.10989,850,46371.42857,546,3738.461538,668,0.002630532,0.003068389,0.033922739,0.6,0.713628125,0.255371875,0.031,0.5068125,0.3941875,0.099,1,1,0.02,0.014,0.9358125,0.0301875,1,0.74,0.26,0.92,0.08,0.96,0.04,0.15,0.85,1,0.9,0.1,0.01,0.99,0.35,0.65
Ningde City,Medium-small-cities,3,福建省,27.78,24.29187126,3955.652857,132,13416.97402,85,627.3731199,104,0.090595423,6878.440801,159,23330.62705,102,1090.932147,125,0.145936518,12745.99254,415,43232.47185,267,2021.535609,326,2.591193059,6592.754761,159,22361.62337,102,1045.621867,125,0.082396742,7691.547221,658,26088.5606,423,1219.892178,517,0.578006995,16481.8869,850,55904.05843,546,2614.054666,668,0.00101255,0.001665963,0,0.6,0.717,0.273,0.01,0.498,0.462,0.04,1,1,0.02,0.686,0.147,0.147,1,0.74,0.26,0.92,0.08,0.96,0.04,0.15,0.85,1,0.9,0.1,0.01,0.99,0.35,0.65
Panzhihua City,Medium-small-cities,3,四川省,25.2,22.57583667,2394.851291,132,14988.93276,85,616.2159532,104,0.046290114,4164.3803,159,26064.08863,102,1071.531074,125,0.162966567,7716.743048,415,48297.67221,267,1985.584738,326,1.684199225,3991.418818,159,24981.55459,102,1027.026589,125,0.13210649,4656.655288,658,29145.14703,423,1198.197687,517,0.598600929,9978.547045,850,62453.88648,546,2567.566471,668,0.073359108,0.011874329,0.013320379,0.6,0.73,0.26,0.01,0.52,0.44,0.04,1,1,0.02,0.686,0.147,0.147,1,0.74,0.26,0.92,0.08,0.96,0.04,0.15,0.85,1,1,0,0.01,0.99,0.35,0.65
Panjin City,Medium-small-cities,3,辽宁省,36.0316,31.37697702,3393.777463,132,14104.7176,85,501.5049333,104,0.169014401,5901.401922,159,24526.53672,102,872.0613562,125,0.315325375,10935.50516,415,45448.5345,267,1615.960341,326,2.610053241,5656.295772,159,23507.86267,102,835.8415555,125,0.186672622,6599.011734,658,27425.83978,423,975.1484814,517,1.373557335,14140.73943,850,58769.65668,546,2089.603889,668,0.001159955,0.002974227,0,0.6,0.756,0.234,0.01,0.564,0.396,0.04,1,1,0.02,0.686,0.147,0.147,1,0.74,0.26,0.92,0.08,0.96,0.04,0.15,0.85,1,0.9,0.1,0.01,0.99,0.35,0.65
Pingdingshan City,Medium-small-cities,3,河南省,71.3472,62.97307167,4066.522151,132,13382.33302,85,551.1448313,104,0.162220403,7071.230186,159,23270.39019,102,958.3796234,125,0.351996053,13103.23804,415,43120.85083,267,1775.911123,326,5.116831515,6777.536919,159,22303.88836,102,918.5747189,125,0.175998027,7907.126406,658,26021.20309,423,1071.670505,517,2.567082327,16943.8423,850,55759.72091,546,2296.436797,668,0.001183177,0.002355006,0,0.6,0.743,0.247,0.01,0.542,0.418,0.04,1,1,0.02,0.686,0.147,0.147,1,0.74,0.26,0.92,0.08,0.96,0.04,0.15,0.85,1,1,0,0.01,0.99,0.35,0.65
Pingliang City,Medium-small-cities,3,甘肃省,23.89,19.50001114,3125.07054,132,14260.15181,85,614.7776497,104,0.075641161,5434.150439,159,24796.81954,102,1069.030024,125,0.167391088,10069.67174,415,45949.37806,267,1980.950205,326,3.210547054,5208.4509,159,23766.91968,102,1024.629416,125,0.18139871,6076.52605,658,27728.07296,423,1195.400986,517,0.755010847,13021.12725,850,59417.29921,546,2561.573541,668,0.010148411,0.007592523,0,0.6,0.756,0.234,0.01,0.564,0.396,0.04,1,1,0.02,0.686,0.147,0.147,1,0.74,0.26,0.92,0.08,0.96,0.04,0.15,0.85,1,1,0,0.01,0.99,0.35,0.65
Pingxiang City,Medium-small-cities,3,江西省,24.34,20.92762985,2369.365776,132,15418.82728,85,211.8069406,104,0.056981372,4120.063821,159,26811.62744,102,368.3087355,125,0.123323969,7634.623055,415,49682.88791,267,682.4890307,326,1.974404535,3948.94296,159,25698.04547,102,353.0115676,125,0.155477743,4607.10012,658,29981.05305,423,411.8468289,517,1.102182536,9872.357399,850,64245.11368,546,882.528919,668,0.012063184,0.004781945,0,0.6,0.704,0.286,0.01,0.476,0.484,0.04,1,1,0.02,0.686,0.147,0.147,1,0.74,0.26,0.92,0.08,0.96,0.04,0.15,0.85,1,1,0,0.01,0.99,0.35,0.65
Putian City,Medium-small-cities,3,福建省,38.77,33.90193841,2922.184925,132,14355.50809,85,722.3069881,104,0.126435728,5081.354898,159,24962.63351,102,1256.011596,125,0.203670223,9415.929204,415,46256.63717,267,2327.433628,326,3.616290672,4870.308209,159,23925.84681,102,1203.84498,125,0.114993581,5682.026244,658,27913.48795,423,1404.48581,517,0.806671389,12175.77052,850,59814.61703,546,3009.61245,668,0.001002842,0.001396336,0,0.6,0.73,0.26,0.01,0.52,0.44,0.04,1,1,0.02,0.686,0.147,0.147,1,0.74,0.26,0.92,0.08,0.96,0.04,0.15,0.85,1,0.9,0.1,0.01,0.99,0.35,0.65
Puyang City,Medium-small-cities,3,河南省,68.6431,60.58635596,5197.01963,132,12240.72217,85,562.2582032,104,0.156072157,9037.039691,159,21285.25577,102,977.7045422,125,0.3386552,16745.95214,415,39442.32698,267,1811.720877,326,4.922900652,8661.699384,159,20401.20361,102,937.0970053,125,0.1693276,10105.31595,658,23801.40421,423,1093.27984,517,2.469788427,21654.24846,850,51003.00903,546,2342.742513,668,0.002947631,0.002291772,0,0.6,0.756,0.234,0.01,0.564,0.396,0.04,1,1,0.02,0.686,0.147,0.147,1,0.74,0.26,0.92,0.08,0.96,0.04,0.15,0.85,1,1,0,0.01,0.99,0.35,0.65
Pu'er City,Medium-small-cities,3,云南省,29.6,25.16376529,1452.67353,132,16375.45666,85,171.8698107,104,0.082916531,2526.037861,159,28475.09963,102,298.8625042,125,0.126577893,4680.836931,415,52765.36035,267,553.8027233,326,3.382353578,2421.122551,159,27292.42776,102,286.4496845,125,0.199480351,2824.642976,658,31841.16573,423,334.1912986,517,0.644906355,6052.806377,850,68231.06941,546,716.1242112,668,0.008150896,0.008881705,0.025511752,0.6,0.73,0.26,0.01,0.52,0.44,0.04,1,1,0.02,0.686,0.147,0.147,1,0.74,0.26,0.92,0.08,0.96,0.04,0.15,0.85,1,1,0,0.01,0.99,0.35,0.65
Qitaihe City,Medium-small-cities,3,黑龙江省,14.1179,12.03801607,3791.540327,132,13598.68505,85,609.7746234,104,0.057774554,6593.067346,159,23646.60234,102,1060.330317,125,0.140309631,12217.1855,415,43817.98516,267,1964.829342,326,1.201435601,6319.233878,159,22664.47508,102,1016.291039,125,0.115273991,7372.439524,658,26441.8876,423,1185.672879,517,0.565090159,15798.08469,850,56661.18771,546,2540.727598,668,0.005120794,0.01257704,0,0.6,0.743,0.247,0.01,0.542,0.418,0.04,1,1,0.02,0.686,0.147,0.147,1,0.74,0.26,0.92,0.08,0.96,0.04,0.15,0.85,1,1,0,0.01,0.99,0.35,0.65
Qiqihar City,Medium-small-cities,3,黑龙江省,7.8219,6.669558352,2939.433873,132,14479.93477,85,580.6313567,104,0.03200949,5111.348901,159,25178.99768,102,1009.653415,125,0.077737333,9471.509146,415,46657.56759,267,1870.92326,326,0.66564497,4899.056455,159,24133.22462,102,967.7189278,125,0.063866554,5715.565864,658,28155.42872,423,1129.005416,517,0.3130833,12247.64114,850,60333.06154,546,2419.297319,668,0.001828341,0.006653437,0.002651569,0.6,0.743,0.247,0.01,0.542,0.418,0.04,1,1,0.02,0.686,0.147,0.147,1,0.74,0.26,0.92,0.08,0.96,0.04,0.15,0.85,1,1,0,0.01,0.99,0.35,0.65
Qinzhou City,Medium-small-cities,3,广西壮族自治区,75.1807,65.22902731,3499.455826,132,13639.54465,85,860.9995198,104,0.184975329,6085.164853,159,23717.65265,102,1497.182498,125,0.439456539,11276.02433,415,43949.64389,267,2774.331786,326,6.423688691,5832.426376,159,22732.57442,102,1434.9992,125,0.556047049,6804.497439,658,26521.33683,423,1674.165733,517,2.347505082,14581.06594,850,56831.43606,546,3587.497999,668,0.005397967,0.005536253,0,0.6,0.73,0.26,0.01,0.52,0.44,0.04,1,1,0.02,0.686,0.147,0.147,1,0.74,0.26,0.92,0.08,0.96,0.04,0.15,0.85,1,0.9,0.1,0.01,0.99,0.35,0.65
Qinhuangdao City,Medium-small-cities,3,河北省,71.2,61.65566519,3813.279264,132,13485.09549,85,701.6252489,104,0.095465045,6630.868942,159,23449.08271,102,1220.04835,125,0.292904114,12287.23318,415,43451.97435,267,2260.792469,326,5.83898928,6355.46544,159,22475.15915,102,1169.375415,125,0.191797953,7414.709679,658,26221.019,423,1364.271317,517,3.125178418,15888.6636,850,56187.89786,546,2923.438537,668,0.003905037,0.004386769,0.009209965,0.6,0.743,0.247,0.01,0.542,0.418,0.04,1,1,0.02,0.686,0.147,0.147,1,0.74,0.26,0.92,0.08,0.96,0.04,0.15,0.85,1,0.9,0.1,0.01,0.99,0.35,0.65
Qingdao City,Extra-large-cities,3,山东省,291.0938,255.9918243,6001.288464,132,11124.7394,85,873.972137,104,0.502190311,10435.57383,159,19344.68573,102,1519.740438,125,1.658104669,19337.48505,415,35846.38251,267,2816.132441,326,21.3324433,10002.14744,159,18541.23233,102,1456.620228,125,1.000623588,11669.17201,658,21631.43772,423,1699.390266,517,10.60861379,25005.3686,850,46353.08083,546,3641.550571,668,0.001480236,0.002103849,0.128211937,0.6,0.760059375,0.208940625,0.031,0.578482955,0.322517045,0.099,1,1,0.02,0.014,0.9358125,0.0301875,1,0.74,0.26,0.92,0.08,0.96,0.04,0.15,0.85,1,0.9,0.1,0.01,0.99,0.35,0.65
Qingyuan City,Medium-small-cities,3,广东省,68.8998,61.16898128,2973.07071,132,14433.07097,85,593.8583224,104,0.152750089,5169.839624,159,25097.50674,102,1032.653638,125,0.520360713,9579.894511,415,46506.56201,267,1913.543483,326,5.466907865,4955.11785,159,24055.11828,102,989.7638706,125,0.330760407,5780.970826,658,28064.30466,423,1154.724516,517,1.260039647,12387.79463,850,60137.7957,546,2474.409677,668,0.002554918,0.014670517,0,0.6,0.704,0.286,0.01,0.476,0.484,0.04,1,1,0.02,0.686,0.147,0.147,1,0.74,0.26,0.92,0.08,0.96,0.04,0.15,0.85,1,1,0,0.01,0.99,0.35,0.65
Qingyang City,Medium-small-cities,3,甘肃省,31.7,25.87485781,2975.093417,132,14482.95058,85,541.9560024,104,0.100369393,5173.356885,159,25184.24184,102,942.4012709,125,0.22211375,9586.41212,415,46667.28521,267,1746.302674,326,4.260123131,4958.489028,159,24138.25097,102,903.260004,125,0.240700674,5784.903866,658,28161.2928,423,1053.803338,517,1.001835239,12396.22257,850,60345.62742,546,2258.15001,668,0.012681146,0.008336496,0.035660547,0.6,0.756,0.234,0.01,0.564,0.396,0.04,1,1,0.02,0.686,0.147,0.147,1,0.74,0.26,0.92,0.08,0.96,0.04,0.15,0.85,1,1,0,0.01,0.99,0.35,0.65
Qujing City,Medium-small-cities,3,云南省,76.69,65.19625541,1324.827586,132,16129.65517,85,545.5172414,104,0.214826648,2303.727969,159,28047.67816,102,948.5938697,125,0.327947927,4268.888889,415,51973.33333,267,1757.777778,326,8.763266753,2208.045977,159,26882.75862,102,909.1954023,125,0.516829328,2576.05364,658,31363.21839,423,1060.727969,517,1.670873931,5520.114943,850,67206.89655,546,2272.988506,668,0.008307228,0.003304242,0,0.6,0.73,0.26,0.01,0.52,0.44,0.04,1,1,0.02,0.686,0.147,0.147,1,0.74,0.26,0.92,0.08,0.96,0.04,0.15,0.85,1,1,0,0.01,0.99,0.35,0.65
Quzhou City,Medium-small-cities,3,浙江省,46.658,42.20066724,3134.733897,132,14216.72344,85,648.5426617,104,0.090172366,5450.953943,159,24721.30243,102,1127.743628,125,0.211341483,10100.80922,415,45809.4422,267,2089.748576,326,3.317497699,5224.556495,159,23694.53907,102,1080.904436,125,0.11017936,6095.31591,658,27643.62891,423,1261.055175,517,0.728141855,13061.39124,850,59236.34767,546,2702.26109,668,0.003432866,0.003365616,0.003057278,0.6,0.704,0.286,0.01,0.476,0.484,0.04,1,1,0.02,0.686,0.147,0.147,1,0.74,0.26,0.92,0.08,0.96,0.04,0.15,0.85,1,1,0,0.01,0.99,0.35,0.65
Quanzhou City,Extra-large-cities,3,福建省,160.18,140.0673844,3106.877114,132,14230.55242,85,662.5704622,104,0.522374902,5402.514092,159,24745.34949,102,1152.136415,125,0.841472693,10011.04848,415,45854.00225,267,2134.949267,326,14.94086768,5178.128523,159,23717.58737,102,1104.284104,125,0.475101155,6041.149944,658,27670.5186,423,1288.331454,517,3.33279915,12945.32131,850,59293.96843,546,2760.710259,668,0.002272141,0.001350009,0.014825197,0.6,0.725235938,0.243764063,0.031,0.524730114,0.376269886,0.099,1,1,0.02,0.014,0.9358125,0.0301875,1,0.74,0.26,0.92,0.08,0.96,0.04,0.15,0.85,1,0.9,0.1,0.01,0.99,0.35,0.65
Shigatse City,Medium-small-cities,3,西藏自治区,13.6951,8.948685534,1749.551761,132,15964.62293,85,285.8253076,104,0.071727993,3042.276117,159,27760.70543,102,497.0184516,125,0.106355301,5637.444563,415,51441.56278,267,920.9926579,326,3.074410204,2915.919601,159,26607.70489,102,476.3755127,125,0.46004851,3401.906202,658,31042.32237,423,555.7714315,517,1.033872458,7289.799003,850,66519.26222,546,1190.938782,668,0.01765069,0.012466762,0.00889354,0.6,0.704,0.286,0.01,0.476,0.484,0.04,1,1,0.02,0.686,0.147,0.147,1,0.74,0.26,0.92,0.08,0.96,0.04,0.15,0.85,1,1,0,0.01,0.99,0.35,0.65
Rizhao City,Medium-small-cities,3,山东省,70.3935,61.90499587,3909.934142,132,13478.50295,85,611.562911,104,0.121441727,6798.941036,159,23437.61901,102,1063.439951,125,0.400969691,12598.67668,415,43430.73172,267,1970.591602,326,5.158699181,6516.556903,159,22464.17158,102,1019.271518,125,0.241974912,7602.64972,658,26208.20017,423,1189.150105,517,2.56541862,16291.39226,850,56160.42895,546,2548.178796,668,0.001213166,0.004219978,0.110360542,0.6,0.743,0.247,0.01,0.542,0.418,0.04,1,1,0.02,0.686,0.147,0.147,1,0.74,0.26,0.92,0.08,0.96,0.04,0.15,0.85,1,0.9,0.1,0.01,0.99,0.35,0.65
Sanmenxia City,Medium-small-cities,3,河南省,32.4525,28.6435012,3797.513321,132,13642.98401,85,559.5026643,104,0.073786464,6603.45372,159,23723.63331,102,972.9129663,125,0.16010652,12236.43181,415,43960.72627,267,1802.841918,326,2.327407028,6329.188869,159,22738.30669,102,932.5044405,125,0.08005326,7384.053681,658,26528.02447,423,1087.921847,517,1.167645531,15822.97217,850,56845.76673,546,2331.261101,668,0.001299436,0.003252541,0,0.6,0.743,0.247,0.01,0.542,0.418,0.04,1,1,0.02,0.686,0.147,0.147,1,0.74,0.26,0.92,0.08,0.96,0.04,0.15,0.85,1,1,0,0.01,0.99,0.35,0.65
Sanming City,Medium-small-cities,3,福建省,31.08,27.17751472,3363.313656,132,13931.99095,85,704.6953918,104,0.101357298,5848.428746,159,24226.18427,102,1225.386987,125,0.163272389,10837.344,415,44891.97085,267,2270.685151,326,2.899002169,5605.522759,159,23219.98492,102,1174.49232,125,0.092184692,6539.776553,658,27089.98241,423,1370.24104,517,0.646668733,14013.8069,850,58049.9623,546,2936.230799,668,0.000829983,0.001929993,0.000300927,0.6,0.704,0.286,0.01,0.476,0.484,0.04,1,1,0.02,0.686,0.147,0.147,1,0.74,0.26,0.92,0.08,0.96,0.04,0.15,0.85,1,1,0,0.01,0.99,0.35,0.65
Sanya City,Medium-small-cities,3,海南省,21.6115,18.57366902,2083.773391,132,14984.15791,85,932.0687003,104,0.090232603,3623.450397,159,26055.7857,102,1620.763907,125,0.264365697,6714.380928,415,48282.28659,267,3003.332479,326,2.214656351,3472.955652,159,24973.59651,102,1553.447834,125,0.178882178,4051.781594,658,29135.8626,423,1812.355806,517,0.289694147,8682.389131,850,62433.99128,546,3883.619585,668,0.001030019,0.004848417,0.202460472,0.6,0.73,0.26,0.01,0.52,0.44,0.04,1,1,0.02,0.686,0.147,0.147,1,0.74,0.26,0.92,0.08,0.96,0.04,0.15,0.85,1,0.9,0.1,0.01,0.99,0.35,0.65
Xiamen City,Largecities,3,福建省,140.53,122.8846893,6883.963849,132,10081.11177,85,1034.924383,104,0.458292827,11970.44825,159,17529.93324,102,1799.618511,125,0.738245459,22181.66129,415,32483.58236,267,3334.756347,326,13.10800434,11473.27308,159,16801.85295,102,1724.873972,125,0.416818363,13385.48526,658,19602.16177,423,2012.352968,517,2.92394971,28683.18271,850,42004.63236,546,4312.184931,668,0.001020908,0.002251898,0.25085819,0.6,0.73,0.26,0.01,0.531673684,0.421326316,0.047,1,1,0.02,0.473443158,0.471524399,0.035032444,1,0.74,0.26,0.92,0.08,0.96,0.04,0.15,0.85,1,0.9,0.1,0.01,0.99,0.35,0.65
Shannan City,Medium-small-cities,3,西藏自治区,13.6951,8.948685534,2495.666996,132,15294.68369,85,209.6493101,104,0.071727993,4339.687609,159,26595.75554,102,364.5568559,125,0.106355301,8041.593652,415,49282.86968,267,675.5366658,326,3.074410204,4159.444993,159,25491.13949,102,349.4155168,125,0.46004851,4852.685825,658,29739.66274,423,407.6514363,517,1.033872458,10398.61248,850,63727.84873,546,873.538792,668,0.012737279,0.009087902,0,0.6,0.717,0.273,0.01,0.498,0.462,0.04,1,1,0.02,0.686,0.147,0.147,1,0.74,0.26,0.92,0.08,0.96,0.04,0.15,0.85,1,1,0,0.01,0.99,0.35,0.65
Shantou City,Medium-small-cities,3,广东省,79.0098,70.14460096,6190.96145,132,10590.06079,85,1218.977765,104,0.175163847,10765.39408,159,18414.93903,102,2119.666891,125,0.59671575,19948.65356,415,34123.5292,267,3927.817243,326,6.269093626,10318.26908,159,17650.10131,102,2031.629608,125,0.379294477,12037.9806,658,20591.78486,423,2370.234543,517,1.444931342,25795.67271,850,44125.25327,546,5079.074021,668,0.002380313,0.006118266,0,0.6,0.717,0.273,0.01,0.498,0.462,0.04,1,1,0.02,0.686,0.147,0.147,1,0.74,0.26,0.92,0.08,0.96,0.04,0.15,0.85,1,0.9,0.1,0.01,0.99,0.35,0.65
Shanwei City,Medium-small-cities,3,广东省,28.4348,25.24430766,3786.803785,132,13533.71399,85,679.4822228,104,0.063039635,6584.831026,159,23533.62489,102,1181.544087,125,0.214751752,12201.92331,415,43608.63397,267,2189.442718,326,2.256181175,6311.339642,159,22556.18999,102,1132.470371,125,0.136504112,7363.229582,658,26315.55498,423,1321.215433,517,0.520015666,15778.3491,850,56390.47497,546,2831.175928,668,0.005642668,0.004032412,0,0.6,0.717,0.273,0.01,0.498,0.462,0.04,1,1,0.02,0.686,0.147,0.147,1,0.74,0.26,0.92,0.08,0.96,0.04,0.15,0.85,1,0.9,0.1,0.01,0.99,0.35,0.65
Shangluo City,Medium-small-cities,3,陕西省,10.6124,9.516446099,2012.406417,132,15408.77005,85,578.8235294,104,0.027189394,3499.351159,159,26794.13904,102,1006.509804,125,0.067499252,6484.420677,415,49650.48128,267,1865.098039,326,0.697439581,3354.010695,159,25681.28342,102,964.7058824,125,0.026082849,3913.012478,658,29961.49733,423,1125.490196,517,0.277742825,8385.026738,850,64203.20856,546,2411.764706,668,0.019449975,0.008543109,0,0.6,0.743,0.247,0.01,0.542,0.418,0.04,1,1,0.02,0.686,0.147,0.147,1,0.74,0.26,0.92,0.08,0.96,0.04,0.15,0.85,1,1,0,0.01,0.99,0.35,0.65
Shangqiu City,Medium-small-cities,3,河南省,111.034,98.00177218,2444.221186,132,15186.14371,85,369.6351069,104,0.252455321,4250.229063,159,26407.01656,102,642.7543803,125,0.547793463,7875.823823,415,48933.12972,267,1191.046456,326,7.963063308,4073.701977,159,25310.23951,102,616.0585115,125,0.273896732,4752.652307,658,29528.61276,423,718.7349301,517,3.995018993,10184.25494,850,63275.59878,546,1540.146279,668,0.000370896,0.0022804,0,0.6,0.756,0.234,0.01,0.564,0.396,0.04,1,1,0.02,0.686,0.147,0.147,1,0.74,0.26,0.92,0.08,0.96,0.04,0.15,0.85,1,1,0,0.01,0.99,0.35,0.65
Shanghai,Megacities,3,上海市,411.22,370.8034168,9438.098888,132,7395.937141,85,1165.963971,104,2.437984255,16411.80529,159,12860.71292,102,2027.481794,125,4.945910681,30411.65197,415,23831.35301,267,3756.995017,326,7.733605793,15730.16481,159,12326.5619,102,1943.273285,125,4.566224609,18351.85895,658,14380.98888,423,2267.152166,517,20.73285791,39325.41204,850,30816.40475,546,4858.183212,668,0.008789301,0.004251823,3.482353254,0.6,0.555321642,0.201678358,0.243,0.455376316,0.207623684,0.337,1,1,0.02,0.130727869,0.562343538,0.286928594,1,0.74,0.26,0.92,0.08,0.96,0.04,0.15,0.85,1,0.9,0.1,0.01,0.99,0.35,0.65
Shangrao City,Medium-small-cities,3,江西省,67.1715,57.75432572,3042.689076,132,14499.4958,85,457.8151261,104,0.157252433,5290.898226,159,25213.01214,102,796.0896359,125,0.340339194,9804.220355,415,46720.59757,267,1475.182073,326,5.448796804,5071.148459,159,24165.82633,102,763.0252101,125,0.429074496,5916.339869,658,28193.46405,423,890.1960784,517,3.041711347,12677.87115,850,60414.56583,546,1907.563025,668,0.002088592,0.004671328,0.002329316,0.6,0.704,0.286,0.01,0.476,0.484,0.04,1,1,0.02,0.686,0.147,0.147,1,0.74,0.26,0.92,0.08,0.96,0.04,0.15,0.85,1,1,0,0.01,0.99,0.35,0.65
Shaoguan City,Medium-small-cities,3,广东省,42.2016,37.46642052,2658.982089,132,14607.9092,85,733.1087072,104,0.093560477,4623.67441,159,25401.531,102,1274.794585,125,0.318724505,8567.831176,415,47069.92966,267,2362.239168,326,3.348518558,4431.636815,159,24346.51534,102,1221.847845,125,0.202593018,5170.242951,658,28404.2679,423,1425.489153,517,0.771782925,11079.09204,850,60866.28835,546,3054.619613,668,0.008675303,0.01416723,0,0.6,0.704,0.286,0.01,0.476,0.484,0.04,1,1,0.02,0.686,0.147,0.147,1,0.74,0.26,0.92,0.08,0.96,0.04,0.15,0.85,1,1,0,0.01,0.99,0.35,0.65
Shaoyang City,Medium-small-cities,3,湖南省,60.6648,54.2170088,1754.173124,132,15781.97919,85,463.8476865,104,0.294608215,3050.312154,159,27443.10826,102,806.5795882,125,0.431065702,5652.335621,415,50853.04406,267,1494.620323,326,4.138510655,2923.621873,159,26303.29865,102,773.0794775,125,0.344992518,3410.892185,658,30687.18176,423,901.9260571,517,1.238614112,7309.054682,850,65758.24662,546,1932.698694,668,0.001304475,0.005282478,1.47E-03,0.6,0.717,0.273,0.01,0.498,0.462,0.04,1,1,0.02,0.686,0.147,0.147,1,0.74,0.26,0.92,0.08,0.96,0.04,0.15,0.85,1,1,0,0.01,0.99,0.35,0.65
Shaoxing City,Largecities,3,浙江省,153.3721,138.7201542,3431.813224,132,13792.28418,85,775.9026008,104,0.296410586,5967.541883,159,23983.24971,102,1349.208411,125,0.694712311,11058.06483,415,44441.80457,267,2500.130603,326,10.90513071,5719.688706,159,22987.14029,102,1293.171001,125,0.362176685,6672.970157,658,26818.33034,423,1508.699502,517,2.393515482,14299.22177,850,57467.85073,546,3232.927503,668,0.003039044,0.001346243,0,0.6,0.717,0.273,0.01,0.510607368,0.442392632,0.047,1,1,0.02,0.473443158,0.471524399,0.035032444,1,0.74,0.26,0.92,0.08,0.96,0.04,0.15,0.85,1,1,0,0.01,0.99,0.35,0.65
Shenzhen City,Megacities,3,广东省,341.4152,303.1071204,7346.938776,132,220.4081633,85,10432.65306,104,0.756913696,12775.5102,159,383.2653061,102,18141.22449,125,2.578513389,23673.46939,415,710.2040816,267,33616.32653,326,27.08985283,12244.89796,159,367.3469388,102,17387.7551,125,1.638997945,14285.71429,658,428.5714286,423,20285.71429,517,6.243801696,30612.2449,850,918.3673469,546,43469.38776,668,0.002741882,0.007136,0.131707774,0.6,0.555321642,0.201678358,0.243,0.455376316,0.207623684,0.337,1,1,0.02,0.130727869,0.562343538,0.286928594,1,0.74,0.26,0.92,0.08,0.96,0.04,0.15,0.85,1,0.9,0.1,0.01,0.99,0.35,0.65
Shenyang City,Largecities,3,辽宁省,257.9958,224.6674666,8851.440803,132,8253.63914,85,894.920057,104,1.210187881,15391.67206,159,14352.16139,102,1556.166544,125,2.257813211,28521.30925,415,26595.05945,267,2883.631295,326,18.68867255,14752.40134,159,13756.06523,102,1491.533428,125,1.336625421,17211.13489,658,16048.74277,423,1740.122333,517,9.835034347,36881.00334,850,34390.16309,546,3728.833571,668,0.004261622,0.002867436,0.027204509,0.6,0.743,0.247,0.01,0.55274,0.40026,0.047,1,1,0.02,0.473443158,0.471524399,0.035032444,1,0.74,0.26,0.92,0.08,0.96,0.04,0.15,0.85,1,1,0,0.01,0.99,0.35,0.65
Shiyan City,Medium-small-cities,3,湖北省,39.0369,34.3656815,2256.822231,132,15446.65687,85,296.5208965,104,0.126347771,3924.363102,159,26860.02001,102,515.6168923,125,0.280975549,7271.982745,415,49772.56103,267,955.4562221,326,2.908735512,3761.370385,159,25744.42812,102,494.2014942,125,0.265011029,4388.26545,658,30035.16614,423,576.5684099,517,1.090148639,9403.425964,850,64361.0703,546,1235.503735,668,0.002479598,0.003652694,0.009770133,0.6,0.743,0.247,0.01,0.542,0.418,0.04,1,1,0.02,0.686,0.147,0.147,1,0.74,0.26,0.92,0.08,0.96,0.04,0.15,0.85,1,1,0,0.01,0.99,0.35,0.65
Shijiazhuang City,Largecities,3,河北省,287.6,249.0473217,3893.337501,132,13427.64833,85,679.0141721,104,0.385614422,6770.081322,159,23349.18848,102,1180.730199,125,1.183135159,12545.19862,415,43266.86683,267,2187.934555,326,23.58558029,6488.895836,159,22379.41388,102,1131.690287,125,0.77473443,7570.378475,658,26109.31619,423,1320.305335,517,12.62361395,16222.23959,850,55948.53469,546,2829.225717,668,0.003030495,0.002252011,0.02282111,0.6,0.756,0.234,0.01,0.573806316,0.379193684,0.047,1,1,0.02,0.473443158,0.471524399,0.035032444,1,0.74,0.26,0.92,0.08,0.96,0.04,0.15,0.85,1,1,0,0.01,0.99,0.35,0.65
Shizuishan City,Medium-small-cities,3,宁夏回族自治区,12.2,9.498921712,3689.368015,132,13739.29804,85,571.3339425,104,0.028801123,6415.401048,159,23891.11271,102,993.4862445,125,0.077062464,11887.9636,415,44271.07147,267,1840.964926,326,1.918777515,6148.946692,159,22898.83007,102,952.2232375,125,0.063829516,7173.77114,658,26715.30175,423,1110.92711,517,0.612607669,15372.36673,850,57247.07518,546,2380.558094,668,0.015874452,0.007793549,0,0.6,0.756,0.234,0.01,0.564,0.396,0.04,1,1,0.02,0.686,0.147,0.147,1,0.74,0.26,0.92,0.08,0.96,0.04,0.15,0.85,1,1,0,0.01,0.99,0.35,0.65
Shuangyashan City,Medium-small-cities,3,黑龙江省,22.4332,19.12828551,3381.130226,132,14167.54062,85,451.3291519,104,0.09180318,5879.409781,159,24635.77897,102,784.8112475,125,0.222950581,10894.75295,415,45650.96423,267,1454.282823,326,1.909068992,5635.217043,159,23612.5677,102,752.2152532,125,0.183169203,6574.419883,658,27547.99565,423,877.5844621,517,0.897922535,14088.04261,850,59031.41926,546,1880.538133,668,0.005437922,0.010814627,0,0.6,0.743,0.247,0.01,0.542,0.418,0.04,1,1,0.02,0.686,0.147,0.147,1,0.74,0.26,0.92,0.08,0.96,0.04,0.15,0.85,1,1,0,0.01,0.99,0.35,0.65
Shuozhou City,Medium-small-cities,3,山西省,25.9063,22.93251566,4929.133858,132,12278.21522,85,792.6509186,104,0.04466351,8571.216098,159,21350.45203,102,1378.331875,125,0.132160057,15882.76465,415,39563.13794,267,2554.097404,326,1.62143184,8215.223097,159,20463.69204,102,1321.084864,125,0.046493981,9584.426947,658,23874.30738,423,1541.265675,517,1.12903495,20538.05774,850,51159.2301,546,3302.712161,668,0.002942414,0.004896548,0,0.6,0.756,0.234,0.01,0.564,0.396,0.04,1,1,0.02,0.686,0.147,0.147,1,0.74,0.26,0.92,0.08,0.96,0.04,0.15,0.85,1,1,0,0.01,0.99,0.35,0.65
Siping City,Medium-small-cities,3,吉林省,42.0783,37.21748885,2710.471766,132,15289.52823,85,0,104,0.125573297,4713.209238,159,26586.79076,102,0,125,0.338298212,8733.742359,415,49266.25764,267,0,326,2.794474424,4517.452944,159,25482.54706,102,0,125,0.171491891,5270.361768,658,29729.63823,423,0,517,1.430973322,11293.63236,850,63706.36764,546,0,668,0.001656066,0.004802137,0,0.6,0.73,0.26,0.01,0.52,0.44,0.04,1,1,0.02,0.686,0.147,0.147,1,0.74,0.26,0.92,0.08,0.96,0.04,0.15,0.85,1,1,0,0.01,0.99,0.35,0.65
Songyuan City,Medium-small-cities,3,吉林省,45.6072,40.33873654,3240.479099,132,14349.8883,85,409.6326012,104,0.136104512,5634.833099,159,24952.86132,102,712.3055787,125,0.366669618,10441.54376,415,46238.52897,267,1319.92727,326,3.028833246,5400.798498,159,23916.4805,102,682.721002,125,0.185874072,6300.93158,658,27902.56058,423,796.5078356,517,1.550982014,13501.99624,850,59791.20125,546,1706.802505,668,0.002047732,0.002834696,0.010830124,0.6,0.756,0.234,0.01,0.564,0.396,0.04,1,1,0.02,0.686,0.147,0.147,1,0.74,0.26,0.92,0.08,0.96,0.04,0.15,0.85,1,1,0,0.01,0.99,0.35,0.65
Suzhou City (Jiangsu),Extra-large-cities,3,江苏省,419.1,387.9543791,6476.357729,132,10593.76108,85,929.881194,104,0.869497508,11261.6665,159,18421.37343,102,1616.960076,125,2.535850959,20868.26379,415,34135.45236,267,2996.283847,326,14.22233772,10793.92955,159,17656.26846,102,1549.80199,125,2.461008136,12592.91781,658,20598.97987,423,1808.102322,517,11.05692654,26984.82387,850,44140.67115,546,3874.504975,668,0.001538001,0.002258068,0,0.6,0.73684375,0.23215625,0.031,0.542647727,0.358352273,0.099,1,1,0.02,0.014,0.9358125,0.0301875,1,0.74,0.26,0.92,0.08,0.96,0.04,0.15,0.85,1,1,0,0.01,0.99,0.35,0.65
Suqian City,Largecities,3,江苏省,107.5,99.51108508,4789.456233,132,12842.00928,85,368.5344828,104,0.223027874,8328.332228,159,22330.82725,102,640.8405172,125,0.650450914,15432.69231,415,41379.80769,267,1187.5,326,3.648058469,7982.427056,159,21403.34881,102,614.2241379,125,0.631253578,9312.831565,658,24970.57361,423,716.5948276,517,2.836124081,19956.06764,850,53508.37202,546,1535.560345,668,0.007208751,0.002770691,0,0.6,0.743,0.247,0.01,0.55274,0.40026,0.047,1,1,0.02,0.473443158,0.471524399,0.035032444,1,0.74,0.26,0.92,0.08,0.96,0.04,0.15,0.85,1,1,0,0.01,0.99,0.35,0.65
Suzhou City (Anhui),Medium-small-cities,3,安徽省,58.2996,49.93135061,2995.621808,132,14667.5701,85,336.8080892,104,0.159401373,5209.053476,159,25505.27468,102,585.6718441,125,0.366558622,9652.559158,415,47262.17033,267,1085.27051,326,4.966611189,4992.703013,159,24445.95017,102,561.3468154,125,0.204575851,5824.820181,658,28520.2752,423,654.904618,517,2.671102353,12481.75753,850,61114.87543,546,1403.367038,668,0.003415165,0.003371201,0,0.6,0.743,0.247,0.01,0.542,0.418,0.04,1,1,0.02,0.686,0.147,0.147,1,0.74,0.26,0.92,0.08,0.96,0.04,0.15,0.85,1,1,0,0.01,0.99,0.35,0.65
Suihua City,Medium-small-cities,3,黑龙江省,33.2348,28.33856709,2448.473817,132,15122.3569,85,429.1692856,104,0.13600647,4257.623915,159,26296.09838,102,746.2777022,125,0.330301426,7889.526743,415,48727.59445,267,1382.878809,326,2.82828692,4080.789695,159,25203.92816,102,715.2821426,125,0.27136529,4760.92131,658,29404.58286,423,834.4958331,517,1.330272804,10201.97424,850,63009.82041,546,1788.205357,668,0.002231102,0.008630622,0,0.6,0.73,0.26,0.01,0.52,0.44,0.04,1,1,0.02,0.686,0.147,0.147,1,0.74,0.26,0.92,0.08,0.96,0.04,0.15,0.85,1,1,0,0.01,0.99,0.35,0.65
Suizhou City,Medium-small-cities,3,湖北省,23.3725,20.5757089,2527.561222,132,14944.14381,85,528.2949647,104,0.075647997,4395.148124,159,25986.20563,102,918.6462442,125,0.168228036,8144.363937,415,48153.35229,267,1702.283775,326,1.741542508,4212.602036,159,24906.90636,102,880.4916078,125,0.158669625,4914.702375,658,29058.05742,423,1027.240209,517,0.652702932,10531.50509,850,62267.26589,546,2201.22902,668,0.007366875,0.0047325,0,0.6,0.756,0.234,0.01,0.564,0.396,0.04,1,1,0.02,0.686,0.147,0.147,1,0.74,0.26,0.92,0.08,0.96,0.04,0.15,0.85,1,1,0,0.01,0.99,0.35,0.65
Suining City,Medium-small-cities,3,四川省,44.72,40.06315143,1889.743027,132,15400.61498,85,709.6419943,104,0.082146584,3286.053152,159,26779.95827,102,1233.988579,125,0.289200986,6089.171975,415,49624.20382,267,2286.624204,326,2.988785291,3149.571711,159,25667.69163,102,1182.736657,125,0.234436597,3674.500329,658,29945.64024,423,1379.859433,517,1.06227911,7873.929277,850,64169.22908,546,2956.841643,668,0.012062303,0.010400928,0,0.6,0.73,0.26,0.01,0.52,0.44,0.04,1,1,0.02,0.686,0.147,0.147,1,0.74,0.26,0.92,0.08,0.96,0.04,0.15,0.85,1,1,0,0.01,0.99,0.35,0.65
Tacheng Prefecture,Medium-small-cities,3,新疆维吾尔族自治区,23.1583,19.18367152,2474.124682,132,15264.00676,85,261.8685623,104,0.118837377,4302.227918,159,26542.41175,102,455.3603334,125,0.161126353,7972.179529,415,49184.02177,267,843.7987009,326,2.608533954,4123.541136,159,25440.01126,102,436.4476039,125,0.154167408,4810.797992,658,29680.01314,423,509.1888712,517,0.931963393,10308.85284,850,63600.02815,546,1091.11901,668,0.01186608,0.009218059,0.012525757,0.6,0.73,0.26,0.01,0.52,0.44,0.04,1,1,0.02,0.686,0.147,0.147,1,0.74,0.26,0.92,0.08,0.96,0.04,0.15,0.85,1,1,0,0.01,0.99,0.35,0.65
Taizhou City (Zhejiang),Largecities,3,浙江省,175.2182,158.4792523,3618.945923,132,13768.7438,85,612.3102738,104,0.338630881,6292.944855,159,23942.31561,102,1064.739532,125,0.793666127,11661.04797,415,44365.95225,267,1972.999771,326,12.45844175,6031.576539,159,22947.90634,102,1020.517123,125,0.413764608,7036.839295,658,26772.55739,423,1190.60331,517,2.734444363,15078.94135,850,57369.76585,546,2551.292808,668,0.00489523,0.002154688,0.00536089,0.6,0.704,0.286,0.01,0.489541053,0.463458947,0.047,1,1,0.02,0.473443158,0.471524399,0.035032444,1,0.74,0.26,0.92,0.08,0.96,0.04,0.15,0.85,1,0.9,0.1,0.01,0.99,0.35,0.65
Taiyuan City,Largecities,3,山西省,168.37,149.0428067,5800.813542,132,11521.32266,85,677.8637974,104,0.290276694,10086.97021,159,20034.29996,102,1178.729825,125,0.858933497,18691.5103,415,37124.26191,267,2184.227792,326,10.53799573,9668.022569,159,19202.20444,102,1129.772996,125,0.30217328,11279.35966,658,22402.57184,423,1318.068495,517,7.337814143,24170.05642,850,48005.51109,546,2824.432489,668,0.004333554,0.002109031,0.030278421,0.6,0.756,0.234,0.01,0.573806316,0.379193684,0.047,1,1,0.02,0.473443158,0.471524399,0.035032444,1,0.74,0.26,0.92,0.08,0.96,0.04,0.15,0.85,1,1,0,0.01,0.99,0.35,0.65
Tai'an City,Medium-small-cities,3,山东省,85.3328,75.04281832,3140.834262,132,14249.5804,85,609.5853388,104,0.147214765,5461.5618,159,24778.43703,102,1060.001173,125,0.486065708,10120.46596,415,45915.31462,267,1964.219425,326,6.253507007,5234.72377,159,23749.30066,102,1015.975565,125,0.293328173,6107.177732,658,27707.51744,423,1185.304826,517,3.109866024,13086.80943,850,59373.25166,546,2539.938912,668,0.000971946,0.007797214,0,0.6,0.743,0.247,0.01,0.542,0.418,0.04,1,1,0.02,0.686,0.147,0.147,1,0.74,0.26,0.92,0.08,0.96,0.04,0.15,0.85,1,1,0,0.01,0.99,0.35,0.65
Taizhou City (Jiangsu),Largecities,3,江苏省,82.87,76.71147554,3983.383495,132,13374.81476,85,641.8017491,104,0.171928558,6926.661299,159,23257.31677,102,1116.02193,125,0.501422021,12835.34682,415,43096.62533,267,2068.027858,326,2.812228887,6638.972491,159,22291.35793,102,1069.669582,125,0.486623107,7745.467906,658,26006.58425,423,1247.947845,517,2.186321885,16597.43123,850,55728.39482,546,2674.173954,668,0.001790592,0.002569832,0,0.6,0.743,0.247,0.01,0.55274,0.40026,0.047,1,1,0.02,0.473443158,0.471524399,0.035032444,1,0.74,0.26,0.92,0.08,0.96,0.04,0.15,0.85,1,1,0,0.01,0.99,0.35,0.65
Tangshan City,Largecities,3,河北省,213.8,185.1401856,3950.672099,132,13442.34603,85,606.9818706,104,0.286663294,6869.779817,159,23374.74615,102,1055.474031,125,0.879535108,12729.94343,415,43314.2261,267,1955.830472,326,17.53336949,6584.453498,159,22403.91005,102,1011.636451,125,0.575932619,7681.862415,658,26137.89506,423,1180.242526,517,9.384313845,16461.13375,850,56009.77513,546,2529.091128,668,0.003070662,0.003969853,0.001654274,0.6,0.743,0.247,0.01,0.55274,0.40026,0.047,1,1,0.02,0.473443158,0.471524399,0.035032444,1,0.74,0.26,0.92,0.08,0.96,0.04,0.15,0.85,1,0.9,0.1,0.01,0.99,0.35,0.65
Tianjin,Extra-large-cities,3,天津市,306.93,267.33,5872.427473,132,10682.6184,85,1444.954128,104,1.2,10211.49888,159,18575.88644,102,2512.614679,125,2.74,18922.2663,415,34421.77039,267,4655.963303,326,26.57,9787.379122,159,17804.364,102,2408.256881,125,1.01,11418.60898,658,20771.758,423,2809.633028,517,8.08,24468.44781,850,44510.90999,546,6020.642202,668,0.004810696,0.002839832,0.060950718,0.6,0.760059375,0.208940625,0.031,0.578482955,0.322517045,0.099,1,1,0.02,0.014,0.9358125,0.0301875,1,0.74,0.26,0.92,0.08,0.96,0.04,0.15,0.85,1,0.9,0.1,0.01,0.99,0.35,0.65
Tianshui City,Medium-small-cities,3,甘肃省,30.44,24.84639343,3280.462675,132,14144.29476,85,575.2425692,104,0.096379947,5704.360096,159,24595.35699,102,1000.282912,125,0.213285254,10570.37973,415,45576.06088,267,1853.55939,326,4.090793316,5467.437792,159,23573.82459,102,958.7376153,125,0.231133392,6378.677424,658,27502.79536,423,1118.527218,517,0.962014658,13668.59448,850,58934.56148,546,2396.844038,668,0.005709616,0.010626169,0.009427158,0.6,0.743,0.247,0.01,0.542,0.418,0.04,1,1,0.02,0.686,0.147,0.147,1,0.74,0.26,0.92,0.08,0.96,0.04,0.15,0.85,1,1,0,0.01,0.99,0.35,0.65
Tieling City,Medium-small-cities,3,辽宁省,37.023,32.2403063,3349.463476,132,14174.77601,85,475.7605189,104,0.173664788,5824.344822,159,24648.3605,102,827.2946801,125,0.32400147,10792.71564,415,45674.27824,267,1533.006117,326,2.68186817,5582.439126,159,23624.62668,102,792.9341982,125,0.19180887,6512.845648,658,27562.06445,423,925.0898979,517,1.411350404,13956.09782,850,59061.56669,546,1982.335496,668,0.005858887,0.005819688,0,0.6,0.743,0.247,0.01,0.542,0.418,0.04,1,1,0.02,0.686,0.147,0.147,1,0.74,0.26,0.92,0.08,0.96,0.04,0.15,0.85,1,1,0,0.01,0.99,0.35,0.65
Tonghua City,Medium-small-cities,3,吉林省,25.0754,22.17873393,3066.361534,132,14431.97186,85,501.6666072,104,0.074831936,5332.062,159,25095.59551,102,872.3424891,125,0.20159947,9880.498275,415,46503.02044,267,1616.48129,326,1.665289804,5110.602556,159,24053.28643,102,836.1110119,125,0.102195853,5962.369649,658,28062.1675,423,975.4628473,517,0.852749004,12776.50639,850,60133.21608,546,2090.27753,668,0.001753262,0.003984364,0.000846343,0.6,0.743,0.247,0.01,0.542,0.418,0.04,1,1,0.02,0.686,0.147,0.147,1,0.74,0.26,0.92,0.08,0.96,0.04,0.15,0.85,1,1,0,0.01,0.99,0.35,0.65
Tongliao City,Largecities,3,内蒙古自治区,133.838,117.3420898,3022.894631,132,14270.18342,85,706.921944,104,0.282240545,5256.477886,159,24814.2634,102,1229.258714,125,0.709100213,9740.438256,415,45981.70215,267,2277.859597,326,10.35659521,5038.157719,159,23783.63904,102,1178.20324,125,0.342887274,5877.850672,658,27747.57888,423,1374.570447,517,4.805086967,12595.3943,850,59459.0976,546,2945.5081,668,0.010115146,0.00419133,0.028052702,0.6,0.756,0.234,0.01,0.573806316,0.379193684,0.047,1,1,0.02,0.473443158,0.471524399,0.035032444,1,0.74,0.26,0.92,0.08,0.96,0.04,0.15,0.85,1,1,0,0.01,0.99,0.35,0.65
Tongchuan City,Medium-small-cities,3,陕西省,9.8757,8.855825896,3202.027516,132,13781.31789,85,1016.654598,104,0.025301939,5567.97007,159,23964.18055,102,1767.849385,125,0.062813536,10317.64422,415,44406.46874,267,3275.887038,326,0.649024167,5336.712527,159,22968.86314,102,1694.42433,125,0.024272209,6226.164615,658,26797.007,423,1976.828385,517,0.258462253,13341.78132,850,57422.15786,546,4236.060825,668,0.003063433,0.008325163,0,0.6,0.756,0.234,0.01,0.564,0.396,0.04,1,1,0.02,0.686,0.147,0.147,1,0.74,0.26,0.92,0.08,0.96,0.04,0.15,0.85,1,1,0,0.01,0.99,0.35,0.65
Tongling City,Medium-small-cities,3,安徽省,19.7746,16.93617942,3753.720078,132,13691.17964,85,555.1002804,104,0.054067239,6527.302135,159,23807.44016,102,965.2577097,125,0.124332759,12095.32025,415,44116.02329,267,1788.656459,326,1.684621329,6256.200129,159,22818.63274,102,925.1671339,125,0.069389938,7298.900151,658,26621.73819,423,1079.361656,517,0.906009314,15640.50032,850,57046.58184,546,2312.917835,668,0.01384449,0.004504925,0,0.6,0.73,0.26,0.01,0.52,0.44,0.04,1,1,0.02,0.686,0.147,0.147,1,0.74,0.26,0.92,0.08,0.96,0.04,0.15,0.85,1,1,0,0.01,0.99,0.35,0.65
Tongren City,Medium-small-cities,3,贵州省,34.9589,30.2681002,2557.963056,132,14943.14901,85,498.8879294,104,0.124744782,4448.013536,159,25984.47579,102,867.5106772,125,0.205267868,8242.325402,415,48150.14683,267,1607.527773,326,3.556216312,4263.27176,159,24905.24836,102,831.4798823,125,0.193387413,4973.817053,658,29056.12308,423,970.0598627,517,0.611183427,10658.1794,850,62263.1209,546,2078.699706,668,0.005353985,0.00977892,0.012389054,0.6,0.717,0.273,0.01,0.498,0.462,0.04,1,1,0.02,0.686,0.147,0.147,1,0.74,0.26,0.92,0.08,0.96,0.04,0.15,0.85,1,1,0,0.01,0.99,0.35,0.65
Turpan City,Medium-small-cities,3,新疆维吾尔族自治区,10.01,8.291996903,2511.189766,132,15233.95906,85,254.8511704,104,0.051366557,4366.679982,159,26490.16215,102,443.1578686,125,0.069645647,8091.611469,415,49087.20143,267,821.1871047,326,1.12751907,4185.316277,159,25389.93177,102,424.7519507,125,0.066637696,4882.86899,658,29621.58707,423,495.5439425,517,0.402834127,10463.29069,850,63474.82943,546,1061.879877,668,0.00836695,0.013235797,0.008633382,0.6,0.756,0.234,0.01,0.564,0.396,0.04,1,1,0.02,0.686,0.147,0.147,1,0.74,0.26,0.92,0.08,0.96,0.04,0.15,0.85,1,1,0,0.01,0.99,0.35,0.65
Weihai City,Largecities,3,山东省,80.9722,71.20804771,4453.251666,132,12842.99095,85,703.7573796,104,0.139691929,7743.709842,159,22332.53427,102,1223.755888,125,0.461227216,14349.36648,415,41382.97085,267,2267.662667,326,5.933945916,7422.086111,159,21404.98492,102,1172.928966,125,0.27833878,8659.100462,658,24972.48241,423,1368.417127,517,2.950948448,18555.21528,850,53512.46231,546,2932.322415,668,0.004380691,0.012602395,0.032096403,0.6,0.756,0.234,0.01,0.573806316,0.379193684,0.047,1,1,0.02,0.473443158,0.471524399,0.035032444,1,0.74,0.26,0.92,0.08,0.96,0.04,0.15,0.85,1,0.9,0.1,0.01,0.99,0.35,0.65
Weifang City,Largecities,3,山东省,246.0261,216.3586795,3336.153397,132,14126.10438,85,537.7422264,104,0.424440245,5801.200073,159,24563.72594,102,935.0739826,125,1.401393727,10749.82761,415,45517.44744,267,1732.724952,326,18.02971355,5560.255661,159,23543.50729,102,896.237044,125,0.845705127,6486.964938,658,27467.42518,423,1045.609885,517,8.966167868,13900.63915,850,58858.76824,546,2240.59261,668,0.001275988,0.00671824,0.000781273,0.6,0.743,0.247,0.01,0.55274,0.40026,0.047,1,1,0.02,0.473443158,0.471524399,0.035032444,1,0.74,0.26,0.92,0.08,0.96,0.04,0.15,0.85,1,0.9,0.1,0.01,0.99,0.35,0.65
Weinan City,Medium-small-cities,3,陕西省,59.7456,53.57560797,2273.408051,132,15367.44233,85,359.1496205,104,0.153070623,3953.204001,159,26722.27471,102,624.5212846,125,0.380006721,7325.425944,415,49517.31417,267,1157.259888,326,3.926439467,3789.013419,159,25612.40388,102,598.5827009,125,0.146841005,4420.515656,658,29881.13786,423,698.3464844,517,1.563634212,9472.533548,850,64031.0097,546,1496.456752,668,0.012861288,0.005482993,0,0.6,0.756,0.234,0.01,0.564,0.396,0.04,1,1,0.02,0.686,0.147,0.147,1,0.74,0.26,0.92,0.08,0.96,0.04,0.15,0.85,1,1,0,0.01,0.99,0.35,0.65
Wenzhou City,Largecities,3,浙江省,234.9526,212.5071047,3026.124377,132,14354.7164,85,619.1592187,104,0.45407501,5262.094056,159,24961.25686,102,1076.649086,125,1.064238305,9750.845216,415,46254.08619,267,1995.068594,326,16.70570341,5043.540629,159,23924.52734,102,1031.932031,125,0.554822903,5884.130734,658,27911.94856,423,1203.920703,517,3.666655705,12608.85157,850,59811.31835,546,2579.830078,668,0.003491181,0.00138335,0.026495627,0.6,0.704,0.286,0.01,0.489541053,0.463458947,0.047,1,1,0.02,0.473443158,0.471524399,0.035032444,1,0.74,0.26,0.92,0.08,0.96,0.04,0.15,0.85,1,0.9,0.1,0.01,0.99,0.35,0.65
Wuhai City,Medium-small-cities,3,内蒙古自治区,21.65,18.98157656,4893.926174,132,9947.399329,85,3158.674497,104,0.045656001,8509.993848,159,17297.42217,102,5492.583986,125,0.114705985,15769.31767,415,32052.73117,267,10177.95116,326,1.675311095,8156.543624,159,16578.99888,102,5264.457494,125,0.055466381,9515.967562,658,19342.16536,423,6141.867077,517,0.777283976,20391.35906,850,41447.4972,546,13161.14374,668,0.008108806,0.003368279,0.002098917,0.6,0.743,0.247,0.01,0.542,0.418,0.04,1,1,0.02,0.686,0.147,0.147,1,0.74,0.26,0.92,0.08,0.96,0.04,0.15,0.85,1,1,0,0.01,0.99,0.35,0.65
Ulanqab City,Medium-small-cities,3,内蒙古自治区,15.4501,13.54583169,2982.654877,132,14578.28445,85,439.0606721,104,0.032581514,5186.505425,159,25350.01685,102,763.4777242,125,0.081857688,9610.776826,415,46974.47212,267,1414.751054,326,1.195553069,4971.091462,159,24297.14075,102,731.7677868,125,0.0395825,5799.606705,658,28346.66421,423,853.7290845,517,0.554693541,12427.72865,850,60742.85188,546,1829.419467,668,0.005477077,0.00445552,0.003081689,0.6,0.756,0.234,0.01,0.564,0.396,0.04,1,1,0.02,0.686,0.147,0.147,1,0.74,0.26,0.92,0.08,0.96,0.04,0.15,0.85,1,1,0,0.01,0.99,0.35,0.65
ürümqi City,Largecities,3,新疆维吾尔族自治区,123.58,102.3701276,8627.79661,132,7682.033898,85,1690.169492,104,0.634153761,15002.77966,159,13358.20339,102,2939.016949,125,0.85982109,27800.67797,415,24753.22034,267,5446.101695,326,13.9199607,14379.66102,159,12803.38983,102,2816.949153,125,0.82268596,16776.27119,658,14937.28814,423,3286.440678,517,4.97325089,35949.15254,850,32008.47458,546,7042.372881,668,0.012035449,0.005231043,0.151948574,0.6,0.756,0.234,0.01,0.573806316,0.379193684,0.047,1,1,0.02,0.473443158,0.471524399,0.035032444,1,0.74,0.26,0.92,0.08,0.96,0.04,0.15,0.85,1,1,0,0.01,0.99,0.35,0.65
Wuxi City,Extra-large-cities,3,江苏省,209.71,194.1252991,6111.603303,132,10760.66071,85,1127.735988,104,0.435080702,10627.39908,159,18711.59334,102,1961.007579,125,1.268893593,19692.94398,415,34673.24006,267,3633.81596,326,7.116598526,10186.00551,159,17934.43451,102,1879.55998,125,1.231443608,11883.67309,658,20923.50693,423,2192.819976,517,5.532684476,25465.01376,850,44836.08629,546,4698.899949,668,0.001705205,0.002702742,0.013747115,0.6,0.73684375,0.23215625,0.031,0.542647727,0.358352273,0.099,1,1,0.02,0.014,0.9358125,0.0301875,1,0.74,0.26,0.92,0.08,0.96,0.04,0.15,0.85,1,1,0,0.01,0.99,0.35,0.65
Wuhu City,Largecities,3,安徽省,61.5052,52.67682292,3554.497161,132,13990.47445,85,455.0283935,104,0.168166048,6180.875618,159,24327.88056,102,791.2438175,125,0.386713826,11453.37974,415,45080.41766,267,1466.202601,326,5.239700007,5924.161934,159,23317.45741,102,758.3806558,125,0.215824442,6911.522257,658,27203.70031,423,884.7774318,517,2.817972756,14810.40484,850,58293.64352,546,1895.951639,668,0.001453082,0.003058567,0.00E+00,0.6,0.73,0.26,0.01,0.531673684,0.421326316,0.047,1,1,0.02,0.473443158,0.471524399,0.035032444,1,0.74,0.26,0.92,0.08,0.96,0.04,0.15,0.85,1,1,0,0.01,0.99,0.35,0.65
Wuzhong City,Medium-small-cities,3,宁夏回族自治区,32.2,25.07092452,5444.501678,132,11717.63403,85,837.8642889,104,0.076016079,9467.383473,159,20375.66362,102,1456.952902,125,0.203394372,17543.39429,415,37756.82077,267,2699.784931,326,5.064314426,9074.169463,159,19529.39006,102,1396.440481,125,0.168468066,10586.53104,658,22784.2884,423,1629.180562,517,1.616882537,22685.42366,850,48823.47514,546,3491.101204,668,0.01435267,0.003412203,0,0.6,0.756,0.234,0.01,0.564,0.396,0.04,1,1,0.02,0.686,0.147,0.147,1,0.74,0.26,0.92,0.08,0.96,0.04,0.15,0.85,1,1,0,0.01,0.99,0.35,0.65
Wuzhou City,Medium-small-cities,3,广西壮族自治区,27.4065,23.77870034,3273.725685,132,14042.73649,85,683.5378293,104,0.06743122,5692.645219,159,24418.75844,102,1188.596336,125,0.160200233,10548.67165,415,45248.81756,267,2202.510783,326,2.34170238,5456.209475,159,23404.56081,102,1139.229715,125,0.202702335,6365.577721,658,27305.32094,423,1329.101335,517,0.855763488,13640.52369,850,58511.40202,546,2848.074289,668,0.018643291,0.007191762,0.040289853,0.6,0.717,0.273,0.01,0.498,0.462,0.04,1,1,0.02,0.686,0.147,0.147,1,0.74,0.26,0.92,0.08,0.96,0.04,0.15,0.85,1,1,0,0.01,0.99,0.35,0.65
Wuhan City,Extra-large-cities,3,湖北省,334.439,294.4194891,6342.295014,132,10654.25671,85,1003.448275,104,1.082453326,11028.54633,159,18526.56861,102,1744.885056,125,2.407188624,20436.28393,415,34330.38274,267,3233.33333,326,24.91987314,10570.49169,159,17757.09452,102,1672.413791,125,2.270416543,12332.24031,658,20716.61027,423,1951.149423,517,9.339579239,26426.22923,850,44392.7363,546,4181.034478,668,0.004351303,0.002226017,0.029367158,0.6,0.73684375,0.23215625,0.031,0.542647727,0.358352273,0.099,1,1,0.02,0.014,0.9358125,0.0301875,1,0.74,0.26,0.92,0.08,0.96,0.04,0.15,0.85,1,1,0,0.01,0.99,0.35,0.65
Wuwei City,Medium-small-cities,3,甘肃省,21.96,17.92466491,3159.468012,132,14207.0805,85,633.4514921,104,0.069530343,5493.963821,159,24704.53442,102,1101.501761,125,0.153868074,10180.50804,415,45778.37049,267,2041.121475,326,2.951176781,5265.78002,159,23678.46749,102,1055.752487,125,0.166744063,6143.410024,658,27624.87874,423,1231.711235,517,0.694015831,13164.45005,850,59196.16873,546,2639.381217,668,0.009740272,0.006963362,0,0.6,0.756,0.234,0.01,0.564,0.396,0.04,1,1,0.02,0.686,0.147,0.147,1,0.74,0.26,0.92,0.08,0.96,0.04,0.15,0.85,1,1,0,0.01,0.99,0.35,0.65
Xi'an City,Extra-large-cities,3,陕西省,341.2616,306.0191495,3816.225908,132,13415.95697,85,767.8171224,104,0.874325903,6635.992828,159,23328.85851,102,1335.148663,125,2.170564888,12296.72792,415,43229.19468,267,2474.077394,326,22.42747608,6360.376513,159,22359.92828,102,1279.695204,125,0.838742872,7420.439265,658,26086.583,423,1492.977738,517,8.931340769,15900.94128,850,55899.82071,546,3199.23801,668,0.006620294,0.002950557,0.19584649,0.6,0.748451563,0.220548438,0.031,0.560565341,0.340434659,0.099,1,1,0.02,0.014,0.9358125,0.0301875,1,0.74,0.26,0.92,0.08,0.96,0.04,0.15,0.85,1,1,0,0.01,0.99,0.35,0.65
Xining City,Medium-small-cities,3,青海省,49.0554,40.5603497,3162.472111,132,14311.06507,85,526.4628203,104,0.239879707,5499.187615,159,24885.35204,102,915.4603486,125,0.384634702,10190.18791,415,46113.43189,267,1696.380199,326,6.133475946,5270.786852,159,23851.77511,102,877.4380338,125,0.306053419,6149.251327,658,27827.07097,423,1023.677706,517,1.431006526,13176.96713,850,59629.43779,546,2193.595084,668,0.031386197,0.005446679,0.07492335,0.6,0.743,0.247,0.01,0.542,0.418,0.04,1,1,0.02,0.686,0.147,0.147,1,0.74,0.26,0.92,0.08,0.96,0.04,0.15,0.85,1,1,0,0.01,0.99,0.35,0.65
Xishuangbanna Dai Autonomous Prefecture,Medium-small-cities,3,云南省,20.74,17.63163825,1876.57563,132,15539.65336,85,583.7710084,104,0.058097597,3263.156513,159,27021.73057,102,1015.11292,125,0.088690051,6046.743697,415,50072.21639,267,1881.039916,326,2.369932879,3127.62605,159,25899.42227,102,972.9516807,125,0.13977103,3648.897059,658,30215.99265,423,1135.110294,517,0.451870196,7819.065126,850,64748.55567,546,2432.379202,668,0.00701957,0.004705548,0.130452211,0.6,0.73,0.26,0.01,0.52,0.44,0.04,1,1,0.02,0.686,0.147,0.147,1,0.74,0.26,0.92,0.08,0.96,0.04,0.15,0.85,1,1,0,0.01,0.99,0.35,0.65
Xianning City,Medium-small-cities,3,湖北省,26.43,23.26734351,2812.923363,132,14717.59064,85,469.4859948,104,0.085543975,4891.361181,159,25592.25484,102,816.3839799,125,0.190234977,9063.86417,415,47423.34762,267,1512.788206,326,1.96936436,4688.205605,159,24529.31774,102,782.476658,125,0.179426171,5469.573206,658,28617.53736,423,912.8894344,517,0.738087003,11720.51401,850,61323.29434,546,1956.191645,668,0.001421124,0.003652289,0,0.6,0.73,0.26,0.01,0.52,0.44,0.04,1,1,0.02,0.686,0.147,0.147,1,0.74,0.26,0.92,0.08,0.96,0.04,0.15,0.85,1,1,0,0.01,0.99,0.35,0.65
Xianyang City,Medium-small-cities,3,陕西省,45.2991,40.62101348,3177.837774,132,14260.12443,85,562.0377979,104,0.116058111,5525.906797,159,24796.77192,102,977.3212818,125,0.288121007,10239.6995,415,45949.28982,267,1811.010682,326,2.977025489,5296.396291,159,23766.87405,102,936.7296631,125,0.111334815,6179.129006,658,27728.01972,423,1092.851274,517,1.185547095,13240.99073,850,59417.18512,546,2341.824158,668,0.009224911,0.005620228,0,0.6,0.756,0.234,0.01,0.564,0.396,0.04,1,1,0.02,0.686,0.147,0.147,1,0.74,0.26,0.92,0.08,0.96,0.04,0.15,0.85,1,1,0,0.01,0.99,0.35,0.65
Xiangtan City,Medium-small-cities,3,湖南省,38.4975,34.40577231,1814.954683,132,15539.27492,85,645.7703927,104,0.186956518,3156.004532,159,27021.07251,102,1122.922961,125,0.27355158,5848.187311,415,50070.99698,267,2080.81571,326,2.626272796,3024.924471,159,25898.79154,102,1076.283988,125,0.218930079,3529.07855,658,30215.2568,423,1255.664653,517,0.786016715,7562.311178,850,64746.97885,546,2690.70997,668,0.002420094,0.004792062,0,0.6,0.717,0.273,0.01,0.498,0.462,0.04,1,1,0.02,0.686,0.147,0.147,1,0.74,0.26,0.92,0.08,0.96,0.04,0.15,0.85,1,1,0,0.01,0.99,0.35,0.65
Xiangyang City,Largecities,3,湖北省,79.7164,70.17740683,2596.206347,132,14997.77337,85,406.0202784,104,0.258012021,4514.51437,159,26079.46148,102,706.0241508,125,0.573774025,8365.553784,415,48326.15865,267,1308.287564,326,5.939865193,4327.010578,159,24996.28896,102,676.700464,125,0.541173228,5048.179008,658,29162.33712,423,789.4838747,517,2.226168702,10817.52645,850,62490.72239,546,1691.75116,668,0.002605389,0.002907597,0.021774214,0.6,0.743,0.247,0.01,0.55274,0.40026,0.047,1,1,0.02,0.473443158,0.471524399,0.035032444,1,0.74,0.26,0.92,0.08,0.96,0.04,0.15,0.85,1,1,0,0.01,0.99,0.35,0.65
Xiaogan City,Medium-small-cities,3,湖北省,31.4296,27.6686833,2619.584771,132,14973.46336,85,406.9518663,104,0.101725801,4555.166851,159,26037.18907,102,707.6440786,125,0.226220553,8440.884261,415,48247.82639,267,1311.289347,326,2.341896863,4365.974618,159,24955.77227,102,678.2531104,125,0.213367113,5093.637054,658,29115.06765,423,791.2952955,517,0.877706367,10914.93654,850,62389.43068,546,1695.632776,668,0.008325962,0.007377814,0,0.6,0.743,0.247,0.01,0.542,0.418,0.04,1,1,0.02,0.686,0.147,0.147,1,0.74,0.26,0.92,0.08,0.96,0.04,0.15,0.85,1,1,0,0.01,0.99,0.35,0.65
Xinzhou City,Medium-small-cities,3,山西省,40.2784,35.65484221,3799.965748,132,13284.46652,85,915.5677342,104,0.069441592,6607.718217,159,23100.21122,102,1592.07056,125,0.205478808,12244.33408,415,42805.50323,267,2950.162699,326,2.520957459,6333.276246,159,22140.77753,102,1525.946224,125,0.072287559,7388.822287,658,25830.90712,423,1780.270594,517,1.755392369,15833.19061,850,55351.94383,546,3814.865559,668,0.002868673,0.003918825,0.006276973,0.6,0.756,0.234,0.01,0.564,0.396,0.04,1,1,0.02,0.686,0.147,0.147,1,0.74,0.26,0.92,0.08,0.96,0.04,0.15,0.85,1,1,0,0.01,0.99,0.35,0.65
Xinxiang City,Medium-small-cities,3,河南省,105.0265,92.69938151,4945.34712,132,12697.04579,85,357.6070901,104,0.238796213,8599.409158,159,22078.75185,102,621.8389956,125,0.518155071,15935.00739,415,40912.7031,267,1152.289513,326,7.532221378,8242.245199,159,21161.74298,102,596.0118168,125,0.259077535,9615.952733,658,24688.70015,423,695.3471196,517,3.778868295,20605.613,850,52904.35746,546,1490.029542,668,0.00269844,0.001825688,0,0.6,0.756,0.234,0.01,0.564,0.396,0.04,1,1,0.02,0.686,0.147,0.147,1,0.74,0.26,0.92,0.08,0.96,0.04,0.15,0.85,1,1,0,0.01,0.99,0.35,0.65
Xinyu City,Medium-small-cities,3,江西省,19.2386,16.54142562,3059.04059,132,14468.63469,85,472.3247232,104,0.045038694,5319.331693,159,25159.34809,102,821.3202132,125,0.097476603,9856.908569,415,46621.15621,267,1521.935219,326,1.56059076,5098.400984,159,24114.39114,102,787.2078721,125,0.122891295,5948.134481,658,28133.45633,423,918.4091841,517,0.871177031,12746.00246,850,60285.97786,546,1968.01968,668,0.022879614,0.005733456,0,0.6,0.704,0.286,0.01,0.476,0.484,0.04,1,1,0.02,0.686,0.147,0.147,1,0.74,0.26,0.92,0.08,0.96,0.04,0.15,0.85,1,1,0,0.01,0.99,0.35,0.65
Xinyang City,Medium-small-cities,3,河南省,66.5127,58.70600422,2815.016403,132,14787.72741,85,397.2561885,104,0.151228318,4895.000746,159,25714.21488,102,690.7843722,125,0.328144733,9070.60841,415,47649.34387,267,1280.047718,326,4.770114027,4691.694005,159,24646.21235,102,662.0936475,125,0.164072366,5473.643006,658,28753.91441,423,772.4425887,517,2.393136335,11729.23501,850,61615.53087,546,1655.234119,668,0.001620536,0.004643071,0.003686577,0.6,0.743,0.247,0.01,0.542,0.418,0.04,1,1,0.02,0.686,0.147,0.147,1,0.74,0.26,0.92,0.08,0.96,0.04,0.15,0.85,1,1,0,0.01,0.99,0.35,0.65
Xingtai City,Medium-small-cities,3,河北省,141.2,122.27219,2427.314684,132,15108.35435,85,464.330962,104,0.189321128,4220.830534,159,26271.74952,102,807.4199506,125,0.580871643,7821.347315,415,48682.47514,267,1496.177544,326,11.57956863,4045.524473,159,25180.59059,102,773.8849366,125,0.380363357,4719.778552,658,29377.35569,423,902.8657594,517,6.19768529,10113.81118,850,62951.47647,546,1934.712342,668,0.002840571,0.003801795,0,0.6,0.756,0.234,0.01,0.564,0.396,0.04,1,1,0.02,0.686,0.147,0.147,1,0.74,0.26,0.92,0.08,0.96,0.04,0.15,0.85,1,1,0,0.01,0.99,0.35,0.65
Xuzhou City,Largecities,3,江苏省,151.4,140.1486352,3448.237052,132,13890.54183,85,661.2211215,104,0.314106234,5996.101096,159,24154.10884,102,1149.790061,125,0.916076915,11110.98606,415,44758.41255,267,2130.601391,326,5.137823742,5747.061753,159,23150.90304,102,1102.035202,125,0.889039923,6704.905379,658,27009.38689,423,1285.707736,517,3.994318009,14367.65438,850,57877.25761,546,2755.088006,668,0.001087064,0.002817627,0.017159301,0.6,0.73,0.26,0.01,0.531673684,0.421326316,0.047,1,1,0.02,0.473443158,0.471524399,0.035032444,1,0.74,0.26,0.92,0.08,0.96,0.04,0.15,0.85,1,1,0,0.01,0.99,0.35,0.65
Xuchang City,Largecities,3,河南省,70.6631,62.36926552,4035.133247,132,13460.02595,85,504.8408025,104,0.160664982,7016.648368,159,23405.48957,102,877.8620621,125,0.348621001,13002.09602,415,43371.19473,267,1626.709252,326,5.067769682,6725.222078,159,22433.37658,102,841.4013375,125,0.174310501,7846.092424,658,26172.27268,423,981.6348937,517,2.542468312,16813.0552,850,56083.44146,546,2103.503344,668,0.001544606,0.001544724,0,0.6,0.73,0.26,0.01,0.531673684,0.421326316,0.047,1,1,0.02,0.473443158,0.471524399,0.035032444,1,0.74,0.26,0.92,0.08,0.96,0.04,0.15,0.85,1,1,0,0.01,0.99,0.35,0.65
Xuancheng City,Medium-small-cities,3,安徽省,43.3812,37.15431851,5051.580699,132,12440.69408,85,507.7252199,104,0.11861184,8784.137549,159,21632.98471,102,882.8777434,125,0.272759211,16277.31559,415,40086.68093,267,1636.003486,326,3.695695225,8419.301165,159,20734.49014,102,846.2086998,125,0.152226531,9822.518026,658,24190.23849,423,987.2434831,517,1.987588687,21048.25291,850,51836.22534,546,2115.521749,668,0.011367985,0.003177638,0,0.6,0.717,0.273,0.01,0.498,0.462,0.04,1,1,0.02,0.686,0.147,0.147,1,0.74,0.26,0.92,0.08,0.96,0.04,0.15,0.85,1,1,0,0.01,0.99,0.35,0.65
Ya'an City,Medium-small-cities,3,四川省,32.12,28.77523309,2486.06063,132,14886.73481,85,627.2045593,104,0.059001527,4322.983206,159,25886.37775,102,1090.639039,125,0.207717703,8010.639807,415,47968.36772,267,2020.992469,326,2.146685679,4143.434383,159,24811.22468,102,1045.340932,125,0.168383352,4834.00678,658,28946.4288,423,1219.564421,517,0.762978645,10358.58596,850,62028.06171,546,2613.35233,668,0.003409369,0.008694202,0,0.6,0.717,0.273,0.01,0.498,0.462,0.04,1,1,0.02,0.686,0.147,0.147,1,0.74,0.26,0.92,0.08,0.96,0.04,0.15,0.85,1,1,0,0.01,0.99,0.35,0.65
Yantai City,Largecities,3,山东省,174.1372,153.1386086,3239.599538,132,14113.59176,85,646.8086992,104,0.300418678,5633.30364,159,24541.9679,102,1124.72846,125,0.991906061,10438.70962,415,45477.12901,267,2084.161364,326,12.76142586,5399.332563,159,23522.65294,102,1078.014499,125,0.598589836,6299.221323,658,27443.09509,423,1257.683582,517,6.346250936,13498.33141,850,58806.63235,546,2695.036247,668,0.001290496,0.002494697,0.019374517,0.6,0.756,0.234,0.01,0.573806316,0.379193684,0.047,1,1,0.02,0.473443158,0.471524399,0.035032444,1,0.74,0.26,0.92,0.08,0.96,0.04,0.15,0.85,1,0.9,0.1,0.01,0.99,0.35,0.65
Yan'an City,Medium-small-cities,3,陕西省,37.3688,33.50968405,4153.316201,132,13017.98896,85,828.6948439,104,0.095740364,7222.155394,159,22636.83635,102,1441.008256,125,0.23768102,13382.90776,415,41946.8533,267,2670.238941,326,2.455851664,6922.193668,159,21696.64826,102,1381.158073,125,0.091843954,8075.892613,658,25312.7563,423,1611.351085,517,0.977998951,17305.48417,850,54241.62065,546,3452.895183,668,0.006006825,0.00430917,0.0052397,0.6,0.756,0.234,0.01,0.564,0.396,0.04,1,1,0.02,0.686,0.147,0.147,1,0.74,0.26,0.92,0.08,0.96,0.04,0.15,0.85,1,1,0,0.01,0.99,0.35,0.65
Yancheng City,Largecities,3,江苏省,136.38,126.2448538,2738.151701,132,14731.49986,85,530.3484372,104,0.282944572,4761.341568,159,25616.44143,102,922.2170048,125,0.825195309,8822.933258,415,47468.16622,267,1708.90052,326,4.628113619,4563.586168,159,24552.49977,102,883.9140621,125,0.800840586,5324.183863,658,28644.58307,423,1031.233072,517,3.598052114,11408.96542,850,61381.24943,546,2209.785155,668,0.001358513,0.002862823,0.00684242,0.6,0.743,0.247,0.01,0.55274,0.40026,0.047,1,1,0.02,0.473443158,0.471524399,0.035032444,1,0.74,0.26,0.92,0.08,0.96,0.04,0.15,0.85,1,0.9,0.1,0.01,0.99,0.35,0.65
Yangzhou City,Largecities,3,江苏省,82.73,76.58187971,4736.212373,132,12537.37217,85,726.4154598,104,0.171638103,8235.747071,159,21801.09716,102,1263.155772,125,0.500574922,15261.12876,415,40398.19921,267,2340.672037,326,2.807477927,7893.687288,159,20895.62028,102,1210.692433,125,0.48580101,9209.301836,658,24378.22366,423,1412.474505,517,2.182628328,19734.21822,850,52239.0507,546,3026.731083,668,0.002040125,0.003044862,0.028493925,0.6,0.756,0.234,0.01,0.573806316,0.379193684,0.047,1,1,0.02,0.473443158,0.471524399,0.035032444,1,0.74,0.26,0.92,0.08,0.96,0.04,0.15,0.85,1,1,0,0.01,0.99,0.35,0.65
Yangjiang City,Medium-small-cities,3,广东省,42.9027,38.08885444,3458.124968,132,13721.161,85,820.7140363,104,0.095114808,6013.295083,159,23859.5744,102,1427.130519,125,0.324019512,11142.84712,415,44212.62988,267,2644.523006,326,3.404147879,5763.541613,159,22868.60166,102,1367.856727,125,0.205958719,6724.131882,658,26680.03527,423,1595.832848,517,0.784604643,14408.85403,850,57171.50415,546,3419.641818,668,0.008934116,0.005988214,0,0.6,0.704,0.286,0.01,0.476,0.484,0.04,1,1,0.02,0.686,0.147,0.147,1,0.74,0.26,0.92,0.08,0.96,0.04,0.15,0.85,1,0.9,0.1,0.01,0.99,0.35,0.65
Yangquan City,Medium-small-cities,3,山西省,25.2758,22.37439076,3635.918082,132,13475.58201,85,888.4999125,104,0.043576502,6322.457553,159,23432.53982,102,1545.002626,125,0.128943584,11715.73604,415,43421.3198,267,2862.944162,326,1.581969903,6059.863469,159,22459.30334,102,1480.833187,125,0.045362424,7069.840714,658,26202.52057,423,1727.638719,517,1.101556826,15149.65867,850,56148.25836,546,3702.082969,668,0.007803347,0.004918708,0,0.6,0.743,0.247,0.01,0.542,0.418,0.04,1,1,0.02,0.686,0.147,0.147,1,0.74,0.26,0.92,0.08,0.96,0.04,0.15,0.85,1,1,0,0.01,0.99,0.35,0.65
Yichun City (Heilongjiang),Medium-small-cities,3,黑龙江省,8.5064,7.25321612,3562.86611,132,13971.92696,85,465.2069302,104,0.034810663,6195.42829,159,24295.62855,102,808.943162,125,0.084540182,11480.34635,415,45020.65354,267,1499.000108,326,0.723896032,5938.110183,159,23286.54493,102,775.3448837,125,0.069455562,6927.795213,658,27167.63576,423,904.569031,517,0.34048144,14845.27546,850,58216.36233,546,1938.362209,668,0.002455553,0.004332664,0.003203604,0.6,0.73,0.26,0.01,0.52,0.44,0.04,1,1,0.02,0.686,0.147,0.147,1,0.74,0.26,0.92,0.08,0.96,0.04,0.15,0.85,1,1,0,0.01,0.99,0.35,0.65
Yibin City,Medium-small-cities,3,四川省,79.81,71.49910813,1961.703767,132,15441.6759,85,596.6203312,104,0.146603731,3411.184884,159,26851.35865,102,1037.456465,125,0.516125463,6321.045472,415,49756.51124,267,1922.443289,326,5.333965879,3269.506279,159,25736.1265,102,994.3672187,125,0.418389643,3814.423992,658,30025.48092,423,1160.095088,517,1.89580715,8173.765697,850,64340.31626,546,2485.918047,668,0.00273682,0.006569223,0.011330057,0.6,0.73,0.26,0.01,0.52,0.44,0.04,1,1,0.02,0.686,0.147,0.147,1,0.74,0.26,0.92,0.08,0.96,0.04,0.15,0.85,1,1,0,0.01,0.99,0.35,0.65
Yichang City,Largecities,3,湖北省,69.3144,61.02012695,2650.214758,132,14927.54892,85,422.2363219,104,0.224344657,4608.428995,159,25957.34896,102,734.2220487,125,0.498903642,8539.580886,415,48099.87985,267,1360.53926,326,5.164786567,4417.024596,159,24879.2482,102,703.7272032,125,0.470556844,5153.195362,658,29025.78957,423,821.0150704,517,1.935681339,11042.56149,850,62198.1205,546,1759.318008,668,0.009695521,0.003602415,0.013500756,0.6,0.73,0.26,0.01,0.531673684,0.421326316,0.047,1,1,0.02,0.473443158,0.471524399,0.035032444,1,0.74,0.26,0.92,0.08,0.96,0.04,0.15,0.85,1,1,0,0.01,0.99,0.35,0.65
Yichun City (Jiangxi),Medium-small-cities,3,江西省,78.1102,67.15946396,2819.31645,132,14670.63348,85,510.0500689,104,0.182860573,4902.478049,159,25510.60155,102,886.9203976,125,0.395762526,9084.464117,415,47272.04122,267,1643.494667,326,6.336118862,4698.86075,159,24451.0558,102,850.0834482,125,0.498948136,5482.004209,658,28526.23177,423,991.7640229,517,3.537045945,11747.15188,850,61127.6395,546,2125.208621,668,0.014105616,0.00400637,0.001786874,0.6,0.704,0.286,0.01,0.476,0.484,0.04,1,1,0.02,0.686,0.147,0.147,1,0.74,0.26,0.92,0.08,0.96,0.04,0.15,0.85,1,1,0,0.01,0.99,0.35,0.65
Yiyang City,Medium-small-cities,3,湖南省,45.4055,40.57955178,1690.919138,132,15830.53969,85,478.5411678,104,0.220504037,2940.320501,159,27527.54958,102,832.1299196,125,0.322637736,5448.517222,415,51009.51679,267,1541.965985,326,3.097531774,2818.198563,159,26384.23282,102,797.568613,125,0.258214942,3287.898324,658,30781.60496,423,930.4967152,517,0.927059729,7045.496408,850,65960.58206,546,1993.921533,668,0.006707551,0.004951799,0,0.6,0.717,0.273,0.01,0.498,0.462,0.04,1,1,0.02,0.686,0.147,0.147,1,0.74,0.26,0.92,0.08,0.96,0.04,0.15,0.85,1,1,0,0.01,0.99,0.35,0.65
Yinchuan City,Medium-small-cities,3,宁夏回族自治区,92.7,72.17623301,4598.461568,132,12675.79024,85,725.7481947,104,0.218841319,7996.213727,159,22041.7908,102,1261.995472,125,0.585548395,14817.26505,415,40844.21299,267,2338.521961,326,14.57956358,7664.102614,159,21126.31706,102,1209.580324,125,0.484999681,8941.453049,658,24647.36991,423,1411.177045,517,4.654814011,19160.25653,850,52815.79265,546,3023.950811,668,0.011035662,0.002894584,0.122384764,0.6,0.756,0.234,0.01,0.564,0.396,0.04,1,1,0.02,0.686,0.147,0.147,1,0.74,0.26,0.92,0.08,0.96,0.04,0.15,0.85,1,1,0,0.01,0.99,0.35,0.65
Yingtan City,Medium-small-cities,3,江西省,14.3315,12.32228131,2770.320803,132,14871.87562,85,357.803582,104,0.033550885,4817.280063,159,25860.53926,102,622.1806731,125,0.0726137,8926.589254,415,47920.48809,267,1152.922653,326,1.162538151,4617.201338,159,24786.45936,102,596.3393033,125,0.091545985,5386.734895,658,28917.53592,423,695.7291872,517,0.648969968,11543.00335,850,61966.1484,546,1490.848258,668,0.008680815,0.005701653,0,0.6,0.704,0.286,0.01,0.476,0.484,0.04,1,1,0.02,0.686,0.147,0.147,1,0.74,0.26,0.92,0.08,0.96,0.04,0.15,0.85,1,1,0,0.01,0.99,0.35,0.65
Yingkou City,Medium-small-cities,3,辽宁省,46.1484,40.18687171,3918.839761,132,13502.58247,85,578.5777716,104,0.216469549,6814.426918,159,23479.49062,102,1006.082458,125,0.403861098,12627.37256,415,43508.32128,267,1864.306153,326,3.342892932,6531.399602,159,22504.30411,102,964.296286,125,0.23908577,7619.966202,658,26255.02146,423,1125.012334,517,1.759218945,16328.49901,850,56260.76028,546,2410.740715,668,0.001717296,0.002575395,0.000599511,0.6,0.743,0.247,0.01,0.542,0.418,0.04,1,1,0.02,0.686,0.147,0.147,1,0.74,0.26,0.92,0.08,0.96,0.04,0.15,0.85,1,0.9,0.1,0.01,0.99,0.35,0.65
Yongzhou City,Medium-small-cities,3,湖南省,47.2512,42.22908056,1545.2617,132,16071.34508,85,383.3932205,104,0.229467363,2687.0384,159,27946.28339,102,666.6782112,125,0.335752722,4979.176588,415,51785.44526,267,1235.378155,326,3.22344415,2575.436166,159,26785.57513,102,638.9887008,125,0.268711188,3004.675527,658,31249.83766,423,745.4868176,517,0.964744022,6438.590415,850,66963.93783,546,1597.471752,668,0.005006132,0.006339658,0.000474433,0.6,0.704,0.286,0.01,0.476,0.484,0.04,1,1,0.02,0.686,0.147,0.147,1,0.74,0.26,0.92,0.08,0.96,0.04,0.15,0.85,1,1,0,0.01,0.99,0.35,0.65
Yulin City (Shaanxi),Largecities,3,陕西省,72.868,65.34284369,3313.347802,132,13986.50298,85,700.1492132,104,0.186690738,5761.543679,159,24320.97463,102,1217.481687,125,0.463470611,10676.34292,415,45067.62073,267,2256.036354,326,4.78883451,5522.246337,159,23310.83831,102,1166.915355,125,0.179092859,6442.620727,658,27195.97802,423,1361.401248,517,1.907067596,13805.61584,850,58277.09577,546,2917.288388,668,0.004427127,0.004063006,0.025326372,0.6,0.756,0.234,0.01,0.573806316,0.379193684,0.047,1,1,0.02,0.473443158,0.471524399,0.035032444,1,0.74,0.26,0.92,0.08,0.96,0.04,0.15,0.85,1,1,0,0.01,0.99,0.35,0.65
Yulin City (Guangxi),Medium-small-cities,3,广西壮族自治区,66.94,58.07914915,3738.541098,132,13652.41565,85,609.043247,104,0.16469983,6500.907577,159,23740.03389,102,1059.058535,125,0.391286869,12046.41021,415,43991.11711,267,1962.472685,326,5.719575915,6230.901831,159,22754.02609,102,1015.072078,125,0.495097671,7269.385469,658,26546.36377,423,1184.250758,517,2.09019057,15577.25458,850,56885.06523,546,2537.680196,668,0.00527463,0.004662917,0,0.6,0.717,0.273,0.01,0.498,0.462,0.04,1,1,0.02,0.686,0.147,0.147,1,0.74,0.26,0.92,0.08,0.96,0.04,0.15,0.85,1,1,0,0.01,0.99,0.35,0.65
Yuxi City,Medium-small-cities,3,云南省,46.8,39.78595323,1701.652369,132,15835.10853,85,463.2391042,104,0.131097759,2958.984397,159,27535.49427,102,805.5213311,125,0.200129912,5483.102078,415,51024.23859,267,1492.659336,326,5.347775252,2836.087282,159,26391.84754,102,772.0651736,125,0.315394609,3308.768496,658,30790.4888,423,900.7427025,517,1.019649237,7090.218205,850,65979.61886,546,1930.162934,668,0.006914993,0.003174478,0,0.6,0.743,0.247,0.01,0.542,0.418,0.04,1,1,0.02,0.686,0.147,0.147,1,0.74,0.26,0.92,0.08,0.96,0.04,0.15,0.85,1,1,0,0.01,0.99,0.35,0.65
Yueyang City,Largecities,3,湖南省,64.0815,57.27056298,1611.315637,132,15964.05735,85,424.6270103,104,0.311200834,2801.898857,159,27759.72195,102,738.3791901,125,0.455343738,5192.017051,415,51439.74036,267,1368.242589,326,4.371595564,2685.526061,159,26606.76226,102,707.7116838,125,0.364422829,3133.113738,658,31041.22263,423,825.6636311,517,1.308374053,6713.815152,850,66516.90564,546,1769.279209,668,0.002279372,0.004601296,2.67E-03,0.6,0.73,0.26,0.01,0.531673684,0.421326316,0.047,1,1,0.02,0.473443158,0.471524399,0.035032444,1,0.74,0.26,0.92,0.08,0.96,0.04,0.15,0.85,1,1,0,0.01,0.99,0.35,0.65
Yunfu City,Medium-small-cities,3,广东省,35.9123,31.88280382,3037.773472,132,14171.0528,85,791.173725,104,0.079617169,5282.350537,159,24641.88626,102,1375.7632,125,0.271225026,9788.381186,415,45662.28126,267,2549.337558,326,2.84948919,5062.955786,159,23618.42134,102,1318.622875,125,0.172400602,5906.78175,658,27554.8249,423,1538.393354,517,0.656764197,12657.38946,850,59046.05335,546,3296.557188,668,0.00180791,0.011330314,0,0.6,0.717,0.273,0.01,0.498,0.462,0.04,1,1,0.02,0.686,0.147,0.147,1,0.74,0.26,0.92,0.08,0.96,0.04,0.15,0.85,1,1,0,0.01,0.99,0.35,0.65
Yuncheng City,Medium-small-cities,3,山西省,91.3089,80.8275508,4985.274767,132,12334.60743,85,680.1178019,104,0.157420239,8668.8389,159,21448.51181,102,1182.649289,125,0.465809068,16063.66314,415,39744.84617,267,2191.490695,326,5.714870811,8308.791278,159,20557.67905,102,1133.52967,125,0.163871888,9693.589824,658,23983.95889,423,1322.451281,517,3.979377192,20771.97819,850,51394.19763,546,2833.824174,668,0.000961944,0.001679068,0.014181887,0.6,0.756,0.234,0.01,0.564,0.396,0.04,1,1,0.02,0.686,0.147,0.147,1,0.74,0.26,0.92,0.08,0.96,0.04,0.15,0.85,1,1,0,0.01,0.99,0.35,0.65
Zaozhuang City,Medium-small-cities,3,山东省,83.1533,73.12613655,4080.476334,132,13232.03037,85,687.4932923,104,0.143454727,7095.494959,159,23009.03059,102,1195.474447,125,0.473651019,13148.20152,415,42636.54231,267,2215.256164,326,6.093785089,6800.79389,159,22053.38396,102,1145.822154,125,0.285836227,7934.259538,658,25728.94795,423,1336.792513,517,3.030436391,17001.98473,850,55133.45989,546,2864.555385,668,0.005284267,0.007526104,0,0.6,0.743,0.247,0.01,0.542,0.418,0.04,1,1,0.02,0.686,0.147,0.147,1,0.74,0.26,0.92,0.08,0.96,0.04,0.15,0.85,1,1,0,0.01,0.99,0.35,0.65
Zhanjiang City,Largecities,3,广东省,67.64,60.05053561,2404.206818,132,15068.14143,85,527.6517551,104,0.149957127,4180.648522,159,26201.8237,102,917.5277741,125,0.510846165,7746.888636,415,48552.90015,267,1700.211211,326,5.36694806,4007.011363,159,25113.56904,102,879.4195918,125,0.324712611,4674.846591,658,29299.16389,423,1025.989524,517,1.237000423,10017.52841,850,62783.92261,546,2198.54898,668,0.001904058,0.009059786,0.013695577,0.6,0.73,0.26,0.01,0.531673684,0.421326316,0.047,1,1,0.02,0.473443158,0.471524399,0.035032444,1,0.74,0.26,0.92,0.08,0.96,0.04,0.15,0.85,1,0.9,0.1,0.01,0.99,0.35,0.65
Zhangjiajie City,Medium-small-cities,3,湖南省,16.9139,15.11619696,1899.966876,132,15776.0848,85,323.9483273,104,0.08213946,3303.831291,159,27432.85856,102,563.3101468,125,0.120185053,6122.115491,415,50834.05101,267,1043.833499,326,1.153854548,3166.611461,159,26293.47466,102,539.9138788,125,0.096187063,3694.380038,658,30675.72044,423,629.8995252,517,0.345336921,7916.528652,850,65733.68665,546,1349.784697,668,0.006688006,0.007001037,0.011533709,0.6,0.717,0.273,0.01,0.498,0.462,0.04,1,1,0.02,0.686,0.147,0.147,1,0.74,0.26,0.92,0.08,0.96,0.04,0.15,0.85,1,1,0,0.01,0.99,0.35,0.65
Zhangjiakou City,Medium-small-cities,3,河北省,64.41,55.77586229,4771.969154,132,12225.69943,85,1002.33142,104,0.086361005,8297.924139,159,21259.13289,102,1742.94297,125,0.264971264,15376.34505,415,39393.92037,267,3229.734577,326,5.282153083,7953.281923,159,20376.16571,102,1670.552367,125,0.173507109,9278.82891,658,23772.19333,423,1948.977762,517,2.827145251,19883.20481,850,50940.41428,546,4176.380918,668,0.006562088,0.004721194,0.00100535,0.6,0.756,0.234,0.01,0.564,0.396,0.04,1,1,0.02,0.686,0.147,0.147,1,0.74,0.26,0.92,0.08,0.96,0.04,0.15,0.85,1,1,0,0.01,0.99,0.35,0.65
Zhangye City,Medium-small-cities,3,甘肃省,20.5,16.73295221,3320.67416,132,14074.61154,85,604.7143004,104,0.064907652,5774.2834,159,24474.18562,102,1051.530978,125,0.143638229,10699.95007,415,45351.52607,267,1948.523857,326,2.754969217,5534.456933,159,23457.6859,102,1007.857167,125,0.155658165,6456.866421,658,27367.30022,423,1175.833362,517,0.647874524,13836.14233,850,58644.21475,546,2519.642918,668,0.035326364,0.005255449,0.004329876,0.6,0.756,0.234,0.01,0.564,0.396,0.04,1,1,0.02,0.686,0.147,0.147,1,0.74,0.26,0.92,0.08,0.96,0.04,0.15,0.85,1,1,0,0.01,0.99,0.35,0.65
Zhangzhou City,Largecities,3,福建省,60.88,53.23574955,4387.107018,132,12762.62305,85,850.269927,104,0.198540292,7628.691648,159,22192.78342,102,1478.524929,125,0.319820562,14136.23372,415,41124.00762,267,2739.758654,326,5.678611714,7311.84503,159,21271.03842,102,1417.116545,125,0.180572845,8530.485869,658,24816.2115,423,1653.302636,517,1.266705033,18279.61258,850,53177.59606,546,3542.791362,668,0.000741458,0.001267491,0,0.6,0.704,0.286,0.01,0.489541053,0.463458947,0.047,1,1,0.02,0.473443158,0.471524399,0.035032444,1,0.74,0.26,0.92,0.08,0.96,0.04,0.15,0.85,1,0.9,0.1,0.01,0.99,0.35,0.65
Changchun City,Largecities,3,吉林省,181.7334,160.7398775,5201.91525,132,11970.05633,85,828.0284219,104,0.542342782,9045.552628,159,20814.59795,102,1439.849423,125,1.461087644,16761.72692,415,38570.1815,267,2668.091582,326,12.06915057,8669.858749,159,19950.09388,102,1380.04737,125,0.740662158,10114.83521,658,23275.10953,423,1610.055265,517,6.180279315,21674.64687,850,49875.2347,546,3450.118425,668,0.001806866,0.002472583,0.031727962,0.6,0.73,0.26,0.01,0.531673684,0.421326316,0.047,1,1,0.02,0.473443158,0.471524399,0.035032444,1,0.74,0.26,0.92,0.08,0.96,0.04,0.15,0.85,1,1,0,0.01,0.99,0.35,0.65
Changsha City,Extra-large-cities,3,湖南省,263.0833,235.1213486,2429.706263,132,14802.14299,85,768.1507482,104,1.277619007,4224.989223,159,25739.28198,102,1335.728801,125,1.86939028,7829.053513,415,47695.79408,267,2475.152411,326,17.94736058,4049.510438,159,24670.23832,102,1280.251247,125,1.496119169,4724.428844,658,28781.9447,423,1493.626455,517,5.371462332,10123.77609,850,61675.59579,546,3200.628117,668,0.001738732,0.005847026,1.13E-01,0.6,0.725235938,0.243764063,0.031,0.524730114,0.376269886,0.099,1,1,0.02,0.014,0.9358125,0.0301875,1,0.74,0.26,0.92,0.08,0.96,0.04,0.15,0.85,1,1,0,0.01,0.99,0.35,0.65
Changzhi City,Medium-small-cities,3,山西省,60.5,53.55520462,4969.782267,132,12460.96531,85,569.2524216,104,0.104304449,8641.899164,159,21668.23413,102,989.8667108,125,0.308638573,16013.74286,415,40151.99934,267,1834.257803,326,3.786593466,8282.970445,159,20768.27552,102,948.7540359,125,0.108579221,9663.465519,658,24229.65477,423,1106.879709,517,2.636679668,20707.42611,850,51920.6888,546,2371.88509,668,0.004433029,0.005085154,0.004951495,0.6,0.756,0.234,0.01,0.564,0.396,0.04,1,1,0.02,0.686,0.147,0.147,1,0.74,0.26,0.92,0.08,0.96,0.04,0.15,0.85,1,1,0,0.01,0.99,0.35,0.65
Zhaotong City,Medium-small-cities,3,云南省,38.37,32.61938089,1864.623244,132,15739.4636,85,395.9131545,104,0.107483355,3242.372641,159,27369.17837,102,688.4489854,125,0.16408087,6008.230453,415,50716.04938,267,1275.720165,326,4.384490094,3107.705407,159,26232.43934,102,659.8552576,125,0.258583144,3625.656308,658,30604.51256,423,769.8311338,517,0.83598165,7769.263516,850,65581.09834,546,1649.638144,668,0.00664924,0.010134079,0.005627933,0.6,0.73,0.26,0.01,0.52,0.44,0.04,1,1,0.02,0.686,0.147,0.147,1,0.74,0.26,0.92,0.08,0.96,0.04,0.15,0.85,1,1,0,0.01,0.99,0.35,0.65
Zhaoqing City,Medium-small-cities,3,广东省,60.1702,53.41887549,3328.261036,132,14017.82031,85,653.9186522,104,0.133396663,5787.476135,159,24375.43199,102,1137.091879,125,0.454431046,10724.39667,415,45168.53211,267,2107.071213,326,4.774251008,5547.101727,159,23363.03385,102,1089.86442,125,0.288853086,6471.618682,658,27256.87283,423,1271.50849,517,1.100392709,13867.75432,850,58407.58463,546,2724.661051,668,0.001740702,0.006801672,0,0.6,0.717,0.273,0.01,0.498,0.462,0.04,1,1,0.02,0.686,0.147,0.147,1,0.74,0.26,0.92,0.08,0.96,0.04,0.15,0.85,1,1,0,0.01,0.99,0.35,0.65
Zhenjiang City,Largecities,3,江苏省,64.75,59.93807218,4499.334649,132,12825.6681,85,674.997256,104,0.134335394,7823.843028,159,22302.41174,102,1173.745229,125,0.391783225,14497.85609,415,41327.15275,267,2174.991158,326,2.197318938,7498.891081,159,21376.11349,102,1124.995427,125,0.380220178,8748.706261,658,24938.79907,423,1312.494665,517,1.708270086,18747.2277,850,53440.28373,546,2812.488567,668,0.002567793,0.002812213,0,0.6,0.743,0.247,0.01,0.55274,0.40026,0.047,1,1,0.02,0.473443158,0.471524399,0.035032444,1,0.74,0.26,0.92,0.08,0.96,0.04,0.15,0.85,1,1,0,0.01,0.99,0.35,0.65
Zhengzhou City,Extra-large-cities,3,河南省,379.4752,334.9356242,5412.887828,132,11765.67585,85,821.4363202,104,0.862803586,9412.410501,159,20459.20301,102,1428.38649,125,1.872165588,17441.52745,415,37911.62219,267,2646.850365,326,27.21495255,9021.479714,159,19609.45975,102,1369.060534,125,0.936082794,10525.05967,658,22877.70304,423,1597.237289,517,13.65357126,22553.69928,850,49023.64938,546,3422.651334,668,0.002516185,0.001196614,0.064623512,0.6,0.748451563,0.220548438,0.031,0.560565341,0.340434659,0.099,1,1,0.02,0.014,0.9358125,0.0301875,1,0.74,0.26,0.92,0.08,0.96,0.04,0.15,0.85,1,1,0,0.01,0.99,0.35,0.65
Zhongshan City,Largecities,3,广东省,120.6398,107.1035572,5391.278793,132,11864.47092,85,744.250289,104,0.267457093,9374.83479,159,20630.99665,102,1294.168558,125,0.911123288,17371.89833,415,38229.96185,267,2398.13982,326,9.57225814,8985.464655,159,19774.1182,102,1240.417148,125,0.579143472,10483.0421,658,23069.80456,423,1447.15334,517,2.206260846,22463.66164,850,49435.29549,546,3101.042871,668,0.016010552,0.002804666,0,0.6,0.717,0.273,0.01,0.510607368,0.442392632,0.047,1,1,0.02,0.473443158,0.471524399,0.035032444,1,0.74,0.26,0.92,0.08,0.96,0.04,0.15,0.85,1,0.9,0.1,0.01,0.99,0.35,0.65
Zhongwei City,Medium-small-cities,3,宁夏回族自治区,15.42,12.00601416,3272.570215,132,14269.70006,85,457.7297281,104,0.036402731,5690.635985,159,24813.42288,102,795.9411383,125,0.097401901,10544.94847,415,45980.14463,267,1474.906902,326,2.425208958,5454.283691,159,23782.83343,102,762.8828801,125,0.080676322,6363.330973,658,27746.639,423,890.0300268,517,0.774295923,13635.70923,850,59457.08357,546,1907.2072,668,0.011741075,0.003356597,0.089566319,0.6,0.756,0.234,0.01,0.564,0.396,0.04,1,1,0.02,0.686,0.147,0.147,1,0.74,0.26,0.92,0.08,0.96,0.04,0.15,0.85,1,1,0,0.01,0.99,0.35,0.65
Chongqing,Megacities,3,重庆市,459.5,411.9610346,1593.296,132,16072.80072,85,333.9032843,104,1.089976279,2770.56471,159,27948.81458,102,580.620711,125,3.119932102,5133.953777,415,51790.13564,267,1075.910583,326,29.06936737,2655.493333,159,26788.00119,102,556.5054738,125,2.489945812,3098.075555,658,31252.66806,423,649.2563861,517,11.76974386,6638.733332,850,66970.00298,546,1391.263685,668,0.004305482,0.004190754,0.144668735,0.6,0.564925373,0.192074627,0.243,0.465263158,0.197736842,0.337,1,1,0.02,0.130727869,0.562343538,0.286928594,1,0.74,0.26,0.92,0.08,0.96,0.04,0.15,0.85,1,1,0,0.01,0.99,0.35,0.65
Zhoushan City,Medium-small-cities,3,浙江省,19.5935,17.72169346,7227.937706,132,10376.59273,85,395.4695611,104,0.037866866,12568.58057,159,18043.74181,102,687.6776257,125,0.088750468,23290.0215,415,33435.68769,267,1274.290808,326,1.393145681,12046.56284,159,17294.32122,102,659.1159352,125,0.046268577,14054.32332,658,20176.70809,423,768.9685911,517,0.305774946,30116.40711,850,43235.80305,546,1647.789838,668,0.011733541,0.003354006,0.005252183,0.6,0.717,0.273,0.01,0.498,0.462,0.04,1,1,0.02,0.686,0.147,0.147,1,0.74,0.26,0.92,0.08,0.96,0.04,0.15,0.85,1,0.9,0.1,0.01,0.99,0.35,0.65
Zhoukou City,Largecities,3,河南省,98.4355,86.8819771,2382.727348,132,15233.13088,85,384.1417755,104,0.223810416,4143.298111,159,26488.72202,102,667.9798652,125,0.485637944,7677.677011,415,49084.53282,267,1237.790166,326,7.05953238,3971.212247,159,25388.55146,102,640.2362925,125,0.242818972,4633.080955,658,29619.9767,423,746.9423413,517,3.541723185,9928.030618,850,63471.37865,546,1600.590731,668,0.00113374,0.003436522,0,0.6,0.743,0.247,0.01,0.55274,0.40026,0.047,1,1,0.02,0.473443158,0.471524399,0.035032444,1,0.74,0.26,0.92,0.08,0.96,0.04,0.15,0.85,1,1,0,0.01,0.99,0.35,0.65
Zhuhai City,Largecities,3,广东省,68.8579,61.13178262,11130.47519,132,4803.378388,85,2066.146424,104,0.152657197,19354.65963,159,8352.541307,102,3592.79906,125,0.520044266,35864.8645,415,15477.55258,267,6657.582922,326,5.463583277,18550.79198,159,8005.630646,102,3443.577374,125,0.330559262,21642.59064,658,9339.90242,423,4017.506936,517,1.25927338,46376.97995,850,20014.07662,546,8608.943434,668,0.007912067,0.006726373,0.014597505,0.6,0.717,0.273,0.01,0.510607368,0.442392632,0.047,1,1,0.02,0.473443158,0.471524399,0.035032444,1,0.74,0.26,0.92,0.08,0.96,0.04,0.15,0.85,1,0.9,0.1,0.01,0.99,0.35,0.65
Zhuzhou City,Largecities,3,湖南省,54.8513,49.0213998,1717.675823,132,15649.35999,85,632.9641881,104,0.266375948,2986.847404,159,27212.4982,102,1100.654394,125,0.389756731,5534.733209,415,50425.71552,267,2039.551273,326,3.74191771,2862.793039,159,26082.26665,102,1054.940314,125,0.311931929,3339.925212,658,30429.31109,423,1230.763699,517,1.119917881,7156.982597,850,65205.66662,546,2637.350784,668,0.006771806,0.004348241,0,0.6,0.704,0.286,0.01,0.489541053,0.463458947,0.047,1,1,0.02,0.473443158,0.471524399,0.035032444,1,0.74,0.26,0.92,0.08,0.96,0.04,0.15,0.85,1,1,0,0.01,0.99,0.35,0.65
Zhumadian City,Medium-small-cities,3,河南省,74.3745,65.64505291,2644.310717,132,14872.80077,85,482.8885112,104,0.169103502,4598.162525,159,25862.14801,102,839.6894667,125,0.366931435,8520.556755,415,47923.46915,267,1555.974092,326,5.333941423,4407.184528,159,24788.00129,102,804.8141853,125,0.183465717,5141.715283,658,28919.33483,423,938.9498829,517,2.676005008,11017.96132,850,61970.00322,546,2012.035463,668,0.001498624,0.0036855,0,0.6,0.756,0.234,0.01,0.564,0.396,0.04,1,1,0.02,0.686,0.147,0.147,1,0.74,0.26,0.92,0.08,0.96,0.04,0.15,0.85,1,1,0,0.01,0.99,0.35,0.65
Ziyang City,Medium-small-cities,3,四川省,32.24,28.88273708,2451.733681,132,15002.46158,85,545.8047387,104,0.059221956,4263.292457,159,26087.61375,102,949.0937955,125,0.208493734,7900.030751,415,48341.26509,267,1758.704158,326,2.154705675,4086.222802,159,25004.10263,102,909.6745644,125,0.169012431,4767.259936,658,29171.45307,423,1061.286992,517,0.765829125,10215.55701,850,62510.25658,546,2274.186411,668,0.007141755,0.012534765,0,0.6,0.73,0.26,0.01,0.52,0.44,0.04,1,1,0.02,0.686,0.147,0.147,1,0.74,0.26,0.92,0.08,0.96,0.04,0.15,0.85,1,1,0,0.01,0.99,0.35,0.65
Zibo City,Largecities,3,山东省,112.4472,98.88758837,4173.018946,132,13177.58512,85,649.39593,104,0.193992089,7256.416279,159,22914.35635,102,1129.227367,125,0.640512534,13446.39438,415,42461.10762,267,2092.497997,326,8.240551735,6955.031577,159,21962.64187,102,1082.32655,125,0.386532866,8114.203507,658,25623.08219,423,1262.714308,517,4.098022411,17387.57894,850,54906.60468,546,2705.816375,668,0.006875598,0.002355207,0,0.6,0.743,0.247,0.01,0.55274,0.40026,0.047,1,1,0.02,0.473443158,0.471524399,0.035032444,1,0.74,0.26,0.92,0.08,0.96,0.04,0.15,0.85,1,1,0,0.01,0.99,0.35,0.65
Zigong City,Medium-small-cities,3,四川省,44.04,39.45396219,1696.42048,132,15661.98459,85,641.5949252,104,0.080897485,2949.886724,159,27234.45099,102,1115.662287,125,0.284803476,5466.24377,415,50466.3948,267,2067.361426,326,2.943338646,2827.367467,159,26103.30766,102,1069.324875,125,0.230871819,3298.595378,658,30453.85893,423,1247.545688,517,1.046126386,7068.418668,850,65258.26914,546,2673.312188,668,0.001809889,0.009397609,0,0.6,0.73,0.26,0.01,0.52,0.44,0.04,1,1,0.02,0.686,0.147,0.147,1,0.74,0.26,0.92,0.08,0.96,0.04,0.15,0.85,1,1,0,0.01,0.99,0.35,0.65
Zunyi City,Largecities,3,贵州省,94.97,82.22688574,1475.806452,132,15940.35301,85,583.8405356,104,0.338884001,2566.263441,159,27718.50274,102,1015.23382,125,0.55763452,4755.376344,415,51363.35971,267,1881.263948,326,9.660883586,2459.677419,159,26567.25502,102,973.0675593,125,0.525359853,2869.623656,658,30995.13086,423,1135.245486,517,1.660352301,6149.193548,850,66418.13755,546,2432.668898,668,0.012188226,0.007248437,0.013988074,0.6,0.73,0.26,0.01,0.531673684,0.421326316,0.047,1,1,0.02,0.473443158,0.471524399,0.035032444,1,0.74,0.26,0.92,0.08,0.96,0.04,0.15,0.85,1,1,0,0.01,0.99,0.35,0.65
Altay Prefecture,Medium-small-cities,4,新疆维吾尔族自治区,12.0824,10.00871362,2460.359096,132,15298.20249,85,241.4384086,104,0.062001128,4278.291096,159,26601.87434,102,419.8345661,125,0.084064592,7927.823755,415,49294.20804,267,777.9682056,326,1.360952688,4100.598494,159,25497.00416,102,402.3973477,125,0.080433896,4784.031576,658,29746.50485,423,469.4635723,517,0.486234071,10251.49624,850,63742.5104,546,1005.993369,668,0.03039656,0.023923357,0.461615575,0.6,0.743,0.247,0.01,0.542,0.418,0.04,1,1,0.02,0.686,0.147,0.147,1,0.74,0.26,0.92,0.08,0.96,0.04,0.15,0.85,1,1,0,0.01,0.99,0.35,0.65
Ankang City,Medium-small-cities,4,陕西省,19.7762,17.73389067,1317.038723,132,16312.21311,85,370.7481659,104,0.050667417,2290.184001,159,28365.12613,102,644.6898662,125,0.125784809,4243.791439,415,52561.57558,267,1194.632979,326,1.299678172,2195.064538,159,27187.02185,102,617.9136098,125,0.048605371,2560.908627,658,31718.19216,423,720.8992114,517,0.51757356,5487.661344,850,67967.55463,546,1544.784024,668,0.00948121,0.020938485,0.71352254,0.6,0.73,0.26,0.01,0.52,0.44,0.04,1,1,0.02,0.686,0.147,0.147,1,0.74,0.26,0.92,0.08,0.96,0.04,0.15,0.85,1,1,0,0.01,0.99,0.35,0.65
Anqing City,Medium-small-cities,4,安徽省,57.3094,49.08328264,2113.94044,132,15563.22831,85,322.8312473,104,0.156693991,3675.907543,159,27062.72479,102,561.3676689,125,0.360332741,6811.585863,415,50148.18012,267,1040.234019,326,4.882254892,3523.234067,159,25938.71385,102,538.0520788,125,0.201101196,4110.439745,658,30261.83283,423,627.7274253,517,2.625734537,8808.085168,850,64846.78464,546,1345.130197,668,0.004234923,0.008340539,0.011984577,0.6,0.73,0.26,0.01,0.52,0.44,0.04,1,1,0.02,0.686,0.147,0.147,1,0.74,0.26,0.92,0.08,0.96,0.04,0.15,0.85,1,1,0,0.01,0.99,0.35,0.65
Anshun City,Medium-small-cities,4,贵州省,30.0547,26.0219478,3141.108703,132,14264.95395,85,593.9373451,104,0.107244993,5462.039023,159,24805.16993,102,1032.79105,125,0.17647192,10121.35027,415,45964.85162,267,1913.798112,326,3.057333452,5235.181172,159,23774.92325,102,989.8955751,125,0.166258111,6107.711368,658,27737.41046,423,1154.878171,517,0.525443722,13087.95293,850,59437.30813,546,2474.738938,668,0.025511245,0.021624916,0.038541058,0.6,0.717,0.273,0.01,0.498,0.462,0.04,1,1,0.02,0.686,0.147,0.147,1,0.74,0.26,0.92,0.08,0.96,0.04,0.15,0.85,1,1,0,0.01,0.99,0.35,0.65
Anyang City,Medium-small-cities,4,河南省,86.4084,76.26651595,4263.814068,132,13333.0768,85,403.1091273,104,0.19646469,7414.298907,159,23184.73911,102,700.9619825,125,0.426301463,13738.95644,415,42962.13637,267,1298.907188,326,6.19698074,7106.35678,159,22221.79467,102,671.8485455,125,0.213150732,8290.749577,658,25925.42712,423,783.8233031,517,3.108986429,17765.89195,850,55554.48669,546,1679.621364,668,0.007652083,0.00522196,0,0.6,0.756,0.234,0.01,0.564,0.396,0.04,1,1,0.02,0.686,0.147,0.147,1,0.74,0.26,0.92,0.08,0.96,0.04,0.15,0.85,1,1,0,0.01,0.99,0.35,0.65
Anshan City,Medium-small-cities,4,辽宁省,62.1968,54.16211227,3665.491148,132,13672.35752,85,662.1513331,104,0.291748213,6373.881829,159,23774.71058,102,1151.407596,125,0.544306367,11811.02703,415,44055.37423,267,2133.59874,326,4.505405239,6109.151913,159,22787.26253,102,1103.585555,125,0.32222937,7127.343898,658,26585.13962,423,1287.516481,517,2.370998537,15272.87978,850,56968.15633,546,2758.963888,668,0.010266966,0.012044613,0.005508117,0.6,0.743,0.247,0.01,0.542,0.418,0.04,1,1,0.02,0.686,0.147,0.147,1,0.74,0.26,0.92,0.08,0.96,0.04,0.15,0.85,1,1,0,0.01,0.99,0.35,0.65
Bayannur City,Medium-small-cities,4,内蒙古自治区,36.9,32.35197114,3806.314879,132,13893.16609,85,300.5190311,104,0.077815539,6618.758651,159,24158.67215,102,522.5692042,125,0.195503503,12264.79239,415,44766.86851,267,968.3391003,326,2.855380111,6343.858131,159,23155.27682,102,500.8650519,125,0.094536233,7401.16782,658,27014.48962,423,584.3425606,517,1.324793475,15859.64533,850,57888.19204,546,1252.16263,668,0.02362029,0.007250636,0.006205818,0.6,0.756,0.234,0.01,0.564,0.396,0.04,1,1,0.02,0.686,0.147,0.147,1,0.74,0.26,0.92,0.08,0.96,0.04,0.15,0.85,1,1,0,0.01,0.99,0.35,0.65
Bazhong City,Medium-small-cities,4,四川省,44.98,40.29607673,1257.48176,132,16396.60081,85,345.9174294,104,0.08262418,2186.62106,159,28511.86697,102,601.5119744,125,0.290882387,4051.885671,415,52833.4915,267,1114.622828,326,3.00616195,2095.802933,159,27327.66802,102,576.529049,125,0.235799601,2445.103422,658,31882.27935,423,672.6172238,517,1.068455151,5239.507333,850,68319.17004,546,1441.322622,668,0.030348299,0.028101855,0.017628624,0.6,0.717,0.273,0.01,0.498,0.462,0.04,1,1,0.02,0.686,0.147,0.147,1,0.74,0.26,0.92,0.08,0.96,0.04,0.15,0.85,1,1,0,0.01,0.99,0.35,0.65
Baicheng City,Medium-small-cities,4,吉林省,28.6851,25.37144774,4294.273734,132,13224.05883,85,481.6674325,104,0.08560428,7467.264882,159,22995.16897,102,837.5661465,125,0.230620487,13837.10425,415,42610.85624,267,1552.039505,326,1.905014659,7157.12289,159,22040.09806,102,802.7790541,125,0.116907338,8349.976705,658,25713.44773,423,936.5755632,517,0.975505494,17892.80722,850,55100.24514,546,2006.947635,668,0.005879808,0.007149291,0.00502549,0.6,0.756,0.234,0.01,0.564,0.396,0.04,1,1,0.02,0.686,0.147,0.147,1,0.74,0.26,0.92,0.08,0.96,0.04,0.15,0.85,1,1,0,0.01,0.99,0.35,0.65
Baishan City,Medium-small-cities,4,吉林省,14.5408,12.86107238,3177.732782,132,14210.43718,85,611.8300352,104,0.043393773,5525.724226,159,24710.37132,102,1063.90445,125,0.11690412,10239.36119,415,45789.18648,267,1971.452336,326,0.965673369,5296.221303,159,23684.06197,102,1019.716725,125,0.059261645,6178.924853,658,27631.40563,423,1189.669513,517,0.494494713,13240.55326,850,59210.15493,546,2549.291813,668,0.007066087,0.015034232,0.005054352,0.6,0.73,0.26,0.01,0.52,0.44,0.04,1,1,0.02,0.686,0.147,0.147,1,0.74,0.26,0.92,0.08,0.96,0.04,0.15,0.85,1,1,0,0.01,0.99,0.35,0.65
Baiyin City,Medium-small-cities,4,甘肃省,24.79,20.23462855,3825.158211,132,13622.1745,85,552.6672892,104,0.078490765,6651.525112,159,23687.44788,102,961.0270084,125,0.173697156,12325.50979,415,43893.67339,267,1780.816821,326,3.331496922,6375.263686,159,22703.62417,102,921.1121486,125,0.188232483,7437.807633,658,26487.56153,423,1074.63084,517,0.783454119,15938.15921,850,56759.06041,546,2302.780372,668,0.005109213,0.010177667,0,0.6,0.756,0.234,0.01,0.564,0.396,0.04,1,1,0.02,0.686,0.147,0.147,1,0.74,0.26,0.92,0.08,0.96,0.04,0.15,0.85,1,1,0,0.01,0.99,0.35,0.65
Baise City,Medium-small-cities,4,广西壮族自治区,39.4785,34.25272915,3273.166965,132,13885.34089,85,841.492145,104,0.097133287,5691.673667,159,24145.06499,102,1463.261341,125,0.230765143,10546.87133,415,44741.65398,267,2711.474689,326,3.373174152,5455.278275,159,23142.23482,102,1402.486908,125,0.291988548,6364.49132,658,26999.27395,423,1636.234726,517,1.232709716,13638.19569,850,57855.58704,546,3506.217271,668,0.027287643,0.02254534,0.007180548,0.6,0.73,0.26,0.01,0.52,0.44,0.04,1,1,0.02,0.686,0.147,0.147,1,0.74,0.26,0.92,0.08,0.96,0.04,0.15,0.85,1,1,0,0.01,0.99,0.35,0.65
Bengbu City,Medium-small-cities,4,安徽省,44.0785,37.75152896,4054.276663,132,13594.08659,85,351.6367476,104,0.120518381,7049.936642,159,23638.60612,102,611.4572334,125,0.277143483,13063.78036,415,43803.1679,267,1133.051742,326,3.755099028,6757.127772,159,22656.81098,102,586.061246,125,0.154673388,7883.315734,658,26432.94615,423,683.7381204,517,2.019536756,16892.81943,850,56642.02746,546,1465.153115,668,0.002351036,0.006789437,0,0.6,0.743,0.247,0.01,0.542,0.418,0.04,1,1,0.02,0.686,0.147,0.147,1,0.74,0.26,0.92,0.08,0.96,0.04,0.15,0.85,1,1,0,0.01,0.99,0.35,0.65
Baotou City,Medium-small-cities,4,内蒙古自治区,72.6,63.65184566,5064.302822,132,12057.65608,85,878.0411011,104,0.153100491,8806.259907,159,20966.92418,102,1526.815915,125,0.384649169,16318.30909,415,38852.44736,267,2829.243548,326,5.617902332,8440.504703,159,20096.09346,102,1463.401835,125,0.185998118,9847.255487,658,23445.44237,423,1707.302141,517,2.606504235,21101.26176,850,50240.23365,546,3658.504588,668,0.018641912,0.006536741,0.020369,0.6,0.756,0.234,0.01,0.564,0.396,0.04,1,1,0.02,0.686,0.147,0.147,1,0.74,0.26,0.92,0.08,0.96,0.04,0.15,0.85,1,1,0,0.01,0.99,0.35,0.65
Baoji City,Medium-small-cities,4,陕西省,39.2303,35.17894495,2889.019585,132,14780.68576,85,330.2946539,104,0.100509602,5023.684056,159,25701.97024,102,574.3457037,125,0.24952093,9309.063107,415,47626.65412,267,1064.282774,326,2.578188155,4815.032641,159,24634.47627,102,550.4910898,125,0.096419095,5617.538082,658,28740.22231,423,642.2396048,517,1.026717268,12037.5816,850,61586.19067,546,1376.227725,668,0.015894104,0.012854241,0,0.6,0.743,0.247,0.01,0.542,0.418,0.04,1,1,0.02,0.686,0.147,0.147,1,0.74,0.26,0.92,0.08,0.96,0.04,0.15,0.85,1,1,0,0.01,0.99,0.35,0.65
Baoding City,Largecities,4,河北省,238,206.0961842,3178.423926,132,14255.61087,85,565.9652035,104,0.319110683,5526.926049,159,24788.92335,102,984.1506039,125,0.979089596,10241.58821,415,45934.74614,267,1823.665656,326,19.51796978,5297.37321,159,23759.35145,102,943.2753392,125,0.641122372,6180.268745,658,27719.24336,423,1100.487896,517,10.44652336,13243.43303,850,59398.37863,546,2358.188348,668,0.008264096,0.008330535,0,0.6,0.756,0.234,0.01,0.572903158,0.378596842,0.0485,1,1,0.02,0.471221579,0.466494402,0.042284019,1,0.74,0.26,0.92,0.08,0.96,0.04,0.15,0.85,1,1,0,0.01,0.99,0.35,0.65
Baoshan City,Medium-small-cities,4,云南省,28.66,24.36464572,1590.987868,132,15977.2617,85,431.7504333,104,0.080283371,2766.551127,159,27782.68284,102,750.7660312,125,0.12255819,5126.516464,415,51482.28769,267,1391.195841,326,3.274940998,2651.646447,159,26628.7695,102,719.5840555,125,0.193145502,3093.587522,658,31066.89775,423,839.5147314,517,0.624426221,6629.116118,850,66571.92374,546,1798.960139,668,0.019442863,0.01508252,0.304760215,0.6,0.73,0.26,0.01,0.52,0.44,0.04,1,1,0.02,0.686,0.147,0.147,1,0.74,0.26,0.92,0.08,0.96,0.04,0.15,0.85,1,1,0,0.01,0.99,0.35,0.65
Beihai City,Medium-small-cities,4,广西壮族自治区,30.3548,26.33673374,2599.601594,132,14348.60558,85,1051.792829,104,0.074685246,4520.418327,159,24950.63081,102,1828.950863,125,0.17743404,8376.494024,415,46234.39575,267,3389.110226,326,2.593614924,4332.669323,159,23914.34263,102,1752.988048,125,0.224508377,5054.780876,658,27900.0664,423,2045.152722,517,0.947823674,10831.67331,850,59785.85657,546,4382.47012,668,0.023992642,0.009532498,0.059844514,0.6,0.73,0.26,0.01,0.52,0.44,0.04,1,1,0.02,0.686,0.147,0.147,1,0.74,0.26,0.92,0.08,0.96,0.04,0.15,0.85,1,0.9,0.1,0.01,0.99,0.35,0.65
Beijing,Megacities,4,北京市,584.25,522.7,7707.502459,132,9352.499329,85,939.9982116,104,7.66,13402.49039,159,16262.95717,102,1634.552446,125,6.31,24835.2857,415,30135.83117,267,3028.883126,326,39.4,12845.83743,159,15587.49888,102,1566.663686,125,1.87,14986.81034,658,18185.41536,423,1827.7743,517,6.31,32114.59358,850,38968.74721,546,3916.659215,668,0.00584626,0.010703848,2.470754416,0.6,0.541514552,0.171985448,0.2865,0.441825,0.174675,0.3835,1,1,0.02,0.121363934,0.519066128,0.339569937,1,0.74,0.26,0.92,0.08,0.96,0.04,0.15,0.85,1,1,0,0.01,0.99,0.35,0.65
Benxi City,Medium-small-cities,4,辽宁省,15.1086,13.15684552,8159.6766,132,9840.3234,85,0,104,0.070870319,14188.77098,159,17111.22902,102,0,125,0.132220744,26292.29127,415,31707.70873,267,0,326,1.094435173,13599.461,159,16400.539,102,0,125,0.078274681,15866.03783,658,19133.96217,423,0,517,0.575953562,33998.6525,850,41001.3475,546,0,668,0.008573907,0.017214256,0,0.6,0.73,0.26,0.01,0.52,0.44,0.04,1,1,0.02,0.686,0.147,0.147,1,0.74,0.26,0.92,0.08,0.96,0.04,0.15,0.85,1,1,0,0.01,0.99,0.35,0.65
Bijie City,Medium-small-cities,4,贵州省,58.2,50.39069969,1444.917944,132,16017.58999,85,537.4920664,104,0.207676623,2512.551757,159,27852.80926,102,934.6389821,125,0.341732432,4655.846707,415,51612.23441,267,1731.918881,326,5.920431975,2408.196573,159,26695.98332,102,895.8201106,125,0.321953706,2809.562668,658,31145.31387,423,1045.123462,517,1.01750557,6020.491432,850,66739.95829,546,2239.550277,668,0.02815088,0.022088161,0.062160562,0.6,0.73,0.26,0.01,0.52,0.44,0.04,1,1,0.02,0.686,0.147,0.147,1,0.74,0.26,0.92,0.08,0.96,0.04,0.15,0.85,1,1,0,0.01,0.99,0.35,0.65
Binzhou City,Medium-small-cities,4,山东省,95.6195,84.08908141,2890.192846,132,14447.41907,85,662.3880883,104,0.164961213,5025.724226,159,25122.45649,102,1151.819287,125,0.544659967,9312.843613,415,46552.79477,267,2134.361618,326,7.007354889,4816.988076,159,24079.03178,102,1103.980147,125,0.328688303,5619.819422,658,28092.20374,423,1287.976838,517,3.484754213,12042.47019,850,60197.57944,546,2759.950368,668,0.002689124,0.006756112,0,0.6,0.743,0.247,0.01,0.542,0.418,0.04,1,1,0.02,0.686,0.147,0.147,1,0.74,0.26,0.92,0.08,0.96,0.04,0.15,0.85,1,0.9,0.1,0.01,0.99,0.35,0.65
Bozhou City,Medium-small-cities,4,安徽省,63.1152,54.0557256,2502.108931,132,15145.79131,85,352.0997616,104,0.172568071,4350.889419,159,26336.84822,102,612.2623632,125,0.396836698,8062.350999,415,48803.10532,267,1134.543676,326,5.376857792,4170.181551,159,25242.98551,102,586.832936,125,0.221474002,4865.21181,658,29450.14976,423,684.6384253,517,2.891737838,10425.45388,850,63107.46378,546,1467.08234,668,0.003276388,0.006818258,0,0.6,0.743,0.247,0.01,0.542,0.418,0.04,1,1,0.02,0.686,0.147,0.147,1,0.74,0.26,0.92,0.08,0.96,0.04,0.15,0.85,1,1,0,0.01,0.99,0.35,0.65
Cangzhou City,Largecities,4,河北省,85.0947,73.68778557,3144.492403,132,14282.09231,85,573.415292,104,0.114095075,5467.922901,159,24834.97162,102,997.1054799,125,0.350064435,10132.2533,415,46020.07521,267,1847.671496,326,6.978469678,5240.820672,159,23803.48718,102,955.6921533,125,0.229227378,6114.290784,658,27770.73504,423,1114.974179,517,3.735057864,13102.05168,850,59508.71794,546,2389.230383,668,0.004335376,0.009886602,0,0.6,0.756,0.234,0.01,0.572903158,0.378596842,0.0485,1,1,0.02,0.471221579,0.466494402,0.042284019,1,0.74,0.26,0.92,0.08,0.96,0.04,0.15,0.85,1,0.9,0.1,0.01,0.99,0.35,0.65
Chamdo City,Medium-small-cities,4,西藏自治区,13.7757,9.001351382,1766.100544,132,15994.48013,85,239.4193258,104,0.072150135,3071.052612,159,27812.62378,102,416.3236054,125,0.106981235,5690.768418,415,51537.76931,267,771.4622719,326,3.092504082,2943.500906,159,26657.46688,102,399.0322096,125,0.462756041,3434.08439,658,31100.37803,423,465.5375779,517,1.039957125,7358.752265,850,66643.66721,546,997.580524,668,0.032270182,0.029619895,0.098945546,0.6,0.73,0.26,0.01,0.52,0.44,0.04,1,1,0.02,0.686,0.147,0.147,1,0.74,0.26,0.92,0.08,0.96,0.04,0.15,0.85,1,1,0,0.01,0.99,0.35,0.65
Changde City,Largecities,4,湖南省,62.3495,55.72264954,1739.525849,132,15918.76738,85,341.7067679,104,0.302789673,3024.84217,159,27680.96773,102,594.190102,125,0.44303667,5605.138846,415,51293.80601,267,1101.055141,326,4.253439723,2899.209748,159,26531.27897,102,569.5112799,125,0.354573179,3382.411373,658,30953.1588,423,664.4298265,517,1.273011212,7248.02437,850,66328.19743,546,1423.7782,668,0.007116551,0.014519508,0.16347074,0.6,0.743,0.247,0.01,0.55187,0.39963,0.0485,1,1,0.02,0.471221579,0.466494402,0.042284019,1,0.74,0.26,0.92,0.08,0.96,0.04,0.15,0.85,1,1,0,0.01,0.99,0.35,0.65
Changzhou City,Largecities,4,江苏省,147.72,136.7421162,5151.340178,132,11909.36517,85,939.2946555,104,0.306471419,8957.608198,159,20709.06276,102,1633.32904,125,0.893810317,16598.76279,415,38374.62109,267,3026.616112,326,5.012941368,8585.566963,159,19848.94194,102,1565.491092,125,0.867430498,10016.49479,658,23157.09894,423,1826.406275,517,3.897230226,21463.91741,850,49622.35486,546,3913.727731,668,0.003654109,0.005925646,0.064165103,0.6,0.756,0.234,0.01,0.572903158,0.378596842,0.0485,1,1,0.02,0.471221579,0.466494402,0.042284019,1,0.74,0.26,0.92,0.08,0.96,0.04,0.15,0.85,1,1,0,0.01,0.99,0.35,0.65
Chaohu City,Medium-small-cities,4,安徽省,9.5791,8.204128341,4461.481206,132,13196.87384,85,341.6449572,104,0.026190946,7758.020097,159,22947.89728,102,594.08262,125,0.060228573,14375.88389,415,42523.26014,267,1100.855973,326,0.816054746,7435.80201,159,21994.78973,102,569.408262,125,0.033613482,8675.102345,658,25660.58802,423,664.309639,517,0.438883913,18589.50502,850,54986.97432,546,1423.520655,668,0.043006936,0.006457835,0,0.6,0.743,0.247,0.01,0.542,0.418,0.04,1,1,0.02,0.686,0.147,0.147,1,0.74,0.26,0.92,0.08,0.96,0.04,0.15,0.85,1,1,0,0.01,0.99,0.35,0.65
Chaoyang City,Medium-small-cities,4,辽宁省,41.8232,36.42040835,3214.504383,132,14183.1843,85,602.3113151,104,0.196181216,5589.665955,159,24662.98159,102,1047.352454,125,0.366009732,10357.84746,415,45701.37164,267,1940.780904,326,3.029584551,5357.507305,159,23638.6405,102,1003.852192,125,0.216677761,6250.425189,658,27578.41392,423,1171.160891,517,1.59433839,13393.76826,850,59096.60126,546,2509.63048,668,0.006872764,0.012484635,0.230220198,0.6,0.73,0.26,0.01,0.52,0.44,0.04,1,1,0.02,0.686,0.147,0.147,1,0.74,0.26,0.92,0.08,0.96,0.04,0.15,0.85,1,1,0,0.01,0.99,0.35,0.65
Chaozhou City,Medium-small-cities,4,广东省,37.4376,33.23695937,3654.915638,132,13714.93501,85,630.1493499,104,0.082998742,6355.492193,159,23848.7481,102,1095.759703,125,0.282744743,11776.95039,415,44192.56837,267,2030.481239,326,2.970515297,6091.526063,159,22858.22502,102,1050.248917,125,0.179722957,7106.780407,658,26667.92919,423,1225.290403,517,0.684658886,15228.81516,850,57145.56255,546,2625.622291,668,0.008939659,0.006793385,0,0.6,0.756,0.234,0.01,0.564,0.396,0.04,1,1,0.02,0.686,0.147,0.147,1,0.74,0.26,0.92,0.08,0.96,0.04,0.15,0.85,1,0.9,0.1,0.01,0.99,0.35,0.65
Chenzhou City,Medium-small-cities,4,湖南省,50.137,44.80816174,2075.037519,132,15349.67484,85,575.2876438,104,0.243481757,3608.259685,159,26691.37902,102,1000.361292,125,0.356258343,6686.232005,415,49460.06337,267,1853.70463,326,3.420311428,3458.395865,159,25582.7914,102,958.8127397,125,0.285122343,4034.795175,658,29846.58996,423,1118.614863,517,1.023664394,8645.989661,850,63956.97849,546,2397.031849,668,0.007280731,0.012505093,0,0.6,0.743,0.247,0.01,0.542,0.418,0.04,1,1,0.02,0.686,0.147,0.147,1,0.74,0.26,0.92,0.08,0.96,0.04,0.15,0.85,1,1,0,0.01,0.99,0.35,0.65
Chengdu City,Extra-large-cities,4,四川省,463.04,414.8220402,4230.957854,132,12714.22068,85,1054.821465,104,0.85056248,7357.165602,159,22108.61707,102,1834.217326,125,2.994445992,13633.08642,415,40968.04442,267,3398.869166,326,30.94649243,7051.596424,159,21190.3678,102,1758.035775,125,2.427404338,8226.862494,658,24722.09577,423,2051.041738,517,10.99905454,17628.99106,850,52975.9195,546,4395.089438,668,0.008498947,0.008589826,0.308651417,0.6,0.721867969,0.242632031,0.0355,0.518615057,0.371884943,0.1095,1,1,0.02,0.014,0.9358125,0.0301875,1,0.74,0.26,0.92,0.08,0.96,0.04,0.15,0.85,1,1,0,0.01,0.99,0.35,0.65
Chengde City,Medium-small-cities,4,河北省,56.9565,49.32150133,3472.735202,132,13921.25212,85,606.0126783,104,0.076367343,6038.700657,159,24207.51063,102,1053.788713,125,0.234308893,11189.92454,415,44857.36794,267,1952.707519,326,4.670904395,5787.892004,159,23202.08687,102,1010.02113,125,0.153428934,6752.540671,658,27069.10134,423,1178.357986,517,2.499989109,14469.73001,850,58005.21716,546,2525.052826,668,0.020758444,0.009709291,0.004094781,0.6,0.756,0.234,0.01,0.564,0.396,0.04,1,1,0.02,0.686,0.147,0.147,1,0.74,0.26,0.92,0.08,0.96,0.04,0.15,0.85,1,1,0,0.01,0.99,0.35,0.65
Chizhou City,Medium-small-cities,4,安徽省,18.5196,15.8613205,2882.596246,132,14621.06268,85,496.3410754,104,0.050635848,5012.514583,159,25424.40344,102,863.0819811,125,0.116441949,9288.36568,415,47112.31308,267,1599.321243,326,1.577706409,4804.327076,159,24368.4378,102,827.2351257,125,0.064986088,5605.048255,658,28429.8441,423,965.1076466,517,0.848509203,12010.81769,850,60921.0945,546,2068.087814,668,0.003132497,0.008175771,0.006240366,0.6,0.73,0.26,0.01,0.52,0.44,0.04,1,1,0.02,0.686,0.147,0.147,1,0.74,0.26,0.92,0.08,0.96,0.04,0.15,0.85,1,1,0,0.01,0.99,0.35,0.65
Chifeng City,Largecities,4,内蒙古自治区,159.421,139.771913,4186.424135,132,13394.13474,85,419.441123,104,0.336190543,7279.726412,159,23290.91208,102,729.3615083,125,0.84464401,13489.58888,415,43158.87861,267,1351.532507,326,12.33624804,6977.373558,159,22323.5579,102,699.0685383,125,0.408429834,8140.269151,658,26044.15089,423,815.5799614,517,5.723574541,17443.43389,850,55808.89476,546,1747.671346,668,0.03320039,0.010108435,0.029555459,0.6,0.756,0.234,0.01,0.572903158,0.378596842,0.0485,1,1,0.02,0.471221579,0.466494402,0.042284019,1,0.74,0.26,0.92,0.08,0.96,0.04,0.15,0.85,1,1,0,0.01,0.99,0.35,0.65
Chongzuo City,Medium-small-cities,4,广西壮族自治区,19.1722,16.63437501,3308.791801,132,14184.87932,85,506.3288782,104,0.047171468,5753.621299,159,24665.92904,102,880.4496604,125,0.112067973,10661.66247,415,45706.83337,267,1631.504163,326,1.638136441,5514.653002,159,23641.46553,102,843.8814636,125,0.141800292,6433.761836,658,27581.70979,423,984.5283743,517,0.598648815,13786.63251,850,59103.66384,546,2109.703659,668,0.026251627,0.020033112,0,0.6,0.743,0.247,0.01,0.542,0.418,0.04,1,1,0.02,0.686,0.147,0.147,1,0.74,0.26,0.92,0.08,0.96,0.04,0.15,0.85,1,1,0,0.01,0.99,0.35,0.65
Chuzhou City,Medium-small-cities,4,安徽省,47.5566,40.73038698,3203.994139,132,14255.82026,85,540.1855972,104,0.130028119,5571.389808,159,24789.28746,102,939.3227329,125,0.29901203,10323.98111,415,45935.42085,267,1740.598035,326,4.05140244,5339.990232,159,23759.70044,102,900.3093287,125,0.166878193,6229.988604,658,27719.65051,423,1050.360883,517,2.178892242,13349.97558,850,59399.2511,546,2250.773322,668,0.004919403,0.009426667,0,0.6,0.743,0.247,0.01,0.542,0.418,0.04,1,1,0.02,0.686,0.147,0.147,1,0.74,0.26,0.92,0.08,0.96,0.04,0.15,0.85,1,1,0,0.01,0.99,0.35,0.65
Chuxiong Yi Autonomous Prefecture,Medium-small-cities,4,云南省,30.49,25.9203785,1216.107781,132,16437.06969,85,346.8225271,104,0.08540963,2114.676309,159,28582.23785,102,603.0858388,125,0.130383783,3918.569518,415,52963.89123,267,1117.539254,326,3.484052723,2026.846302,159,27395.11615,102,578.0375452,125,0.20547824,2364.65402,658,31960.96884,423,674.3771361,517,0.66429712,5067.115756,850,68487.79038,546,1445.093863,668,0.012077071,0.015124164,0,0.6,0.743,0.247,0.01,0.542,0.418,0.04,1,1,0.02,0.686,0.147,0.147,1,0.74,0.26,0.92,0.08,0.96,0.04,0.15,0.85,1,1,0,0.01,0.99,0.35,0.65
Dazhou City,Medium-small-cities,4,四川省,64.69,57.95360613,1819.812539,132,15603.28706,85,576.9004059,104,0.118829662,3164.451803,159,27132.38249,102,1003.165706,125,0.418345523,5863.840403,415,50277.25829,267,1858.901308,326,4.323446344,3033.020898,159,26005.47843,102,961.5006766,125,0.339125749,3538.524381,658,30339.72483,423,1121.750789,517,1.536646592,7582.552245,850,65013.69606,546,2403.751691,668,0.004010309,0.015654917,0.008309761,0.6,0.73,0.26,0.01,0.52,0.44,0.04,1,1,0.02,0.686,0.147,0.147,1,0.74,0.26,0.92,0.08,0.96,0.04,0.15,0.85,1,1,0,0.01,0.99,0.35,0.65
Dali Bai Autonomous Prefecture,Medium-small-cities,4,云南省,49.98,42.48935775,2012.317698,132,15555.77454,85,431.9077651,104,0.140005684,3499.196886,159,27049.7635,102,751.0396137,125,0.213728483,6484.134805,415,50124.1624,267,1391.702799,326,5.711149724,3353.86283,159,25926.29089,102,719.8462751,125,0.336825268,3912.839968,658,30247.33938,423,839.8206543,517,1.088933095,8384.657075,850,64815.72724,546,1799.615688,668,0.034251941,0.011712557,0.053512609,0.6,0.743,0.247,0.01,0.542,0.418,0.04,1,1,0.02,0.686,0.147,0.147,1,0.74,0.26,0.92,0.08,0.96,0.04,0.15,0.85,1,1,0,0.01,0.99,0.35,0.65
Dalian City,Largecities,4,辽宁省,169.4615,147.5701771,7802.839461,132,9501.274117,85,695.8864216,104,0.794897644,13568.27084,159,16521.65999,102,1210.069166,125,1.483017993,25142.48271,415,30615.2166,267,2242.300692,326,12.27543427,13004.73244,159,15835.45686,102,1159.810703,125,0.877946652,15172.18784,658,18474.69967,423,1353.112486,517,6.460026377,32511.83109,850,39588.64216,546,2899.526756,668,0.010165981,0.008501991,0.206114083,0.6,0.743,0.247,0.01,0.55187,0.39963,0.0485,1,1,0.02,0.471221579,0.466494402,0.042284019,1,0.74,0.26,0.92,0.08,0.96,0.04,0.15,0.85,1,0.9,0.1,0.01,0.99,0.35,0.65
Daqing City,Medium-small-cities,4,黑龙江省,97.5303,83.16189506,4294.283716,132,12990.46559,85,715.250692,104,0.399122359,7467.28224,159,22588.97628,102,1243.741481,125,0.969297159,13837.13642,415,41858.16691,267,2304.696674,326,8.299844495,7157.139527,159,21650.77599,102,1192.084487,125,0.796344136,8349.996115,658,25259.23865,423,1390.765234,517,3.903796792,17892.84882,850,54126.93997,546,2980.211217,668,0.005086443,0.009102379,0.025764476,0.6,0.743,0.247,0.01,0.542,0.418,0.04,1,1,0.02,0.686,0.147,0.147,1,0.74,0.26,0.92,0.08,0.96,0.04,0.15,0.85,1,1,0,0.01,0.99,0.35,0.65
Datong City,Medium-small-cities,4,山西省,78.5117,69.49934147,5284.235294,132,11922.35294,85,793.4117647,104,0.135357348,9188.698039,159,20731.64706,102,1379.654902,125,0.400524613,17026.98039,415,38416.47059,267,2556.54902,326,4.91391554,8807.058824,159,19870.58824,102,1322.352941,125,0.140904781,10274.90196,658,23182.35294,423,1542.745098,517,3.421656249,22017.64706,850,49676.47059,546,3305.882353,668,0.009931304,0.011520447,0.077104349,0.6,0.756,0.234,0.01,0.564,0.396,0.04,1,1,0.02,0.686,0.147,0.147,1,0.74,0.26,0.92,0.08,0.96,0.04,0.15,0.85,1,1,0,0.01,0.99,0.35,0.65
Dandong City,Medium-small-cities,4,辽宁省,34.6818,30.20154647,3373.178142,132,14105.71202,85,521.1098369,104,0.162682858,5865.581992,159,24528.2659,102,906.1521053,125,0.303512794,10869.12957,415,45451.73873,267,1679.131697,326,2.512276571,5621.96357,159,23509.52003,102,868.5163949,125,0.179679574,6558.957499,658,27427.77337,423,1013.269127,517,1.322101733,14054.90893,850,58773.80009,546,2171.290987,668,0.009059372,0.019888408,0.003020835,0.6,0.73,0.26,0.01,0.52,0.44,0.04,1,1,0.02,0.686,0.147,0.147,1,0.74,0.26,0.92,0.08,0.96,0.04,0.15,0.85,1,0.9,0.1,0.01,0.99,0.35,0.65
Deyang City,Medium-small-cities,4,四川省,67.79,60.73079239,2758.920456,132,14590.52863,85,650.550911,104,0.124524081,4797.456127,159,25371.30812,102,1131.235751,125,0.438392998,8889.854803,415,47013.92559,267,2096.219602,326,4.530629582,4598.20076,159,24317.54772,102,1084.251518,125,0.355376944,5364.567554,658,28370.47234,423,1264.960105,517,1.610284008,11495.5019,850,60793.8693,546,2710.628796,668,0.003319553,0.014969041,0,0.6,0.73,0.26,0.01,0.52,0.44,0.04,1,1,0.02,0.686,0.147,0.147,1,0.74,0.26,0.92,0.08,0.96,0.04,0.15,0.85,1,1,0,0.01,0.99,0.35,0.65
Dezhou City,Largecities,4,山东省,108.1157,95.07840869,2694.51356,132,14729.2358,85,576.2506377,104,0.186519455,4685.45969,159,25612.50448,102,1002.035831,125,0.615839798,8682.321471,415,47460.87092,267,1856.80761,326,7.923123201,4490.855933,159,24548.72634,102,960.4177294,125,0.371643503,5239.331922,658,28640.18073,423,1120.487351,517,3.940165354,11227.13983,850,61371.81584,546,2401.044324,668,0.005304469,0.01287598,0,0.6,0.756,0.234,0.01,0.572903158,0.378596842,0.0485,1,1,0.02,0.471221579,0.466494402,0.042284019,1,0.74,0.26,0.92,0.08,0.96,0.04,0.15,0.85,1,1,0,0.01,0.99,0.35,0.65
Diqing Tibetan Autonomous Prefecture,Medium-small-cities,4,云南省,7.96,6.767012558,2635.615028,132,15294.90479,85,69.48018528,104,0.022297824,4583.041688,159,26596.13999,102,120.8183222,125,0.03403919,8492.537313,415,49283.58209,267,223.880597,326,0.909578868,4392.691714,159,25491.50798,102,115.8003088,125,0.05364404,5124.806999,658,29740.09264,423,135.1003603,517,0.17342752,10981.72928,850,63728.76994,546,289.500772,668,0.01906846,0.024539834,0.064897348,0.6,0.73,0.26,0.01,0.52,0.44,0.04,1,1,0.02,0.686,0.147,0.147,1,0.74,0.26,0.92,0.08,0.96,0.04,0.15,0.85,1,1,0,0.01,0.99,0.35,0.65
Dingxi City,Medium-small-cities,4,甘肃省,30.58,24.96066725,2586.902241,132,14941.9649,85,471.1328548,104,0.096823219,4498.335564,159,25982.41675,102,819.2476864,125,0.214266198,8335.573888,415,48146.33136,267,1518.094754,326,4.10960774,4311.503735,159,24903.27484,102,785.2214247,125,0.232196423,5030.087691,658,29053.82065,423,916.0916621,517,0.966439167,10778.75934,850,62258.1871,546,1963.053562,668,0.067633796,0.01914189,0,0.6,0.743,0.247,0.01,0.542,0.418,0.04,1,1,0.02,0.686,0.147,0.147,1,0.74,0.26,0.92,0.08,0.96,0.04,0.15,0.85,1,1,0,0.01,0.99,0.35,0.65
Dongguan City,Medium-small-cities,4,广东省,322.8715,286.6440939,14943.90465,132,1673.117759,85,1382.977596,104,0.71580252,25985.78974,159,2909.36588,102,2404.844375,125,2.438463448,48152.58164,415,5391.157222,267,4456.261142,326,25.61848863,24906.50774,159,2788.529598,102,2304.96266,125,1.549977052,29057.59237,658,3253.284531,423,2689.123103,517,5.904674482,62266.26936,850,6971.323994,546,5762.40665,668,0.010679898,0.008469242,0,0.6,0.717,0.273,0.01,0.498,0.462,0.04,1,1,0.02,0.686,0.147,0.147,1,0.74,0.26,0.92,0.08,0.96,0.04,0.15,0.85,1,0.9,0.1,0.01,0.99,0.35,0.65
Dongying City,Largecities,4,山东省,73.1925,64.36647432,5867.834274,132,11583.63253,85,548.5331933,104,0.126270516,10203.51182,159,20142.6499,102,953.8382751,125,0.416913126,18907.46599,415,37325.03816,267,1767.495845,326,5.363820379,9779.72379,159,19306.05422,102,914.2219889,125,0.251596365,11409.67775,658,22523.72992,423,1066.59232,517,2.667425292,24449.30947,850,48265.13555,546,2285.554972,668,0.009632606,0.00764103,0.123717498,0.6,0.756,0.234,0.01,0.572903158,0.378596842,0.0485,1,1,0.02,0.471221579,0.466494402,0.042284019,1,0.74,0.26,0.92,0.08,0.96,0.04,0.15,0.85,1,0.9,0.1,0.01,0.99,0.35,0.65
Ordos City,Largecities,4,内蒙古自治区,70.5,61.81067657,2734.371634,132,14781.61847,85,484.0099006,104,0.148671965,4754.768452,159,25703.59211,102,841.6394383,125,0.373522953,8810.753042,415,47629.6595,267,1559.587457,326,5.455401025,4557.286056,159,24636.03078,102,806.6831677,125,0.180618007,5316.833732,658,28742.03591,423,941.1303623,517,2.531109484,11393.21514,850,61590.07694,546,2016.707919,668,0.017464155,0.007764287,0.066539656,0.6,0.756,0.234,0.01,0.572903158,0.378596842,0.0485,1,1,0.02,0.471221579,0.466494402,0.042284019,1,0.74,0.26,0.92,0.08,0.96,0.04,0.15,0.85,1,1,0,0.01,0.99,0.35,0.65
Ezhou City,Medium-small-cities,4,湖北省,7.7847,6.853170225,2985.665253,132,14577.35368,85,436.9810699,104,0.025196148,5191.740135,159,25348.39834,102,759.8615272,125,0.056031866,9620.476927,415,46971.47296,267,1408.050114,326,0.58005716,4976.108756,159,24295.58946,102,728.3017832,125,0.052848237,5805.460215,658,28344.85437,423,849.6854137,517,0.217396364,12440.27189,850,60738.97365,546,1820.754458,668,0.02649173,0.008450695,0,0.6,0.73,0.26,0.01,0.52,0.44,0.04,1,1,0.02,0.686,0.147,0.147,1,0.74,0.26,0.92,0.08,0.96,0.04,0.15,0.85,1,1,0,0.01,0.99,0.35,0.65
Enshi Tujia and Miao Autonomous Prefecture,Medium-small-cities,4,湖北省,48.4,42.60837783,2065.396485,132,15934.60352,85,0,104,0.156652606,3591.494998,159,27708.505,102,0,125,0.348368251,6655.16645,415,51344.83355,267,0,326,3.606403141,3442.327474,159,26557.67253,102,0,125,0.3285746,4016.04872,658,30983.95128,423,0,517,1.35162357,8605.818686,850,66394.18131,546,0,668,0.0173095,0.009708818,0.017823011,0.6,0.717,0.273,0.01,0.498,0.462,0.04,1,1,0.02,0.686,0.147,0.147,1,0.74,0.26,0.92,0.08,0.96,0.04,0.15,0.85,1,1,0,0.01,0.99,0.35,0.65
Fangchenggang City,Medium-small-cities,4,广西壮族自治区,15.5007,13.44887163,3343.471299,132,13881.08086,85,775.4478382,104,0.038138074,5813.925092,159,24137.65728,102,1348.41763,125,0.090606818,10773.40752,415,44727.92723,267,2498.665256,326,1.324431287,5572.452165,159,23135.13477,102,1292.413064,125,0.114645361,6501.194192,658,26990.99057,423,1507.815241,517,0.484006827,13931.13041,850,57837.83693,546,3231.032659,668,0.042117612,0.012160351,0,0.6,0.704,0.286,0.01,0.476,0.484,0.04,1,1,0.02,0.686,0.147,0.147,1,0.74,0.26,0.92,0.08,0.96,0.04,0.15,0.85,1,0.9,0.1,0.01,0.99,0.35,0.65
Foshan City,Extra-large-cities,4,广东省,272.9071,242.2858889,9689.575916,132,6462.946254,85,1847.47783,104,0.605032001,16849.0959,159,11238.34543,102,3212.558671,125,2.061110962,31221.96684,415,20825.04904,267,5952.98412,326,21.6540247,16149.29319,159,10771.57709,102,3079.129717,125,1.310117933,18840.84206,658,12566.83994,423,3592.318003,517,4.990925459,40373.23298,850,26928.94273,546,7697.824293,668,0.009283425,0.008711933,0.007822844,0.6,0.721867969,0.242632031,0.0355,0.518615057,0.371884943,0.1095,1,1,0.02,0.014,0.9358125,0.0301875,1,0.74,0.26,0.92,0.08,0.96,0.04,0.15,0.85,1,1,0,0.01,0.99,0.35,0.65
Fuzhou City (Fujian),Extra-large-cities,4,福建省,145.93,127.6066513,3323.763961,132,13637.94866,85,1038.28738,104,0.475903168,5779.656222,159,23714.87739,102,1805.466389,125,0.766613248,10709.9061,415,43944.50123,267,3345.592669,326,13.61169197,5539.606602,159,22729.91443,102,1730.478967,125,0.432835008,6462.874369,658,26518.2335,423,2018.892128,517,3.036305281,13849.01651,850,56824.78608,546,4326.197417,668,0.003938351,0.004641873,0.119562854,0.6,0.733421875,0.231078125,0.0355,0.536323864,0.354176136,0.1095,1,1,0.02,0.014,0.9358125,0.0301875,1,0.74,0.26,0.92,0.08,0.96,0.04,0.15,0.85,1,0.9,0.1,0.01,0.99,0.35,0.65
Fushun City,Medium-small-cities,4,辽宁省,28.5754,24.88398154,3259.609913,132,14149.61067,85,590.7794131,104,0.134039402,5668.099459,159,24604.60078,102,1027.299757,125,0.250073511,10503.1875,415,45593.18995,267,1903.622553,326,2.069941812,5432.683188,159,23582.68446,102,984.6323551,125,0.148043519,6338.130386,658,27513.13187,423,1148.737748,517,1.089320216,13581.70797,850,58956.71114,546,2461.580888,668,0.011673981,0.016600816,0,0.6,0.743,0.247,0.01,0.542,0.418,0.04,1,1,0.02,0.686,0.147,0.147,1,0.74,0.26,0.92,0.08,0.96,0.04,0.15,0.85,1,1,0,0.01,0.99,0.35,0.65
Fuzhou City (Jiangxi),Medium-small-cities,4,江西省,37.6025,32.33078066,2592.127129,132,14702.11882,85,705.7540507,104,0.088029665,4507.421064,159,25565.35106,102,1227.227877,125,0.190521345,8352.409639,415,47373.49398,267,2274.096386,326,3.050227877,4320.211882,159,24503.53137,102,1176.256751,125,0.240195228,5040.247196,658,28587.45326,423,1372.299543,517,1.702745226,10800.52971,850,61258.82842,546,2940.641878,668,0.003208282,0.00977282,0,0.6,0.704,0.286,0.01,0.476,0.484,0.04,1,1,0.02,0.686,0.147,0.147,1,0.74,0.26,0.92,0.08,0.96,0.04,0.15,0.85,1,1,0,0.01,0.99,0.35,0.65
Fuxin City,Medium-small-cities,4,辽宁省,28.8588,25.13077145,3020.240827,132,14510.06145,85,469.69772,104,0.135368754,5251.863216,159,25231.38464,102,816.7521464,125,0.252553646,9731.88711,415,46754.64246,267,1513.470431,326,2.090470711,5033.734712,159,24183.43575,102,782.8295333,125,0.149511758,5872.690497,658,28214.00838,423,913.3011222,517,1.100123681,12584.33678,850,60458.58939,546,1957.073833,668,0.01300769,0.010999222,0,0.6,0.756,0.234,0.01,0.564,0.396,0.04,1,1,0.02,0.686,0.147,0.147,1,0.74,0.26,0.92,0.08,0.96,0.04,0.15,0.85,1,1,0,0.01,0.99,0.35,0.65
Fuyang City,Medium-small-cities,4,安徽省,92.9875,79.64019419,2729.903537,132,15023.15113,85,246.9453376,104,0.2542442,4746.998928,159,26123.59057,102,429.4105038,125,0.584658726,8796.355841,415,48407.9314,267,795.7127546,326,7.921714007,4549.839228,159,25038.58521,102,411.5755627,125,0.326297212,5308.145766,658,29211.68274,423,480.1714898,517,4.260391668,11374.59807,850,62596.46302,546,1028.938907,668,0.005123579,0.006864061,0.019110261,0.6,0.743,0.247,0.01,0.542,0.418,0.04,1,1,0.02,0.686,0.147,0.147,1,0.74,0.26,0.92,0.08,0.96,0.04,0.15,0.85,1,1,0,0.01,0.99,0.35,0.65
Ganzhou City,Largecities,4,江西省,105.325,90.5588584,2365.408205,132,15023.30653,85,611.2852665,104,0.246572021,4113.182045,159,26123.8608,102,1062.957158,125,0.533652303,7621.870883,415,48408.43215,267,1969.69697,326,8.543720528,3942.347008,159,25038.84421,102,1018.808777,125,0.672789372,4599.404843,658,29211.98492,423,1188.61024,517,4.769407378,9855.867521,850,62597.11054,546,2547.021944,668,0.007838734,0.00677557,0.02445952,0.6,0.704,0.286,0.01,0.488770526,0.462729474,0.0485,1,1,0.02,0.471221579,0.466494402,0.042284019,1,0.74,0.26,0.92,0.08,0.96,0.04,0.15,0.85,1,1,0,0.01,0.99,0.35,0.65
Guyuan City,Medium-small-cities,4,宁夏回族自治区,17.92,13.95251452,4664.43934,132,12835.66507,85,499.8955941,104,0.0423046,8110.941741,159,22319.79536,102,869.2628941,125,0.11319339,15029.8601,415,41359.36521,267,1610.774692,326,2.818401072,7774.065567,159,21392.77511,102,833.1593234,125,0.093756141,9069.743161,658,24958.23763,423,972.0192107,517,0.899830281,19435.16392,850,53481.93777,546,2082.898309,668,0.021655255,0.008791631,0.097403425,0.6,0.756,0.234,0.01,0.564,0.396,0.04,1,1,0.02,0.686,0.147,0.147,1,0.74,0.26,0.92,0.08,0.96,0.04,0.15,0.85,1,1,0,0.01,0.99,0.35,0.65
Guang'an City,Medium-small-cities,4,四川省,39.23,35.14484416,1339.144511,132,16194.1468,85,466.7086867,104,0.072061952,2328.62351,159,28159.82194,102,811.5545496,125,0.253697556,4315.021201,415,52181.1397,267,1503.839102,326,2.62187046,2231.907518,159,26990.24467,102,777.8478111,125,0.205656255,2603.892104,658,31488.61878,423,907.489113,517,0.931869621,5579.768794,850,67475.61168,546,1944.619528,668,0.00342224,0.016757043,0,0.6,0.73,0.26,0.01,0.52,0.44,0.04,1,1,0.02,0.686,0.147,0.147,1,0.74,0.26,0.92,0.08,0.96,0.04,0.15,0.85,1,1,0,0.01,0.99,0.35,0.65
Guangyuan City,Medium-small-cities,4,四川省,44.13,39.53459018,1991.652725,132,15555.32212,85,453.0251595,104,0.081062807,3463.262795,159,27048.97679,102,787.7604163,125,0.285385499,6417.54767,415,50122.70459,267,1459.747736,326,2.949353643,3319.421209,159,25925.53686,102,755.0419326,125,0.231343628,3872.658077,658,30246.45967,423,880.8822547,517,1.048264247,8298.553022,850,64813.84215,546,1887.604831,668,0.017649345,0.018598746,0.177112544,0.6,0.73,0.26,0.01,0.52,0.44,0.04,1,1,0.02,0.686,0.147,0.147,1,0.74,0.26,0.92,0.08,0.96,0.04,0.15,0.85,1,1,0,0.01,0.99,0.35,0.65
Guangzhou City,Megacities,4,广东省,277.3517,246.231788,6796.081923,132,9140.249332,85,2063.668744,104,0.61488563,11817.63134,159,15893.87801,102,3588.49065,125,2.094678479,21898.4862,415,29451.91451,267,6649.599288,326,22.00668493,11326.80321,159,15233.74889,102,3439.447907,125,1.331454682,13214.60374,658,17772.70703,423,4012.689225,517,5.072208311,28317.00801,850,38084.37222,546,8598.619768,668,0.008426078,0.009834807,0.665665546,0.6,0.514358955,0.199141045,0.2865,0.414244737,0.202255263,0.3835,1,1,0.02,0.121363934,0.519066128,0.339569937,1,0.74,0.26,0.92,0.08,0.96,0.04,0.15,0.85,1,0.9,0.1,0.01,0.99,0.35,0.65
Guigang City,Medium-small-cities,4,广西壮族自治区,42.7409,37.08328512,3267.132813,132,14009.19702,85,723.6701636,104,0.105160128,5681.180948,159,24360.43705,102,1258.382007,125,0.249834971,10527.42795,415,45140.74596,267,2331.826083,326,3.651924443,5445.221356,159,23348.6617,102,1206.116939,125,0.316117718,6352.758248,658,27240.10532,423,1407.136429,517,1.334577624,13613.05339,850,58371.65426,546,3015.292348,668,0.00924761,0.013879196,0,0.6,0.717,0.273,0.01,0.498,0.462,0.04,1,1,0.02,0.686,0.147,0.147,1,0.74,0.26,0.92,0.08,0.96,0.04,0.15,0.85,1,1,0,0.01,0.99,0.35,0.65
Guiyang City,Largecities,4,贵州省,134.1511,116.1506494,5579.193658,132,11674.79948,85,746.0068641,104,0.478694972,9701.59786,159,20301.17909,102,1297.223047,125,0.787693843,17977.40179,415,37618.79832,267,2403.799895,326,13.64660588,9298.656096,159,19457.99913,102,1243.344774,125,0.742103846,10848.43211,658,22700.99899,423,1450.568902,517,2.345352086,23246.64024,850,48644.99783,546,3108.361934,668,0.009078144,0.010654588,0.682382556,0.6,0.73,0.26,0.01,0.530836842,0.420663158,0.0485,1,1,0.02,0.471221579,0.466494402,0.042284019,1,0.74,0.26,0.92,0.08,0.96,0.04,0.15,0.85,1,1,0,0.01,0.99,0.35,0.65
Guilin City,Medium-small-cities,4,广西壮族自治区,70.3696,61.05477284,3203.703704,132,13944.44444,85,851.8518519,104,0.173138051,5570.884774,159,24247.83951,102,1481.27572,125,0.411334037,10323.04527,415,44932.09877,267,2744.855967,326,6.012612329,5339.506173,159,23240.74074,102,1419.753086,125,0.520463476,6229.423868,658,27114.19753,423,1656.378601,517,2.19727927,13348.76543,850,58101.85185,546,3549.382716,668,0.024012815,0.013435113,0.072303134,0.6,0.704,0.286,0.01,0.476,0.484,0.04,1,1,0.02,0.686,0.147,0.147,1,0.74,0.26,0.92,0.08,0.96,0.04,0.15,0.85,1,1,0,0.01,0.99,0.35,0.65
Harbin City,Largecities,4,黑龙江省,195.2374,166.4745435,4371.074236,132,13016.03493,85,612.8908297,104,0.798968236,7600.812421,159,22633.43852,102,1065.749054,125,1.94035143,14084.57254,415,41940.55701,267,1974.870451,326,16.6147347,7285.123726,159,21693.39156,102,1021.484716,125,1.594131861,8499.311014,658,25308.95682,423,1191.732169,517,7.81467027,18212.80932,850,54233.47889,546,2553.71179,668,0.003734236,0.00752275,0.203205537,0.6,0.73,0.26,0.01,0.530836842,0.420663158,0.0485,1,1,0.02,0.471221579,0.466494402,0.042284019,1,0.74,0.26,0.92,0.08,0.96,0.04,0.15,0.85,1,1,0,0.01,0.99,0.35,0.65
Hami City,Medium-small-cities,4,新疆维吾尔族自治区,19.69,16.31063127,2619.429173,132,14791.83885,85,588.7319723,104,0.101039712,4554.896285,159,25721.36423,102,1023.739485,125,0.136995285,8440.382891,415,47662.59186,267,1897.025244,326,2.217867181,4365.715289,159,24653.06476,102,981.2199539,125,0.131078545,5093.334503,658,28761.90888,423,1144.756613,517,0.792388008,10914.28822,850,61632.66189,546,2453.049885,668,0.028468613,0.029579091,0.024108579,0.6,0.756,0.234,0.01,0.564,0.396,0.04,1,1,0.02,0.686,0.147,0.147,1,0.74,0.26,0.92,0.08,0.96,0.04,0.15,0.85,1,1,0,0.01,0.99,0.35,0.65
Haidong City,Medium-small-cities,4,青海省,21.2874,17.60100597,2650.554155,132,14875.06627,85,474.3795747,104,0.104094866,4609.019169,159,25866.08746,102,824.8933715,125,0.166910733,8540.674499,415,47930.76909,267,1528.556407,326,2.661598027,4417.590258,159,24791.77712,102,790.6326244,125,0.13281069,5153.855301,658,28923.73997,423,922.4047285,517,0.620979715,11043.97565,850,61979.44279,546,1976.581561,668,0.009238007,0.021629302,0,0.6,0.743,0.247,0.01,0.542,0.418,0.04,1,1,0.02,0.686,0.147,0.147,1,0.74,0.26,0.92,0.08,0.96,0.04,0.15,0.85,1,1,0,0.01,0.99,0.35,0.65
Haikou City,Medium-small-cities,4,海南省,82.071,70.53465009,6697.587168,132,10178.61088,85,1123.801957,104,0.342663859,11646.35991,159,17699.47336,102,1954.166736,125,1.00394499,21581.11421,415,32797.74615,267,3621.139638,326,8.410293657,11162.64528,159,16964.35146,102,1873.003261,125,0.679316071,13023.08616,658,19791.74337,423,2185.170472,517,1.100131336,27906.6132,850,42410.87865,546,4682.508153,668,0.005940546,0.006347113,0.231284552,0.6,0.743,0.247,0.01,0.542,0.418,0.04,1,1,0.02,0.686,0.147,0.147,1,0.74,0.26,0.92,0.08,0.96,0.04,0.15,0.85,1,0.9,0.1,0.01,0.99,0.35,0.65
Handan City,Largecities,4,河北省,153.9156,133.2832683,4985.983567,132,12498.79169,85,515.2247463,104,0.20637022,8670.071425,159,21734.00999,102,895.9185865,125,0.633181356,16065.94705,415,40273.88432,267,1660.168627,326,12.62235307,8309.972612,159,20831.31948,102,858.7079104,125,0.414616532,9694.968047,658,24303.20606,423,1001.825895,517,6.755810552,20774.93153,850,52078.2987,546,2146.769776,668,0.008876579,0.006661488,0.053376877,0.6,0.756,0.234,0.01,0.572903158,0.378596842,0.0485,1,1,0.02,0.471221579,0.466494402,0.042284019,1,0.74,0.26,0.92,0.08,0.96,0.04,0.15,0.85,1,1,0,0.01,0.99,0.35,0.65
Hanzhong City,Medium-small-cities,4,陕西省,33.1003,29.68199661,1791.909726,132,15718.37047,85,489.7198049,104,0.084804296,3115.931912,159,27332.49976,102,851.5683274,125,0.210531595,5773.931338,415,50648.08262,267,1577.986038,326,2.175328799,2986.516209,159,26197.28412,102,816.1996749,125,0.081352958,3484.268911,658,30563.49814,423,952.232954,517,0.866285743,7466.290523,850,65493.21029,546,2040.499187,668,0.015695799,0.01970647,0.105171544,0.6,0.717,0.273,0.01,0.498,0.462,0.04,1,1,0.02,0.686,0.147,0.147,1,0.74,0.26,0.92,0.08,0.96,0.04,0.15,0.85,1,1,0,0.01,0.99,0.35,0.65
Hangzhou City,Extra-large-cities,4,浙江省,274.584,248.3524372,5552.618369,132,11389.2109,85,1058.170735,104,0.530667601,9655.386386,159,19804.57228,102,1840.041333,125,1.243752189,17891.7703,415,36698.56844,267,3409.661257,326,19.5235927,9254.363949,159,18982.01816,102,1763.617891,125,0.648409475,10796.75794,658,22145.68785,423,2057.554207,517,4.285140876,23135.90987,850,47455.0454,546,4409.044728,668,0.007831484,0.005449085,0.312262482,0.6,0.721867969,0.242632031,0.0355,0.518615057,0.371884943,0.1095,1,1,0.02,0.014,0.9358125,0.0301875,1,0.74,0.26,0.92,0.08,0.96,0.04,0.15,0.85,1,1,0,0.01,0.99,0.35,0.65
Hefei City,Extra-large-cities,4,安徽省,216.4758,185.4031429,3778.326417,132,13766.87503,85,454.7985502,104,0.591882957,6570.089825,159,23939.06603,102,790.8441456,125,1.361091173,12174.60734,415,44359.93066,267,1465.461995,326,18.44182688,6297.210695,159,22944.79172,102,757.9975837,125,0.759623067,7346.745811,658,26768.92367,423,884.3305143,517,9.918233038,15743.02674,850,57361.9793,546,1894.993959,668,0.009358059,0.005635326,0.140324769,0.6,0.744975781,0.219524219,0.0355,0.55403267,0.33646733,0.1095,1,1,0.02,0.014,0.9358125,0.0301875,1,0.74,0.26,0.92,0.08,0.96,0.04,0.15,0.85,1,1,0,0.01,0.99,0.35,0.65
Hechi City,Medium-small-cities,4,广西壮族自治区,32.5873,28.27371761,3381.579088,132,14059.22775,85,559.1931642,104,0.080178111,5880.190303,159,24447.43492,102,972.37478,125,0.190483755,10896.19928,415,45301.95608,267,1801.84464,326,2.784367138,5635.965146,159,23432.04625,102,931.9886071,125,0.241020262,6575.292671,658,27337.38729,423,1087.320042,517,1.017533122,14089.91287,850,58580.11562,546,2329.971518,668,0.035912655,0.020854281,0.001086686,0.6,0.717,0.273,0.01,0.498,0.462,0.04,1,1,0.02,0.686,0.147,0.147,1,0.74,0.26,0.92,0.08,0.96,0.04,0.15,0.85,1,1,0,0.01,0.99,0.35,0.65
Heyuan City,Medium-small-cities,4,广东省,41.7966,37.10686305,3120.795984,132,14163.40119,85,715.8028261,104,0.092662597,5426.717461,159,24628.58096,102,1244.701581,125,0.315665772,10055.89817,415,45637.62606,267,2306.475773,326,3.31638352,5201.32664,159,23605.66865,102,1193.00471,125,0.200648775,6068.214413,658,27539.94676,423,1391.838829,517,0.764376284,13003.3166,850,59014.17163,546,2982.511775,668,0.003437946,0.009438958,0,0.6,0.704,0.286,0.01,0.476,0.484,0.04,1,1,0.02,0.686,0.147,0.147,1,0.74,0.26,0.92,0.08,0.96,0.04,0.15,0.85,1,1,0,0.01,0.99,0.35,0.65
Heze City,Largecities,4,山东省,118.3422,104.0717311,2678.835737,132,14823.70994,85,497.4543267,104,0.204162048,4658.197698,159,25776.7845,102,865.0178015,125,0.67409115,8631.804042,415,47765.28757,267,1602.908386,326,8.672559402,4464.726228,159,24706.18323,102,829.0905445,125,0.406796698,5208.847267,658,28823.88043,423,967.2723019,517,4.312859616,11161.81557,850,61765.45807,546,2072.726361,668,0.003916128,0.00933764,0,0.6,0.743,0.247,0.01,0.55187,0.39963,0.0485,1,1,0.02,0.471221579,0.466494402,0.042284019,1,0.74,0.26,0.92,0.08,0.96,0.04,0.15,0.85,1,1,0,0.01,0.99,0.35,0.65
Hezhou City,Medium-small-cities,4,广西壮族自治区,22.6107,19.61772061,3290.564464,132,14119.55149,85,589.8840431,104,0.055631587,5721.925985,159,24552.33121,102,1025.742808,125,0.132167165,10602.92994,415,45496.33259,267,1900.737472,326,1.931933301,5484.274107,159,23532.58582,102,983.1400719,125,0.167231923,6398.319792,658,27454.68346,423,1146.99675,517,0.706015416,13710.68527,850,58831.46455,546,2457.85018,668,0.015906856,0.015258539,0,0.6,0.704,0.286,0.01,0.476,0.484,0.04,1,1,0.02,0.686,0.147,0.147,1,0.74,0.26,0.92,0.08,0.96,0.04,0.15,0.85,1,1,0,0.01,0.99,0.35,0.65
Hebi City,Medium-small-cities,4,河南省,27.758,24.50000173,3134.8756,132,14562.6364,85,302.4879965,104,0.063112693,5451.200349,159,25322.80663,102,525.9930162,125,0.136945899,10101.26582,415,46924.05063,267,974.6835443,326,1.990729968,5224.792667,159,24271.06067,102,504.1466608,125,0.068472949,6095.591445,658,28316.23745,423,588.1711043,517,0.998736758,13061.98167,850,60677.65168,546,1260.366652,668,0.014214536,0.006441258,0,0.6,0.756,0.234,0.01,0.564,0.396,0.04,1,1,0.02,0.686,0.147,0.147,1,0.74,0.26,0.92,0.08,0.96,0.04,0.15,0.85,1,1,0,0.01,0.99,0.35,0.65
Hegang City,Medium-small-cities,4,黑龙江省,10,8.526775275,3452.564371,132,14029.01772,85,518.4179117,104,0.040922909,6003.625823,159,24394.90303,102,901.4711464,125,0.099384208,11124.92964,415,45204.61264,267,1670.457715,326,0.851001637,5754.273952,159,23381.6962,102,864.0298528,125,0.081650947,6713.31961,658,27278.64556,423,1008.034828,517,0.400265025,14385.68488,850,58454.24049,546,2160.074632,668,0.007588756,0.028910488,0,0.6,0.743,0.247,0.01,0.542,0.418,0.04,1,1,0.02,0.686,0.147,0.147,1,0.74,0.26,0.92,0.08,0.96,0.04,0.15,0.85,1,1,0,0.01,0.99,0.35,0.65
Heihe City,Medium-small-cities,4,黑龙江省,22.3434,19.05171507,2975.337243,132,14714.07026,85,310.5924971,104,0.091435693,5173.780872,159,25586.13329,102,540.0858421,125,0.222058111,9587.197782,415,47412.00417,267,1000.798046,326,1.901426997,4958.895405,159,24523.45043,102,517.6541618,125,0.182435977,5785.377972,658,28610.69217,423,603.9298554,517,0.894328155,12397.23851,850,61308.62608,546,1294.135405,668,0.008005973,0.025209417,0.022899495,0.6,0.73,0.26,0.01,0.52,0.44,0.04,1,1,0.02,0.686,0.147,0.147,1,0.74,0.26,0.92,0.08,0.96,0.04,0.15,0.85,1,1,0,0.01,0.99,0.35,0.65
Hengshui City,Medium-small-cities,4,河北省,83.8,72.56663965,3789.069621,132,13560.35305,85,650.577334,104,0.11235914,6588.771063,159,23579.94724,102,1131.281697,125,0.34473827,12209.22433,415,43694.47092,267,2096.304743,326,6.872293562,6315.116034,159,22600.58841,102,1084.295557,125,0.225739726,7367.635373,658,26367.35314,423,1265.011483,517,3.678229655,15787.79009,850,56501.47102,546,2710.738892,668,0.020460893,0.010919922,0,0.6,0.756,0.234,0.01,0.564,0.396,0.04,1,1,0.02,0.686,0.147,0.147,1,0.74,0.26,0.92,0.08,0.96,0.04,0.15,0.85,1,1,0,0.01,0.99,0.35,0.65
Hengyang City,Largecities,4,湖南省,62.6219,55.96609736,1311.072222,132,16122.78295,85,566.1448233,104,0.304112536,2279.80892,159,28035.72814,102,984.4629428,125,0.444972262,4224.56605,415,51951.18952,267,1824.244431,326,4.272022662,2185.120371,159,26871.30492,102,943.5747056,125,0.356122281,2549.307099,658,31349.85574,423,1100.837157,517,1.278572897,5462.800927,850,67178.26231,546,2358.936764,668,0.014099755,0.011956883,0.0147972,0.6,0.73,0.26,0.01,0.530836842,0.420663158,0.0485,1,1,0.02,0.471221579,0.466494402,0.042284019,1,0.74,0.26,0.92,0.08,0.96,0.04,0.15,0.85,1,1,0,0.01,0.99,0.35,0.65
Honghe Hani and Yi Autonomous Prefecture,Medium-small-cities,4,云南省,55.38,47.08004466,1780.17837,132,15702.80116,85,517.0204748,104,0.155132348,3095.532387,159,27305.42645,102,899.041159,125,0.236820396,5736.130302,415,50597.91483,267,1665.954863,326,6.328200715,2966.963949,159,26171.33526,102,861.7007914,125,0.373216954,3461.457941,658,30533.22447,423,1005.31759,517,1.20658493,7417.409873,850,65428.33815,546,2154.251978,668,0.014695592,0.012970722,0,0.6,0.73,0.26,0.01,0.52,0.44,0.04,1,1,0.02,0.686,0.147,0.147,1,0.74,0.26,0.92,0.08,0.96,0.04,0.15,0.85,1,1,0,0.01,0.99,0.35,0.65
Hohhot City,Medium-small-cities,4,内蒙古自治区,120.3595,105.5248529,4793.845789,132,12343.86647,85,862.2877426,104,0.253816785,8335.965177,159,21464.61225,102,1499.422575,125,0.637688452,15446.83643,415,39774.68084,267,2778.482726,326,9.313607655,7989.742981,159,20573.11078,102,1437.146238,125,0.308355929,9321.366811,658,24001.96258,423,1676.670611,517,4.321178326,19974.35745,850,51432.77695,546,3592.865594,668,0.015236582,0.005550116,0.142964408,0.6,0.756,0.234,0.01,0.564,0.396,0.04,1,1,0.02,0.686,0.147,0.147,1,0.74,0.26,0.92,0.08,0.96,0.04,0.15,0.85,1,1,0,0.01,0.99,0.35,0.65
Hulunbuir City,Medium-small-cities,4,内蒙古自治区,43.5885,38.21609469,4544.471029,132,13139.70665,85,315.8223239,104,0.091920396,7902.330178,159,22848.48989,102,549.17993,125,0.2309405,14643.29554,415,42339.05475,267,1017.64971,326,3.372946774,7574.118381,159,21899.51108,102,526.3705399,125,0.111671886,8836.471445,658,25549.42959,423,614.0989632,517,1.564925756,18935.29595,850,54748.7777,546,1315.92635,668,0.019176954,0.0151658,0.291839292,0.6,0.743,0.247,0.01,0.542,0.418,0.04,1,1,0.02,0.686,0.147,0.147,1,0.74,0.26,0.92,0.08,0.96,0.04,0.15,0.85,1,1,0,0.01,0.99,0.35,0.65
Huludao City,Medium-small-cities,4,辽宁省,42,36.57436903,3295.903749,132,14223.49695,85,480.5993033,104,0.197010537,5731.210409,159,24733.0808,102,835.7087885,125,0.367556971,10620.1343,415,45831.26794,267,1548.597755,326,3.042391571,5493.172916,159,23705.82825,102,800.9988388,125,0.217593727,6408.701735,658,27656.79962,423,934.4986453,517,1.601078167,13732.93229,850,59264.57061,546,2002.497097,668,0.006237203,0.007183101,0,0.6,0.743,0.247,0.01,0.542,0.418,0.04,1,1,0.02,0.686,0.147,0.147,1,0.74,0.26,0.92,0.08,0.96,0.04,0.15,0.85,1,0.9,0.1,0.01,0.99,0.35,0.65
Huzhou City,Largecities,4,浙江省,88.6936,80.22052166,4216.88193,132,12962.73795,85,820.3801218,104,0.171411371,7332.689134,159,22540.76099,102,1426.549878,125,0.401745401,13587.73066,415,41768.82228,267,2643.447059,326,6.306331474,7028.13655,159,21604.56325,102,1367.300203,125,0.209443269,8199.492642,658,25205.32379,423,1595.18357,517,1.384146821,17570.34138,850,54011.40812,546,3418.250507,668,0.00903079,0.00480129,0,0.6,0.717,0.273,0.01,0.509803684,0.441696316,0.0485,1,1,0.02,0.471221579,0.466494402,0.042284019,1,0.74,0.26,0.92,0.08,0.96,0.04,0.15,0.85,1,1,0,0.01,0.99,0.35,0.65
Huaihua City,Medium-small-cities,4,湖南省,41.2396,36.85642672,1877.990201,132,15502.06552,85,619.944279,104,0.200273057,3265.616294,159,26956.36949,102,1078.014218,125,0.293036112,6051.301758,415,49951.10001,267,1997.598232,326,2.81333696,3129.983668,159,25836.77587,102,1033.240465,125,0.234524031,3651.647613,658,30142.90518,423,1205.447209,517,0.842003115,7824.95917,850,64591.93967,546,2583.101162,668,0.020490392,0.012880157,0.043082624,0.6,0.73,0.26,0.01,0.52,0.44,0.04,1,1,0.02,0.686,0.147,0.147,1,0.74,0.26,0.92,0.08,0.96,0.04,0.15,0.85,1,1,0,0.01,0.99,0.35,0.65
Huai'an City,Largecities,4,江苏省,63.21,58.51251803,4195.68024,132,13221.40275,85,582.9170061,104,0.13114039,7295.82175,159,22990.55034,102,1013.627905,125,0.382465138,13519.41411,415,42602.29776,267,1878.288131,326,2.14505838,6992.8004,159,22035.67126,102,971.5283436,125,0.371177104,8158.267133,658,25708.28313,423,1133.449734,517,1.66764096,17482.001,850,55089.17814,546,2428.820859,668,0.00352244,0.007429681,0.025525504,0.6,0.743,0.247,0.01,0.55187,0.39963,0.0485,1,1,0.02,0.471221579,0.466494402,0.042284019,1,0.74,0.26,0.92,0.08,0.96,0.04,0.15,0.85,1,1,0,0.01,0.99,0.35,0.65
Huaibei City,Medium-small-cities,4,安徽省,30.9678,26.52272193,4642.256084,132,12993.40459,85,364.3393223,104,0.084671418,8072.367523,159,22594.08688,102,633.5455993,125,0.194709983,14958.38071,415,41867.63703,267,1173.982261,326,2.638183143,7737.093473,159,21655.67432,102,607.2322038,125,0.108667367,9026.609052,658,25264.95338,423,708.4375711,517,1.418846158,19342.73368,850,54139.18581,546,1518.080509,668,0.027337751,0.010772322,0,0.6,0.743,0.247,0.01,0.542,0.418,0.04,1,1,0.02,0.686,0.147,0.147,1,0.74,0.26,0.92,0.08,0.96,0.04,0.15,0.85,1,1,0,0.01,0.99,0.35,0.65
Huainan City,Medium-small-cities,4,安徽省,36.8604,31.56950573,3246.861925,132,14353.55649,85,399.58159,104,0.100782825,5645.932125,159,24959.23989,102,694.827987,125,0.231759694,10462.11065,415,46250.34868,267,1287.540679,326,3.140180637,5411.436541,159,23922.59414,102,665.9693166,125,0.129344759,6313.342631,658,27909.69317,423,776.9642027,517,1.688826359,13528.59135,850,59806.48536,546,1664.923291,668,0.005779518,0.008816788,0,0.6,0.743,0.247,0.01,0.542,0.418,0.04,1,1,0.02,0.686,0.147,0.147,1,0.74,0.26,0.92,0.08,0.96,0.04,0.15,0.85,1,1,0,0.01,0.99,0.35,0.65
Huanggang City,Medium-small-cities,4,湖北省,48.5984,42.78303697,2480.51108,132,15076.93336,85,442.5555565,104,0.157294752,4313.333156,159,26217.1119,102,769.5549399,125,0.349796273,7992.757925,415,48581.22973,267,1426.012349,326,3.621186413,4134.185134,159,25128.22227,102,737.5925942,125,0.329921484,4823.215989,658,29316.25932,423,860.5246932,517,1.35716411,10335.46283,850,62820.55568,546,1843.981485,668,0.006469999,0.010460215,0,0.6,0.73,0.26,0.01,0.52,0.44,0.04,1,1,0.02,0.686,0.147,0.147,1,0.74,0.26,0.92,0.08,0.96,0.04,0.15,0.85,1,1,0,0.01,0.99,0.35,0.65
Huangshan City,Medium-small-cities,4,安徽省,21.0622,18.03895898,3823.96088,132,13315.40342,85,860.6356968,104,0.057587764,6649.443086,159,23154.00706,102,1496.549851,125,0.132428542,12321.65173,415,42905.18881,267,2773.159468,326,1.79431348,6373.268134,159,22192.33904,102,1434.392828,125,0.073908183,7435.479489,658,25891.06221,423,1673.458299,517,0.965003053,15933.17033,850,55480.8476,546,3585.98207,668,0.073228315,0.009056689,0.034836213,0.6,0.717,0.273,0.01,0.498,0.462,0.04,1,1,0.02,0.686,0.147,0.147,1,0.74,0.26,0.92,0.08,0.96,0.04,0.15,0.85,1,1,0,0.01,0.99,0.35,0.65
Huangshi City,Medium-small-cities,4,湖北省,24.8889,21.91065403,2719.27783,132,14870.54201,85,410.1801631,104,0.080556013,4728.522005,159,25858.22027,102,713.257728,125,0.179142615,8762.117454,415,47916.19091,267,1321.691637,326,1.854533205,4532.129717,159,24784.23668,102,683.6336052,125,0.168964057,5287.48467,658,28914.94279,423,797.5725394,517,0.69505008,11330.32429,850,61960.59169,546,1709.084013,668,0.019301237,0.009504524,0,0.6,0.73,0.26,0.01,0.52,0.44,0.04,1,1,0.02,0.686,0.147,0.147,1,0.74,0.26,0.92,0.08,0.96,0.04,0.15,0.85,1,1,0,0.01,0.99,0.35,0.65
Huizhou City,Largecities,4,广东省,130.4393,115.8035161,4763.720712,132,12546.9638,85,689.3154886,104,0.289182475,8283.581016,159,21817.77594,102,1198.643044,125,0.985133297,15349.76674,415,40429.10558,267,2221.127686,326,10.34980704,7939.53452,159,20911.60633,102,1148.859148,125,0.626186956,9262.790273,658,24396.87405,423,1340.335672,517,2.385474116,19848.8363,850,52279.01583,546,2872.147869,668,0.019386902,0.009424886,0.024918503,0.6,0.704,0.286,0.01,0.488770526,0.462729474,0.0485,1,1,0.02,0.471221579,0.466494402,0.042284019,1,0.74,0.26,0.92,0.08,0.96,0.04,0.15,0.85,1,0.9,0.1,0.01,0.99,0.35,0.65
Jixi City,Medium-small-cities,4,黑龙江省,21.9,18.67363785,3365.897903,132,14114.00667,85,520.0954314,104,0.089621171,5852.922465,159,24542.68937,102,904.3881668,125,0.217651415,10845.67102,415,45478.46592,267,1675.863057,326,1.863693585,5609.829838,159,23523.34444,102,866.8257189,125,0.178815574,6544.801478,658,27443.90185,423,1011.296672,517,0.876580404,14024.5746,850,58808.36111,546,2167.064297,668,0.015107147,0.02427567,0.012627843,0.6,0.73,0.26,0.01,0.52,0.44,0.04,1,1,0.02,0.686,0.147,0.147,1,0.74,0.26,0.92,0.08,0.96,0.04,0.15,0.85,1,1,0,0.01,0.99,0.35,0.65
Ji'an City (Jiangxi),Medium-small-cities,4,江西省,49.7006,42.73277567,2441.279711,132,15096.58008,85,462.1402066,104,0.116352028,4245.114164,159,26251.27537,102,803.6104704,125,0.251819033,7866.345736,415,48644.53582,267,1489.118443,326,4.031597783,4068.799519,159,25160.9668,102,770.2336777,125,0.31747482,4746.932772,658,29354.46127,423,898.6059573,517,2.250580663,10171.9988,850,62902.41701,546,1925.584194,668,0.004749976,0.014817227,0.011518751,0.6,0.704,0.286,0.01,0.476,0.484,0.04,1,1,0.02,0.686,0.147,0.147,1,0.74,0.26,0.92,0.08,0.96,0.04,0.15,0.85,1,1,0,0.01,0.99,0.35,0.65
Jilin City,Medium-small-cities,4,吉林省,61.3329,54.24783135,3291.342708,132,14083.94013,85,624.7171594,104,0.183034355,5723.279264,159,24490.40701,102,1086.313727,125,0.493100016,10605.43761,415,45381.58487,267,2012.977514,326,4.073197359,5485.57118,159,23473.23355,102,1041.195266,125,0.249964828,6399.833043,658,27385.43915,423,1214.72781,517,2.085772088,13713.92795,850,58683.08389,546,2602.988164,668,0.007587486,0.007736377,0,0.6,0.73,0.26,0.01,0.52,0.44,0.04,1,1,0.02,0.686,0.147,0.147,1,0.74,0.26,0.92,0.08,0.96,0.04,0.15,0.85,1,1,0,0.01,0.99,0.35,0.65
Jinan City,Extra-large-cities,4,山东省,257.8872,226.7894912,5430.667142,132,11725.39229,85,843.9405715,104,0.444902823,9443.326753,159,20389.15436,102,1467.518883,125,1.468955953,17498.81635,415,37781.81959,267,2719.364064,326,18.89893936,9051.111904,159,19542.32048,102,1406.567619,125,0.886477195,10559.63055,658,22799.37389,423,1640.995556,517,9.398433444,22627.77976,850,48855.80119,546,3516.419048,668,0.012447543,0.007003745,0.153011464,0.6,0.744975781,0.219524219,0.0355,0.55403267,0.33646733,0.1095,1,1,0.02,0.014,0.9358125,0.0301875,1,0.74,0.26,0.92,0.08,0.96,0.04,0.15,0.85,1,1,0,0.01,0.99,0.35,0.65
Jining City,Largecities,4,山东省,155.2222,136.5045018,2910.365667,132,14516.9129,85,572.72143,104,0.267786827,5060.802521,159,25243.29855,102,995.898931,125,0.884163986,9377.844928,415,46776.71935,267,1845.435719,326,11.37526385,4850.609445,159,24194.85484,102,954.5357166,125,0.533570261,5659.044353,658,28227.33064,423,1113.625003,517,5.656913238,12126.52361,850,60487.13709,546,2386.339292,668,0.004281936,0.008946793,0.00823039,0.6,0.756,0.234,0.01,0.572903158,0.378596842,0.0485,1,1,0.02,0.471221579,0.466494402,0.042284019,1,0.74,0.26,0.92,0.08,0.96,0.04,0.15,0.85,1,1,0,0.01,0.99,0.35,0.65
Jiamusi City,Medium-small-cities,4,黑龙江省,29.8106,25.4188287,3298.768732,132,14240.36823,85,460.8630355,104,0.121993647,5736.192296,159,24762.41809,102,801.3896118,125,0.296270286,10629.36592,415,45885.63097,267,1485.003114,326,2.53688694,5497.947887,159,23733.94705,102,768.1050592,125,0.243406372,6414.272535,658,27689.6049,423,896.1225691,517,1.193214054,13744.86972,850,59334.86763,546,1920.262648,668,0.006004029,0.01779314,0.010820239,0.6,0.743,0.247,0.01,0.542,0.418,0.04,1,1,0.02,0.686,0.147,0.147,1,0.74,0.26,0.92,0.08,0.96,0.04,0.15,0.85,1,1,0,0.01,0.99,0.35,0.65
Jiaxing City,Largecities,4,浙江省,147.8138,133.6928498,6936.776062,132,10153.23359,85,909.9903475,104,0.285668483,12062.28282,159,17655.34508,102,1582.372104,125,0.669535506,22351.83398,415,32715.9749,267,2932.19112,326,10.50992202,11561.29344,159,16922.05598,102,1516.650579,125,0.349051177,13488.17568,658,19742.39865,423,1769.425676,517,2.306772996,28903.23359,850,42305.13996,546,3791.626448,668,0.006507349,0.00530256,0,0.6,0.717,0.273,0.01,0.509803684,0.441696316,0.0485,1,1,0.02,0.471221579,0.466494402,0.042284019,1,0.74,0.26,0.92,0.08,0.96,0.04,0.15,0.85,1,0.9,0.1,0.01,0.99,0.35,0.65
Jiayuguan City,Medium-small-cities,4,甘肃省,7.31,5.966725887,4412.39369,132,8416.945573,85,5170.660737,104,0.023145119,7672.66236,159,14636.13314,102,8991.204504,125,0.051219291,14217.713,415,27121.26907,267,16661.01793,326,0.982381706,7353.989483,159,14028.24262,102,8617.767895,125,0.055505424,8579.654396,658,16366.28306,423,10054.06254,517,0.231022574,18384.97371,850,35070.60656,546,21544.41974,668,0.003968963,0.008916406,0.018263916,0.6,0.743,0.247,0.01,0.542,0.418,0.04,1,1,0.02,0.686,0.147,0.147,1,0.74,0.26,0.92,0.08,0.96,0.04,0.15,0.85,1,1,0,0.01,0.99,0.35,0.65
Jiangmen City,Largecities,4,广东省,88.0028,78.12855227,6377.693905,132,10699.54708,85,922.7590111,104,0.195101228,11090.10107,159,18605.32354,102,1604.575392,125,0.664634726,20550.34703,415,34476.31838,267,2973.334591,326,6.982650159,10629.48984,159,17832.57847,102,1537.931685,125,0.422466277,12401.07148,658,20804.67489,423,1794.253633,517,1.60939534,26573.7246,850,44581.44618,546,3844.829213,668,0.007483056,0.012141646,0,0.6,0.704,0.286,0.01,0.488770526,0.462729474,0.0485,1,1,0.02,0.471221579,0.466494402,0.042284019,1,0.74,0.26,0.92,0.08,0.96,0.04,0.15,0.85,1,0.9,0.1,0.01,0.99,0.35,0.65
Jiaozuo City,Medium-small-cities,4,河南省,59.0428,52.11285764,6199.087209,132,11268.03997,85,532.872826,104,0.134244187,10779.52387,159,19593.8695,102,926.6066362,125,0.291291495,19974.83656,415,36308.12878,267,1717.034661,326,4.234392657,10331.81201,159,18780.06661,102,888.1213766,125,0.145645748,12053.78068,658,21910.07771,423,1036.141606,517,2.124368278,25829.53004,850,46950.16652,546,2220.303441,668,0.003746463,0.004030459,0,0.6,0.743,0.247,0.01,0.542,0.418,0.04,1,1,0.02,0.686,0.147,0.147,1,0.74,0.26,0.92,0.08,0.96,0.04,0.15,0.85,1,1,0,0.01,0.99,0.35,0.65
Jieyang City,Medium-small-cities,4,广东省,59.0227,52.40012934,4041.793569,132,13304.53395,85,653.6724777,104,0.130852669,7028.229928,159,23135.10626,102,1136.663808,125,0.445764636,13023.55705,415,42870.16496,267,2106.277984,326,4.683201734,6736.322615,159,22174.22326,102,1089.45413,125,0.283344397,7859.04305,658,25869.92713,423,1271.029818,517,1.079407227,16840.80654,850,55435.55814,546,2723.635324,668,0.012264874,0.005591174,0.063806259,0.6,0.704,0.286,0.01,0.476,0.484,0.04,1,1,0.02,0.686,0.147,0.147,1,0.74,0.26,0.92,0.08,0.96,0.04,0.15,0.85,1,0.9,0.1,0.01,0.99,0.35,0.65
Jinchang City,Medium-small-cities,4,甘肃省,8.51,6.946215773,4154.724307,132,13297.7645,85,547.5111884,104,0.026944591,7224.603935,159,23123.33494,102,952.0611221,125,0.059627382,13387.44499,415,42848.35229,267,1764.202718,326,1.143648197,6924.540512,159,22162.94084,102,912.5186474,125,0.064617121,8078.630598,658,25856.76431,423,1064.605089,517,0.268946936,17311.35128,850,55407.3521,546,2281.296618,668,0.00653485,0.011786853,0.014709573,0.6,0.756,0.234,0.01,0.564,0.396,0.04,1,1,0.02,0.686,0.147,0.147,1,0.74,0.26,0.92,0.08,0.96,0.04,0.15,0.85,1,1,0,0.01,0.99,0.35,0.65
Jinhua City,Largecities,4,浙江省,207.2702,187.4692601,4169.568744,132,13236.1739,85,594.257351,104,0.400575342,7250.41676,159,23016.23573,102,1033.347505,125,0.938848458,13435.27706,415,42649.89369,267,1914.829242,326,14.7374172,6949.28124,159,22060.28984,102,990.4289184,125,0.489452996,8107.49478,658,25737.00482,423,1155.500405,517,3.234645888,17373.2031,850,55150.7246,546,2476.072296,668,0.007123518,0.00437635,0.013150598,0.6,0.704,0.286,0.01,0.488770526,0.462729474,0.0485,1,1,0.02,0.471221579,0.466494402,0.042284019,1,0.74,0.26,0.92,0.08,0.96,0.04,0.15,0.85,1,1,0,0.01,0.99,0.35,0.65
Jinzhou City,Medium-small-cities,4,辽宁省,47.2959,41.18613572,3043.564768,132,14456.11504,85,500.3201934,104,0.221852158,5292.420958,159,25137.57782,102,870.0012252,125,0.41390328,9807.042031,415,46580.81512,267,1612.142845,326,3.426015416,5072.607947,159,24093.52506,102,833.866989,125,0.245030742,5918.042605,658,28109.11257,423,972.8448205,517,1.802962688,12681.51987,850,60233.81266,546,2084.667472,668,0.008043818,0.00925474,0.003108822,0.6,0.743,0.247,0.01,0.542,0.418,0.04,1,1,0.02,0.686,0.147,0.147,1,0.74,0.26,0.92,0.08,0.96,0.04,0.15,0.85,1,0.9,0.1,0.01,0.99,0.35,0.65
Jincheng City,Medium-small-cities,4,山西省,46.7224,41.35913541,4574.595939,132,12625.36262,85,800.0414422,104,0.080551309,7954.714049,159,21954.10278,102,1391.183174,125,0.238352643,14740.36469,415,40681.724,267,2577.911314,326,2.924276604,7624.326564,159,21042.27103,102,1333.402404,125,0.083852592,8895.047659,658,24549.3162,423,1555.636138,517,2.03623144,19060.81641,850,52605.67758,546,3333.506009,668,0.005275347,0.006369362,0.00E+00,0.6,0.756,0.234,0.01,0.564,0.396,0.04,1,1,0.02,0.686,0.147,0.147,1,0.74,0.26,0.92,0.08,0.96,0.04,0.15,0.85,1,1,0,0.01,0.99,0.35,0.65
Jinzhong City,Medium-small-cities,4,山西省,67.4302,59.68988692,4861.689563,132,12438.988,85,699.3224343,104,0.116252394,8453.937962,159,21630.01803,102,1216.044011,125,0.343992739,15665.44415,415,40081.18356,267,2253.372288,326,4.220343053,8102.815938,159,20731.64667,102,1165.53739,125,0.121016836,9453.285261,658,24186.92112,423,1359.793622,517,2.938708055,20257.03985,850,51829.11668,546,2913.843476,668,0.010457384,0.007807476,0,0.6,0.756,0.234,0.01,0.564,0.396,0.04,1,1,0.02,0.686,0.147,0.147,1,0.74,0.26,0.92,0.08,0.96,0.04,0.15,0.85,1,1,0,0.01,0.99,0.35,0.65
Jingmen City,Medium-small-cities,4,湖北省,37.6966,33.18576396,3526.501845,132,14473.49815,85,0,104,0.122009724,6132.194875,159,25167.80512,102,0,125,0.271328483,11363.17261,415,46636.82739,267,0,326,2.808866459,5877.503075,159,24122.49692,102,0,125,0.255912092,6857.086921,658,28142.91308,423,0,517,1.052719278,14693.75769,850,60306.24231,546,0,668,0.007342526,0.00922882,0,0.6,0.743,0.247,0.01,0.542,0.418,0.04,1,1,0.02,0.686,0.147,0.147,1,0.74,0.26,0.92,0.08,0.96,0.04,0.15,0.85,1,1,0,0.01,0.99,0.35,0.65
Jingzhou City,Medium-small-cities,4,湖北省,53.6687,47.24661668,2549.650178,132,15450.34982,85,0,104,0.173705408,4433.558365,159,26866.44163,102,0,125,0.386290726,8215.539462,415,49784.46054,267,0,326,3.998986947,4249.416963,159,25750.58304,102,0,125,0.364342389,4957.653124,658,30042.34688,423,0,517,1.498757849,10623.54241,850,64376.45759,546,0,668,0.011068921,0.009060533,0,0.6,0.73,0.26,0.01,0.52,0.44,0.04,1,1,0.02,0.686,0.147,0.147,1,0.74,0.26,0.92,0.08,0.96,0.04,0.15,0.85,1,1,0,0.01,0.99,0.35,0.65
Jingdezhen City,Medium-small-cities,4,江西省,23.4326,20.14744368,3703.444465,132,13636.76552,85,659.7900166,104,0.054857095,6439.878431,159,23712.82004,102,1147.301529,125,0.118726427,11933.32105,415,43940.68889,267,2125.990053,326,1.900798345,6172.407442,159,22727.94253,102,1099.650028,125,0.149681502,7201.142015,658,26515.93295,423,1282.925032,517,1.061092953,15431.0186,850,56819.85633,546,2749.125069,668,0.028219654,0.011925127,0.058203411,0.6,0.717,0.273,0.01,0.498,0.462,0.04,1,1,0.02,0.686,0.147,0.147,1,0.74,0.26,0.92,0.08,0.96,0.04,0.15,0.85,1,1,0,0.01,0.99,0.35,0.65
Jiujiang City,Largecities,4,江西省,61.3696,52.76582878,2421.947896,132,15066.01709,85,512.0350109,104,0.143669844,4211.498287,159,26198.12972,102,890.3719912,125,0.310942591,7804.054333,415,48546.05508,267,1649.890591,326,4.978160088,4036.579827,159,25110.02849,102,853.3916849,125,0.392013431,4709.343132,658,29295.03324,423,995.6236324,517,2.778985265,10091.44957,850,62775.07122,546,2133.479212,668,0.034150266,0.009169967,0,0.6,0.73,0.26,0.01,0.530836842,0.420663158,0.0485,1,1,0.02,0.471221579,0.466494402,0.042284019,1,0.74,0.26,0.92,0.08,0.96,0.04,0.15,0.85,1,1,0,0.01,0.99,0.35,0.65
Jiuquan City,Medium-small-cities,4,甘肃省,20.48,16.71662738,3171.549697,132,14186.68708,85,641.7632236,104,0.064844327,5514.972529,159,24669.07253,102,1115.954939,125,0.143498094,10219.43791,415,45712.65837,267,2067.903721,326,2.752281442,5285.916162,159,23644.47847,102,1069.605373,125,0.155506303,6166.902189,658,27585.22488,423,1247.872935,517,0.647242451,13214.79041,850,59111.19616,546,2674.013432,668,0.007489841,0.010710691,0.02363428,0.6,0.756,0.234,0.01,0.564,0.396,0.04,1,1,0.02,0.686,0.147,0.147,1,0.74,0.26,0.92,0.08,0.96,0.04,0.15,0.85,1,1,0,0.01,0.99,0.35,0.65
Kashgar Prefecture,Medium-small-cities,4,新疆维吾尔族自治区,60.22,49.88452083,3146.228791,132,14244.00668,85,609.7645331,104,0.309020387,5470.942287,159,24768.74494,102,1060.312771,125,0.418987102,10137.84833,415,45897.35484,267,1964.796829,326,6.783136702,5243.714652,159,23740.01113,102,1016.274222,125,0.400891313,6117.667094,658,27696.67965,423,1185.653259,517,2.423443669,13109.28663,850,59350.02782,546,2540.685554,668,0.050266996,0.045832246,0.272516797,0.6,0.756,0.234,0.01,0.564,0.396,0.04,1,1,0.02,0.686,0.147,0.147,1,0.74,0.26,0.92,0.08,0.96,0.04,0.15,0.85,1,1,0,0.01,0.99,0.35,0.65
Kaifeng City,Medium-small-cities,4,河南省,64.4348,56.87199047,3005.046257,132,14122.582,85,872.371741,104,0.146503847,5225.441548,159,24557.60093,102,1516.957527,125,0.317893278,9682.926829,415,45506.09756,267,2810.97561,326,4.621092563,5008.410429,159,23537.63667,102,1453.952902,125,0.158946639,5843.1455,658,27460.57611,423,1696.278385,517,2.318373199,12521.02607,850,58844.09167,546,3634.882254,668,0.005837468,0.006836757,0,0.6,0.743,0.247,0.01,0.542,0.418,0.04,1,1,0.02,0.686,0.147,0.147,1,0.74,0.26,0.92,0.08,0.96,0.04,0.15,0.85,1,1,0,0.01,0.99,0.35,0.65
Karamay City,Medium-small-cities,4,新疆维吾尔族自治区,15.3,12.67408118,4461.973133,132,10435.33163,85,3102.695238,104,0.07851232,7758.875503,159,18145.88222,102,5395.242274,125,0.106451389,14377.46898,415,33624.95747,267,9997.573543,326,1.723380796,7436.621888,159,17392.21938,102,5171.158729,125,0.101853821,8676.05887,658,20290.92261,423,6033.018518,517,0.615720494,18591.55472,850,43480.54846,546,12927.89682,668,0.118407763,0.023112899,0.37659085,0.6,0.756,0.234,0.01,0.564,0.396,0.04,1,1,0.02,0.686,0.147,0.147,1,0.74,0.26,0.92,0.08,0.96,0.04,0.15,0.85,1,1,0,0.01,0.99,0.35,0.65
Kizilsu Kirgiz Autonomous Prefecture,Medium-small-cities,4,新疆维吾尔族自治区,13.7546,11.39391614,2480.236313,132,15320.58141,85,199.1822798,104,0.070582063,4312.855366,159,26640.78878,102,346.3558531,125,0.095699103,7991.872563,415,49366.31787,267,641.8095681,326,1.549308072,4133.727188,159,25534.30235,102,331.9704663,125,0.091565919,4822.681719,658,29790.0194,423,387.2988773,517,0.5535287,10334.31797,850,63835.75586,546,829.9261657,668,0.011999127,0.061313394,0,0.6,0.756,0.234,0.01,0.564,0.396,0.04,1,1,0.02,0.686,0.147,0.147,1,0.74,0.26,0.92,0.08,0.96,0.04,0.15,0.85,1,1,0,0.01,0.99,0.35,0.65
Kunming City,Largecities,4,云南省,250.39,212.8633511,1634.997791,132,15438.79806,85,926.2041538,104,0.701401023,2843.079491,159,26846.3544,102,1610.566112,125,1.070737794,5268.326214,415,49747.23818,267,2984.435607,326,28.61174028,2724.996318,159,25731.33009,102,1543.67359,125,1.687428548,3179.162371,658,30019.88511,423,1800.952521,517,5.45534129,6812.490794,850,64328.32523,546,3859.183974,668,0.013280178,0.007989579,1.866750221,0.6,0.743,0.247,0.01,0.55187,0.39963,0.0485,1,1,0.02,0.471221579,0.466494402,0.042284019,1,0.74,0.26,0.92,0.08,0.96,0.04,0.15,0.85,1,1,0,0.01,0.99,0.35,0.65
Lhasa City,Medium-small-cities,4,西藏自治区,25.7008,16.79347921,2851.73181,132,14593.22006,85,555.0481277,104,0.134607766,4958.844758,159,25375.98822,102,965.167022,125,0.199590825,9188.913609,415,47022.59798,267,1788.488411,326,5.769567347,4752.88635,159,24322.03344,102,925.0802128,125,0.863346361,5545.034075,658,28375.70568,423,1079.260248,517,1.940208488,11882.21587,850,60805.08359,546,2312.700532,668,0.037680502,0.0177294,0.263624781,0.6,0.73,0.26,0.01,0.52,0.44,0.04,1,1,0.02,0.686,0.147,0.147,1,0.74,0.26,0.92,0.08,0.96,0.04,0.15,0.85,1,1,0,0.01,0.99,0.35,0.65
Laibin City,Medium-small-cities,4,广西壮族自治区,23.2455,20.1684921,3439.94746,132,14017.76891,85,542.2836289,104,0.057193455,5981.686417,159,24375.34261,102,942.970977,125,0.135877785,11084.27515,415,45168.36649,267,1747.35836,326,1.986172721,5733.245767,159,23362.94818,102,903.8060482,125,0.171926993,6688.786728,658,27256.77288,423,1054.44039,517,0.725836942,14333.11442,850,58407.37046,546,2259.515121,668,0.013831186,0.012422599,0,0.6,0.717,0.273,0.01,0.498,0.462,0.04,1,1,0.02,0.686,0.147,0.147,1,0.74,0.26,0.92,0.08,0.96,0.04,0.15,0.85,1,1,0,0.01,0.99,0.35,0.65
Lanzhou City,Medium-small-cities,4,甘肃省,92.49,75.49418294,5046.794813,132,12046.05301,85,907.1521787,104,0.292844327,8775.815425,159,20946.74773,102,1577.436844,125,0.64805365,16261.8944,415,38815.05969,267,2923.045909,326,12.42961478,8411.324689,159,20076.75501,102,1511.920298,125,0.702284081,9813.212137,658,23422.88085,423,1763.907014,517,2.923020229,21028.31172,850,50191.88753,546,3779.800745,668,0.00789122,0.009121528,0.116062169,0.6,0.756,0.234,0.01,0.564,0.396,0.04,1,1,0.02,0.686,0.147,0.147,1,0.74,0.26,0.92,0.08,0.96,0.04,0.15,0.85,1,1,0,0.01,0.99,0.35,0.65
Langfang City,Largecities,4,河北省,85.5844,74.11184146,4541.953472,132,12843.25172,85,614.794807,104,0.114751665,7897.952427,159,22332.98771,102,1069.059859,125,0.352078973,14635.18341,415,41383.8111,267,1981.005489,326,7.018629131,7569.922454,159,21405.41953,102,1024.658012,125,0.230546528,8831.576196,658,24972.98946,423,1195.434347,517,3.756552244,18924.80613,850,53513.54884,546,2561.645029,668,0.010632989,0.006616385,0,0.6,0.756,0.234,0.01,0.572903158,0.378596842,0.0485,1,1,0.02,0.471221579,0.466494402,0.042284019,1,0.74,0.26,0.92,0.08,0.96,0.04,0.15,0.85,1,1,0,0.01,0.99,0.35,0.65
Leshan City,Medium-small-cities,4,四川省,60.09,53.83262007,2749.15203,132,14712.88341,85,537.9645558,104,0.11037988,4780.469919,159,25584.06949,102,935.4605887,125,0.388597658,8858.378764,415,47408.17989,267,1733.441347,326,4.016013152,4581.92005,159,24521.47236,102,896.607593,125,0.315011072,5345.573392,658,28608.38442,423,1046.042192,517,1.427378168,11454.80013,850,61303.68089,546,2241.518983,668,0.00461443,0.015921293,0,0.6,0.717,0.273,0.01,0.498,0.462,0.04,1,1,0.02,0.686,0.147,0.147,1,0.74,0.26,0.92,0.08,0.96,0.04,0.15,0.85,1,1,0,0.01,0.99,0.35,0.65
Lijiang City,Medium-small-cities,4,云南省,20.39,17.33409373,2105.070809,132,15642.07401,85,252.855185,104,0.057117165,3660.484239,159,27199.82869,102,439.6870717,125,0.087193353,6783.005939,415,50402.23847,267,814.7555962,326,2.329938833,3508.451348,159,26070.12334,102,421.4253084,125,0.137412309,4093.193239,658,30415.1439,423,491.6628598,517,0.444244614,8771.128369,850,65175.30836,546,1053.563271,668,0.028205698,0.018995943,0.234459702,0.6,0.73,0.26,0.01,0.52,0.44,0.04,1,1,0.02,0.686,0.147,0.147,1,0.74,0.26,0.92,0.08,0.96,0.04,0.15,0.85,1,1,0,0.01,0.99,0.35,0.65
Lishui City,Medium-small-cities,4,浙江省,42.852,38.75826209,2019.081024,132,15500.39858,85,480.5203916,104,0.082816799,3510.957559,159,26953.47087,102,835.5715698,125,0.194101873,6505.927745,415,49945.72877,267,1548.343484,326,3.046881808,3365.13504,159,25833.99764,102,800.8673193,125,0.101191777,3925.99088,658,30139.66391,423,934.3452058,517,0.668745655,8412.837601,850,64584.9941,546,2002.168298,668,0.003758135,0.007565345,0,0.6,0.704,0.286,0.01,0.476,0.484,0.04,1,1,0.02,0.686,0.147,0.147,1,0.74,0.26,0.92,0.08,0.96,0.04,0.15,0.85,1,1,0,0.01,0.99,0.35,0.65
Lianyungang City,Largecities,4,江苏省,73.41,67.95450006,5264.810378,132,12208.70858,85,526.4810378,104,0.152302105,9154.920268,159,21229.58771,102,915.4920268,125,0.444182341,16964.38899,415,39339.17211,267,1696.438899,326,2.491199742,8774.683963,159,20347.84764,102,877.4683963,125,0.431072792,10237.13129,658,23739.15558,423,1023.713129,517,1.936742966,21936.70991,850,50869.6191,546,2193.670991,668,0.005394918,0.007258497,0.018945633,0.6,0.743,0.247,0.01,0.55187,0.39963,0.0485,1,1,0.02,0.471221579,0.466494402,0.042284019,1,0.74,0.26,0.92,0.08,0.96,0.04,0.15,0.85,1,0.9,0.1,0.01,0.99,0.35,0.65
Liaoyang City,Medium-small-cities,4,辽宁省,27.5223,23.96692278,3909.83386,132,13542.93779,85,547.228345,104,0.129099597,6798.766657,159,23549.66405,102,951.5692888,125,0.240857458,12598.35355,415,43638.35512,267,1763.291334,326,1.993657465,6516.389767,159,22571.56299,102,912.0472417,125,0.142587615,7602.454728,658,26333.49016,423,1064.055115,517,1.049175087,16290.97442,850,56428.90748,546,2280.118104,668,0.00539228,0.013491954,0,0.6,0.743,0.247,0.01,0.542,0.418,0.04,1,1,0.02,0.686,0.147,0.147,1,0.74,0.26,0.92,0.08,0.96,0.04,0.15,0.85,1,1,0,0.01,0.99,0.35,0.65
Liaoyuan City,Medium-small-cities,4,吉林省,15.2145,13.45694774,2775.798262,132,14587.82957,85,636.3721665,104,0.04540428,4826.804756,159,25366.61475,102,1106.580489,125,0.122320487,8944.238844,415,47005.22862,267,2050.532536,326,1.010414659,4626.330437,159,24313.04929,102,1060.620277,125,0.062007338,5397.38551,658,28365.22417,423,1237.390324,517,0.517405494,11565.82609,850,60782.62321,546,2651.550694,668,0.010732946,0.012856677,0,0.6,0.73,0.26,0.01,0.52,0.44,0.04,1,1,0.02,0.686,0.147,0.147,1,0.74,0.26,0.92,0.08,0.96,0.04,0.15,0.85,1,1,0,0.01,0.99,0.35,0.65
Liaocheng City,Medium-small-cities,4,山东省,107.7707,94.77501102,2581.586507,132,14946.32717,85,472.0863199,104,0.185924267,4489.092092,159,25990.00225,102,820.9056563,125,0.613874637,8318.44541,415,48160.38756,267,1521.167031,326,7.89784031,4302.644178,159,24910.54529,102,786.8105332,125,0.370457579,5019.751541,658,29062.30284,423,917.945622,517,3.927592184,10756.61044,850,62276.36322,546,1967.026333,668,0.004223372,0.006129741,0,0.6,0.756,0.234,0.01,0.564,0.396,0.04,1,1,0.02,0.686,0.147,0.147,1,0.74,0.26,0.92,0.08,0.96,0.04,0.15,0.85,1,1,0,0.01,0.99,0.35,0.65
Nyingchi City,Medium-small-cities,4,西藏自治区,13.7757,9.001351382,2545.567995,132,15263.57552,85,190.8564814,104,0.072150135,4426.459902,159,26541.66188,102,331.8782149,125,0.106981235,8202.385761,415,49182.63224,267,614.9819957,326,3.092504082,4242.613324,159,25439.29254,102,318.0941357,125,0.462756041,4949.715545,658,29679.17463,423,371.109825,517,1.039957125,10606.53331,850,63598.23135,546,795.2353392,668,0.031185497,0.024087897,0.084119299,0.6,0.756,0.234,0.01,0.564,0.396,0.04,1,1,0.02,0.686,0.147,0.147,1,0.74,0.26,0.92,0.08,0.96,0.04,0.15,0.85,1,1,0,0.01,0.99,0.35,0.65
Lincang City,Medium-small-cities,4,云南省,22.2,18.87282397,1343.955626,132,16590.46169,85,65.5826853,104,0.062187399,2336.989505,159,28848.96949,102,114.0410028,125,0.09493342,4330.523683,415,53458.15433,267,211.321986,326,2.536765184,2239.926043,159,27650.76948,102,109.3044755,125,0.149610263,2613.24705,658,32259.23106,423,127.5218881,517,0.483679766,5599.815107,850,69126.9237,546,273.2611888,668,0.025182799,0.021818734,0.033052529,0.6,0.73,0.26,0.01,0.52,0.44,0.04,1,1,0.02,0.686,0.147,0.147,1,0.74,0.26,0.92,0.08,0.96,0.04,0.15,0.85,1,1,0,0.01,0.99,0.35,0.65
Linfen City,Medium-small-cities,4,山西省,72.5605,64.23127975,5307.872907,132,12069.49444,85,622.6326499,104,0.125097239,9229.801221,159,20987.50978,102,1082.688997,125,0.37016478,17103.14603,415,38890.59321,267,2006.260761,326,4.54143992,8846.454844,159,20115.82407,102,1037.721083,125,0.130224175,10320.86398,658,23468.46142,423,1210.674597,517,3.162294133,22116.13711,850,50289.56018,546,2594.302708,668,0.005400234,0.005395885,0.010993532,0.6,0.756,0.234,0.01,0.564,0.396,0.04,1,1,0.02,0.686,0.147,0.147,1,0.74,0.26,0.92,0.08,0.96,0.04,0.15,0.85,1,1,0,0.01,0.99,0.35,0.65
Linyi City,Largecities,4,山东省,262.1406,230.5299887,3319.76594,132,14132.46772,85,547.7663443,104,0.45224072,5772.704107,159,24574.79108,102,952.5048097,125,1.493183822,10697.02358,415,45537.95153,267,1765.024887,326,19.21064443,5532.943233,159,23554.11286,102,912.9439071,125,0.901098092,6455.100439,658,27479.79834,423,1065.101225,517,9.553444227,13832.35808,850,58885.28215,546,2282.359768,668,0.002729002,0.003888196,0.0172265,0.6,0.73,0.26,0.01,0.530836842,0.420663158,0.0485,1,1,0.02,0.471221579,0.466494402,0.042284019,1,0.74,0.26,0.92,0.08,0.96,0.04,0.15,0.85,1,1,0,0.01,0.99,0.35,0.65
Liuzhou City,Largecities,4,广西壮族自治区,79.6307,69.08998061,5159.904166,132,11995.3408,85,844.7550318,104,0.195924152,8972.500021,159,20858.56484,102,1468.935139,125,0.465468289,16626.35787,415,38651.6537,267,2721.988436,326,6.80391147,8599.840276,159,19992.23467,102,1407.925053,125,0.588959876,10033.14699,658,23324.27378,423,1642.579228,517,2.486455605,21499.60069,850,49980.58668,546,3519.812632,668,0.017534199,0.008774509,0.010642653,0.6,0.704,0.286,0.01,0.488770526,0.462729474,0.0485,1,1,0.02,0.471221579,0.466494402,0.042284019,1,0.74,0.26,0.92,0.08,0.96,0.04,0.15,0.85,1,1,0,0.01,0.99,0.35,0.65
Lu'an City,Medium-small-cities,4,安徽省,59.2794,50.77051138,2747.855918,132,14986.03284,85,266.1112472,104,0.162080318,4778.216123,159,26059.04599,102,462.737891,125,0.372719113,8854.202401,415,48288.32802,267,857.4695745,326,5.050081498,4579.759863,159,24976.72139,102,443.5187454,125,0.208014012,5343.053173,658,29139.50829,423,517.4385363,517,2.715993675,11449.39966,850,62441.80348,546,1108.796864,668,0.004961779,0.007180626,0,0.6,0.73,0.26,0.01,0.52,0.44,0.04,1,1,0.02,0.686,0.147,0.147,1,0.74,0.26,0.92,0.08,0.96,0.04,0.15,0.85,1,1,0,0.01,0.99,0.35,0.65
Liupanshui City,Medium-small-cities,4,贵州省,55.52,48.07030321,3213.295677,132,14107.79152,85,678.912802,104,0.198113507,5587.56415,159,24531.88192,102,1180.553928,125,0.3259963,10353.95274,415,45458.43934,267,2187.607918,326,5.647807273,5355.492795,159,23512.98587,102,1131.521337,125,0.307128346,6248.074928,658,27431.81685,423,1320.108226,517,0.970651361,13388.73199,850,58782.46467,546,2828.803342,668,0.005394663,0.017877339,0.01482439,0.6,0.73,0.26,0.01,0.52,0.44,0.04,1,1,0.02,0.686,0.147,0.147,1,0.74,0.26,0.92,0.08,0.96,0.04,0.15,0.85,1,1,0,0.01,0.99,0.35,0.65
Longyan City,Medium-small-cities,4,福建省,109,95.31367775,3736.171367,132,13421.90889,85,841.9197397,104,0.355468001,6496.786876,159,23339.20824,102,1464.004881,125,0.572609087,12038.7744,415,43248.3731,267,2712.852495,326,10.1670282,6226.952278,159,22369.84816,102,1403.199566,125,0.323298951,7264.777657,658,26098.15618,423,1637.066161,517,2.267918013,15567.38069,850,55924.62039,546,3507.998915,668,0.002124067,0.003679777,0.001031275,0.6,0.73,0.26,0.01,0.52,0.44,0.04,1,1,0.02,0.686,0.147,0.147,1,0.74,0.26,0.92,0.08,0.96,0.04,0.15,0.85,1,1,0,0.01,0.99,0.35,0.65
Longnan City,Medium-small-cities,4,甘肃省,19.11,15.59837643,3091.765073,132,14582.572,85,325.662923,104,0.060506596,5376.235932,159,25357.47243,102,566.2916384,125,0.133898857,9962.354123,415,46988.28757,267,1049.358308,326,2.568168865,5152.941788,159,24304.28667,102,542.7715384,125,0.145103782,6011.765419,658,28355.00112,423,633.2334615,517,0.603945471,12882.35447,850,60760.71668,546,1356.928846,668,0.005048723,0.02606228,0.018250889,0.6,0.756,0.234,0.01,0.564,0.396,0.04,1,1,0.02,0.686,0.147,0.147,1,0.74,0.26,0.92,0.08,0.96,0.04,0.15,0.85,1,1,0,0.01,0.99,0.35,0.65
Loudi City,Medium-small-cities,4,湖南省,40.8804,36.53540449,1503.178808,132,16128.47682,85,368.3443709,104,0.198528664,2613.860927,159,28045.62914,102,640.5099338,125,0.290483746,4843.576159,415,51969.53642,267,1186.887417,326,2.788832585,2505.298013,159,26880.7947,102,613.9072848,125,0.232481309,2922.847682,658,31360.92715,423,716.2251656,517,0.834669204,6263.245033,850,67201.98675,546,1534.768212,668,0.010468168,0.012686839,0,0.6,0.704,0.286,0.01,0.476,0.484,0.04,1,1,0.02,0.686,0.147,0.147,1,0.74,0.26,0.92,0.08,0.96,0.04,0.15,0.85,1,1,0,0.01,0.99,0.35,0.65
Luzhou City,Medium-small-cities,4,四川省,73.38,65.73868632,2635.624612,132,14744.91256,85,619.4628291,104,0.134792404,4583.058353,159,25639.76462,102,1077.177031,125,0.474543121,8492.568194,415,47511.38491,267,1996.046894,326,4.904227743,4392.707687,159,24574.85427,102,1032.438048,125,0.384681519,5124.825634,658,28670.66331,423,1204.511056,517,1.743068897,10981.76922,850,61437.13566,546,2581.095121,668,0.009605297,0.018750149,0.102086884,0.6,0.73,0.26,0.01,0.52,0.44,0.04,1,1,0.02,0.686,0.147,0.147,1,0.74,0.26,0.92,0.08,0.96,0.04,0.15,0.85,1,1,0,0.01,0.99,0.35,0.65
Luoyang City,Largecities,4,河南省,119.8284,105.7639602,3912.330431,132,13613.88945,85,473.7801174,104,0.272450935,6803.107917,159,23673.0411,102,823.850982,125,0.591181208,12606.39806,415,43866.97712,267,1526.624823,326,8.593774297,6520.550719,159,22689.81575,102,789.6335291,125,0.295590604,7607.309172,658,26471.45171,423,921.2391172,517,4.311442746,16301.3768,850,56724.53938,546,1974.083823,668,0.002636499,0.004621052,0.118478852,0.6,0.743,0.247,0.01,0.55187,0.39963,0.0485,1,1,0.02,0.471221579,0.466494402,0.042284019,1,0.74,0.26,0.92,0.08,0.96,0.04,0.15,0.85,1,1,0,0.01,0.99,0.35,0.65
Luohe City,Medium-small-cities,4,河南省,36.537,32.24859728,3798.895028,132,13783.42541,85,417.679558,104,0.083073293,6605.856354,159,23967.8453,102,726.2983425,125,0.180257667,12240.88398,415,44413.25967,267,1345.856354,326,2.62033651,6331.491713,159,22972.37569,102,696.1325967,125,0.090128833,7386.740331,658,26801.10497,423,812.1546961,517,1.314606417,15828.72928,850,57430.93923,546,1740.331492,668,0.013451253,0.005704551,0,0.6,0.743,0.247,0.01,0.542,0.418,0.04,1,1,0.02,0.686,0.147,0.147,1,0.74,0.26,0.92,0.08,0.96,0.04,0.15,0.85,1,1,0,0.01,0.99,0.35,0.65
Lüliang City,Medium-small-cities,4,山西省,46,40.71965971,4745.473298,132,12703.75888,85,550.7678203,104,0.079305862,8251.850791,159,22090.42517,102,957.7240431,125,0.234667345,15290.96952,415,40934.33417,267,1774.69631,326,2.8790628,7909.122164,159,21172.93147,102,917.9463672,125,0.082556102,9227.309191,658,24701.75338,423,1070.937428,517,2.004748177,19772.80541,850,52932.32867,546,2294.865918,668,0.002093281,0.006079611,0.014804518,0.6,0.756,0.234,0.01,0.564,0.396,0.04,1,1,0.02,0.686,0.147,0.147,1,0.74,0.26,0.92,0.08,0.96,0.04,0.15,0.85,1,1,0,0.01,0.99,0.35,0.65
Ma'anshan City,Medium-small-cities,4,安徽省,30.7566,26.34183731,4462.56648,132,13009.68226,85,527.7512614,104,0.08409396,7759.907269,159,22622.39193,102,917.7008046,125,0.193382063,14379.38088,415,41920.08728,267,1700.531842,326,2.620190768,7437.6108,159,21682.80376,102,879.5854357,125,0.107926257,8677.212601,658,25296.60439,423,1026.183008,517,1.409169645,18594.027,850,54207.00941,546,2198.963589,668,0.017020893,0.008426515,0,0.6,0.743,0.247,0.01,0.542,0.418,0.04,1,1,0.02,0.686,0.147,0.147,1,0.74,0.26,0.92,0.08,0.96,0.04,0.15,0.85,1,1,0,0.01,0.99,0.35,0.65
Maoming City,Largecities,4,广东省,71.5422,63.51489398,2920.427549,132,14566.75528,85,512.8171662,104,0.158608261,5078.299016,159,25329.96891,102,891.7320724,125,0.540317246,9410.266547,415,46937.32258,267,1652.410869,326,5.676571134,4867.379248,159,24277.92547,102,854.695277,125,0.343445514,5678.609123,658,28324.24639,423,997.1444899,517,1.308363862,12168.44812,850,60694.81369,546,2136.738193,668,0.00559855,0.013710546,0,0.6,0.717,0.273,0.01,0.509803684,0.441696316,0.0485,1,1,0.02,0.471221579,0.466494402,0.042284019,1,0.74,0.26,0.92,0.08,0.96,0.04,0.15,0.85,1,0.9,0.1,0.01,0.99,0.35,0.65
Meishan City,Medium-small-cities,4,四川省,59.77,53.54594278,2228.840294,132,15138.4093,85,632.7504038,104,0.109792069,3875.705622,159,26324.01173,102,1100.282647,125,0.386528241,7181.818724,415,48779.31886,267,2038.862412,326,3.994626495,3714.733823,159,25230.68217,102,1054.584006,125,0.313333529,4333.856127,658,29435.79587,423,1230.348007,517,1.419776887,9286.834557,850,63076.70543,546,2636.460016,668,0.014734478,0.016992713,0,0.6,0.717,0.273,0.01,0.498,0.462,0.04,1,1,0.02,0.686,0.147,0.147,1,0.74,0.26,0.92,0.08,0.96,0.04,0.15,0.85,1,1,0,0.01,0.99,0.35,0.65
Meizhou City,Medium-small-cities,4,广东省,57.8645,51.37188377,3350.75983,132,14030.12599,85,619.1141799,104,0.128284952,5826.599038,159,24396.83019,102,1076.570768,125,0.437017415,10796.89279,415,45208.18375,267,1994.923468,326,4.59130346,5584.599717,159,23383.54332,102,1031.856966,125,0.277784342,6515.366336,658,27280.80054,423,1203.833127,517,1.058226064,13961.49929,850,58458.85829,546,2579.642416,668,0.015968045,0.008999289,1.17E-02,0.6,0.717,0.273,0.01,0.498,0.462,0.04,1,1,0.02,0.686,0.147,0.147,1,0.74,0.26,0.92,0.08,0.96,0.04,0.15,0.85,1,1,0,0.01,0.99,0.35,0.65
Mianyang City,Medium-small-cities,4,四川省,85.25,76.37262208,2223.80315,132,15206.05291,85,570.1439433,104,0.156596517,3866.946588,159,26441.63644,102,991.4169681,125,0.551305548,7165.587927,415,48997.28159,267,1837.130484,326,5.697539045,3706.338583,159,25343.42151,102,950.2399055,125,0.446907869,4324.06168,658,29567.3251,423,1108.613223,517,2.025028938,9265.846458,850,63358.55378,546,2375.599764,668,0.006585779,0.012495446,0.646712894,0.6,0.73,0.26,0.01,0.52,0.44,0.04,1,1,0.02,0.686,0.147,0.147,1,0.74,0.26,0.92,0.08,0.96,0.04,0.15,0.85,1,1,0,0.01,0.99,0.35,0.65
Mudanjiang City,Medium-small-cities,4,黑龙江省,28.9631,24.6961845,3610.849565,132,13901.63573,85,487.514702,104,0.118525431,6278.866188,159,24173.39991,102,847.7338985,125,0.287847474,11634.95971,415,44794.15958,267,1570.880707,326,2.464764551,6018.082608,159,23169.39289,102,812.5245034,125,0.236486455,7021.096376,658,27030.95837,423,947.945254,517,1.159291593,15045.20652,850,57923.48222,546,2031.311258,668,0.011141306,0.012798799,0.009598993,0.6,0.73,0.26,0.01,0.52,0.44,0.04,1,1,0.02,0.686,0.147,0.147,1,0.74,0.26,0.92,0.08,0.96,0.04,0.15,0.85,1,1,0,0.01,0.99,0.35,0.65
Nagqu City,Medium-small-cities,4,西藏自治区,13.7757,9.001351382,1880.700584,132,15846.17389,85,273.1255256,104,0.072150135,3270.32935,159,27554.73571,102,474.9349417,125,0.106981235,6060.035217,415,51059.89365,267,880.0711379,326,3.092504082,3134.500974,159,26410.28982,102,455.2092093,125,0.462756041,3656.917803,658,30812.00479,423,531.0774108,517,1.039957125,7836.252435,850,66025.72454,546,1138.023023,668,0.01562674,0.029018509,0,0.6,0.743,0.247,0.01,0.542,0.418,0.04,1,1,0.02,0.686,0.147,0.147,1,0.74,0.26,0.92,0.08,0.96,0.04,0.15,0.85,1,1,0,0.01,0.99,0.35,0.65
Nanchang City,Largecities,4,江西省,116.5112,100.1767981,2446.134559,132,14908.48308,85,645.3823652,104,0.272759573,4253.556206,159,25924.19557,102,1122.248224,125,0.590329648,7881.989135,415,48038.44547,267,2079.565399,326,9.451119213,4076.890932,159,24847.47179,102,1075.637275,125,0.744243978,4756.372754,658,28988.71709,423,1254.910155,517,5.27594946,10192.22733,850,62118.67948,546,2689.093188,668,0.018208197,0.006090296,0.14163821,0.6,0.717,0.273,0.01,0.509803684,0.441696316,0.0485,1,1,0.02,0.471221579,0.466494402,0.042284019,1,0.74,0.26,0.92,0.08,0.96,0.04,0.15,0.85,1,1,0,0.01,0.99,0.35,0.65
Nanchong City,Medium-small-cities,4,四川省,83.57,74.8675663,2232.821635,132,15187.67255,85,579.5058185,104,0.15351051,3882.628731,159,26409.67504,102,1007.696229,125,0.54044111,7194.64749,415,48938.05598,267,1867.296526,326,5.585259096,3721.369391,159,25312.78758,102,965.8430309,125,0.43810077,4341.597623,658,29531.58551,423,1126.816869,517,1.985122209,9303.423478,850,63281.96894,546,2414.607577,668,0.0054651,0.019934666,0.130216292,0.6,0.73,0.26,0.01,0.52,0.44,0.04,1,1,0.02,0.686,0.147,0.147,1,0.74,0.26,0.92,0.08,0.96,0.04,0.15,0.85,1,1,0,0.01,0.99,0.35,0.65
Nanjing City,Extra-large-cities,4,江苏省,269.94,249.8792773,7277.461191,132,9801.139713,85,921.3990961,104,0.560038552,12654.6964,159,17043.09295,102,1602.21065,125,1.633327626,23449.59717,415,31581.45019,267,2968.952643,326,9.160529332,12129.10198,159,16335.23286,102,1535.66516,125,1.585121776,14150.61898,658,19057.77166,423,1791.609354,517,7.121705438,30322.75496,850,40838.08214,546,3839.1629,668,0.008584755,0.008439913,0.143009784,0.6,0.744975781,0.219524219,0.0355,0.55403267,0.33646733,0.1095,1,1,0.02,0.014,0.9358125,0.0301875,1,0.74,0.26,0.92,0.08,0.96,0.04,0.15,0.85,1,1,0,0.01,0.99,0.35,0.65
Nanning City,Largecities,4,广西壮族自治区,176.1627,152.8440354,4883.750662,132,12308.89621,85,807.3531301,104,0.433432428,8492.299763,159,21403.80285,102,1403.897387,125,1.029730375,15736.52991,415,39661.99889,267,2601.471197,326,15.05192614,8139.584437,159,20514.82701,102,1345.58855,125,1.302924148,9496.181844,658,23933.96485,423,1569.853308,517,5.500651543,20348.96109,850,51287.06753,546,3363.971375,668,0.020745163,0.006650373,0.134901479,0.6,0.73,0.26,0.01,0.530836842,0.420663158,0.0485,1,1,0.02,0.471221579,0.466494402,0.042284019,1,0.74,0.26,0.92,0.08,0.96,0.04,0.15,0.85,1,1,0,0.01,0.99,0.35,0.65
Nanping City,Medium-small-cities,4,福建省,29.25,25.57729426,3347.172609,132,13388.69044,85,1264.136955,104,0.095389349,5820.361259,159,23281.44504,102,2198.193705,125,0.153658861,10785.33396,415,43141.33585,267,4073.330188,326,2.728308026,5578.621015,159,22314.48406,102,2106.894925,125,0.086756829,6508.391184,658,26033.56474,423,2458.044079,517,0.608592678,13946.55254,850,55786.21015,546,5267.237312,668,0.009874209,0.006772816,0.013550379,0.6,0.704,0.286,0.01,0.476,0.484,0.04,1,1,0.02,0.686,0.147,0.147,1,0.74,0.26,0.92,0.08,0.96,0.04,0.15,0.85,1,1,0,0.01,0.99,0.35,0.65
Nantong City,Extra-large-cities,4,江苏省,181.23,167.7618042,3129.873106,132,14295.01534,85,575.1115583,104,0.375993876,5442.501567,159,24857.44333,102,1000.055099,125,1.096569481,10085.14667,415,46061.71608,267,1853.137244,326,6.150117548,5216.455176,159,23825.02556,102,958.5192639,125,1.064205451,6085.864372,658,27795.86315,423,1118.272475,517,4.781309463,13041.13794,850,59562.5639,546,2396.29816,668,0.003639433,0.006564897,0.047320442,0.6,0.733421875,0.231078125,0.0355,0.536323864,0.354176136,0.1095,1,1,0.02,0.014,0.9358125,0.0301875,1,0.74,0.26,0.92,0.08,0.96,0.04,0.15,0.85,1,0.9,0.1,0.01,0.99,0.35,0.65
Nanyang City,Largecities,4,河南省,114.3854,100.9598133,3139.654786,132,14505.26788,85,355.0773369,104,0.260075318,5459.510822,159,25223.04914,102,617.4400359,125,0.564327813,10116.66542,415,46739.19649,267,1144.138086,326,8.203416807,5232.757977,159,24175.44646,102,591.7955615,125,0.282163906,6104.884306,658,28204.68754,423,690.4281551,517,4.115602838,13081.89494,850,60438.61615,546,1479.488904,668,0.006102762,0.005614081,0.049686629,0.6,0.756,0.234,0.01,0.572903158,0.378596842,0.0485,1,1,0.02,0.471221579,0.466494402,0.042284019,1,0.74,0.26,0.92,0.08,0.96,0.04,0.15,0.85,1,1,0,0.01,0.99,0.35,0.65
Neijiang City,Medium-small-cities,4,四川省,47.01,42.1146858,1365.546549,132,16199.57504,85,434.8784135,104,0.086353106,2374.533722,159,28169.26104,102,756.2052412,125,0.30401025,4400.094436,415,52198.63068,267,1401.274888,326,3.141833554,2275.910915,159,26999.29173,102,724.7973558,125,0.246441512,2655.229401,658,31499.17368,423,845.5969151,517,1.116675781,5689.777288,850,67498.22932,546,1811.993389,668,0.068581542,0.021405515,0,0.6,0.73,0.26,0.01,0.52,0.44,0.04,1,1,0.02,0.686,0.147,0.147,1,0.74,0.26,0.92,0.08,0.96,0.04,0.15,0.85,1,1,0,0.01,0.99,0.35,0.65
Ningbo City,Extra-large-cities,4,浙江省,277.0211,250.5567161,5973.626374,132,11129.14286,85,897.2307692,104,0.535377598,10387.47253,159,19352.34286,102,1560.184615,125,1.254791246,19248.35165,415,35860.57143,267,2891.076923,326,19.69687646,9956.043956,159,18548.57143,102,1495.384615,125,0.654164503,11615.38462,658,21640,423,1744.615385,517,4.323174108,24890.10989,850,46371.42857,546,3738.461538,668,0.006746488,0.006813987,0.120511349,0.6,0.710314063,0.254185938,0.0355,0.50090625,0.38959375,0.1095,1,1,0.02,0.014,0.9358125,0.0301875,1,0.74,0.26,0.92,0.08,0.96,0.04,0.15,0.85,1,0.9,0.1,0.01,0.99,0.35,0.65
Ningde City,Medium-small-cities,4,福建省,27.78,24.29187126,3955.652857,132,13416.97402,85,627.3731199,104,0.090595423,6878.440801,159,23330.62705,102,1090.932147,125,0.145936518,12745.99254,415,43232.47185,267,2021.535609,326,2.591193059,6592.754761,159,22361.62337,102,1045.621867,125,0.082396742,7691.547221,658,26088.5606,423,1219.892178,517,0.578006995,16481.8869,850,55904.05843,546,2614.054666,668,0.003182948,0.00437613,0,0.6,0.717,0.273,0.01,0.498,0.462,0.04,1,1,0.02,0.686,0.147,0.147,1,0.74,0.26,0.92,0.08,0.96,0.04,0.15,0.85,1,0.9,0.1,0.01,0.99,0.35,0.65
Panzhihua City,Medium-small-cities,4,四川省,25.2,22.57583667,2394.851291,132,14988.93276,85,616.2159532,104,0.046290114,4164.3803,159,26064.08863,102,1071.531074,125,0.162966567,7716.743048,415,48297.67221,267,1985.584738,326,1.684199225,3991.418818,159,24981.55459,102,1027.026589,125,0.13210649,4656.655288,658,29145.14703,423,1198.197687,517,0.598600929,9978.547045,850,62453.88648,546,2567.566471,668,0.118965366,0.026287617,0.037839182,0.6,0.73,0.26,0.01,0.52,0.44,0.04,1,1,0.02,0.686,0.147,0.147,1,0.74,0.26,0.92,0.08,0.96,0.04,0.15,0.85,1,1,0,0.01,0.99,0.35,0.65
Panjin City,Medium-small-cities,4,辽宁省,36.0316,31.37697702,3393.777463,132,14104.7176,85,501.5049333,104,0.169014401,5901.401922,159,24526.53672,102,872.0613562,125,0.315325375,10935.50516,415,45448.5345,267,1615.960341,326,2.610053241,5656.295772,159,23507.86267,102,835.8415555,125,0.186672622,6599.011734,658,27425.83978,423,975.1484814,517,1.373557335,14140.73943,850,58769.65668,546,2089.603889,668,0.004754689,0.008006919,0,0.6,0.756,0.234,0.01,0.564,0.396,0.04,1,1,0.02,0.686,0.147,0.147,1,0.74,0.26,0.92,0.08,0.96,0.04,0.15,0.85,1,0.9,0.1,0.01,0.99,0.35,0.65
Pingdingshan City,Medium-small-cities,4,河南省,71.3472,62.97307167,4066.522151,132,13382.33302,85,551.1448313,104,0.162220403,7071.230186,159,23270.39019,102,958.3796234,125,0.351996053,13103.23804,415,43120.85083,267,1775.911123,326,5.116831515,6777.536919,159,22303.88836,102,918.5747189,125,0.175998027,7907.126406,658,26021.20309,423,1071.670505,517,2.567082327,16943.8423,850,55759.72091,546,2296.436797,668,0.003924997,0.006148151,0,0.6,0.743,0.247,0.01,0.542,0.418,0.04,1,1,0.02,0.686,0.147,0.147,1,0.74,0.26,0.92,0.08,0.96,0.04,0.15,0.85,1,1,0,0.01,0.99,0.35,0.65
Pingliang City,Medium-small-cities,4,甘肃省,23.89,19.50001114,3125.07054,132,14260.15181,85,614.7776497,104,0.075641161,5434.150439,159,24796.81954,102,1069.030024,125,0.167391088,10069.67174,415,45949.37806,267,1980.950205,326,3.210547054,5208.4509,159,23766.91968,102,1024.629416,125,0.18139871,6076.52605,658,27728.07296,423,1195.400986,517,0.755010847,13021.12725,850,59417.29921,546,2561.573541,668,0.018749125,0.016593547,0,0.6,0.756,0.234,0.01,0.564,0.396,0.04,1,1,0.02,0.686,0.147,0.147,1,0.74,0.26,0.92,0.08,0.96,0.04,0.15,0.85,1,1,0,0.01,0.99,0.35,0.65
Pingxiang City,Medium-small-cities,4,江西省,24.34,20.92762985,2369.365776,132,15418.82728,85,211.8069406,104,0.056981372,4120.063821,159,26811.62744,102,368.3087355,125,0.123323969,7634.623055,415,49682.88791,267,682.4890307,326,1.974404535,3948.94296,159,25698.04547,102,353.0115676,125,0.155477743,4607.10012,658,29981.05305,423,411.8468289,517,1.102182536,9872.357399,850,64245.11368,546,882.528919,668,0.02717474,0.010685629,0,0.6,0.704,0.286,0.01,0.476,0.484,0.04,1,1,0.02,0.686,0.147,0.147,1,0.74,0.26,0.92,0.08,0.96,0.04,0.15,0.85,1,1,0,0.01,0.99,0.35,0.65
Putian City,Medium-small-cities,4,福建省,38.77,33.90193841,2922.184925,132,14355.50809,85,722.3069881,104,0.126435728,5081.354898,159,24962.63351,102,1256.011596,125,0.203670223,9415.929204,415,46256.63717,267,2327.433628,326,3.616290672,4870.308209,159,23925.84681,102,1203.84498,125,0.114993581,5682.026244,658,27913.48795,423,1404.48581,517,0.806671389,12175.77052,850,59814.61703,546,3009.61245,668,0.003016758,0.003589296,0,0.6,0.73,0.26,0.01,0.52,0.44,0.04,1,1,0.02,0.686,0.147,0.147,1,0.74,0.26,0.92,0.08,0.96,0.04,0.15,0.85,1,0.9,0.1,0.01,0.99,0.35,0.65
Puyang City,Medium-small-cities,4,河南省,68.6431,60.58635596,5197.01963,132,12240.72217,85,562.2582032,104,0.156072157,9037.039691,159,21285.25577,102,977.7045422,125,0.3386552,16745.95214,415,39442.32698,267,1811.720877,326,4.922900652,8661.699384,159,20401.20361,102,937.0970053,125,0.1693276,10105.31595,658,23801.40421,423,1093.27984,517,2.469788427,21654.24846,850,51003.00903,546,2342.742513,668,0.007578805,0.006143347,0.00E+00,0.6,0.756,0.234,0.01,0.564,0.396,0.04,1,1,0.02,0.686,0.147,0.147,1,0.74,0.26,0.92,0.08,0.96,0.04,0.15,0.85,1,1,0,0.01,0.99,0.35,0.65
Pu'er City,Medium-small-cities,4,云南省,29.6,25.16376529,1452.67353,132,16375.45666,85,171.8698107,104,0.082916531,2526.037861,159,28475.09963,102,298.8625042,125,0.126577893,4680.836931,415,52765.36035,267,553.8027233,326,3.382353578,2421.122551,159,27292.42776,102,286.4496845,125,0.199480351,2824.642976,658,31841.16573,423,334.1912986,517,0.644906355,6052.806377,850,68231.06941,546,716.1242112,668,0.020470604,0.018593581,0.082499195,0.6,0.73,0.26,0.01,0.52,0.44,0.04,1,1,0.02,0.686,0.147,0.147,1,0.74,0.26,0.92,0.08,0.96,0.04,0.15,0.85,1,1,0,0.01,0.99,0.35,0.65
Qitaihe City,Medium-small-cities,4,黑龙江省,14.1179,12.03801607,3791.540327,132,13598.68505,85,609.7746234,104,0.057774554,6593.067346,159,23646.60234,102,1060.330317,125,0.140309631,12217.1855,415,43817.98516,267,1964.829342,326,1.201435601,6319.233878,159,22664.47508,102,1016.291039,125,0.115273991,7372.439524,658,26441.8876,423,1185.672879,517,0.565090159,15798.08469,850,56661.18771,546,2540.727598,668,0.012267105,0.025820839,0,0.6,0.743,0.247,0.01,0.542,0.418,0.04,1,1,0.02,0.686,0.147,0.147,1,0.74,0.26,0.92,0.08,0.96,0.04,0.15,0.85,1,1,0,0.01,0.99,0.35,0.65
Qiqihar City,Medium-small-cities,4,黑龙江省,7.8219,6.669558352,2939.433873,132,14479.93477,85,580.6313567,104,0.03200949,5111.348901,159,25178.99768,102,1009.653415,125,0.077737333,9471.509146,415,46657.56759,267,1870.92326,326,0.66564497,4899.056455,159,24133.22462,102,967.7189278,125,0.063866554,5715.565864,658,28155.42872,423,1129.005416,517,0.3130833,12247.64114,850,60333.06154,546,2419.297319,668,0.005951999,0.01386141,0.008864384,0.6,0.743,0.247,0.01,0.542,0.418,0.04,1,1,0.02,0.686,0.147,0.147,1,0.74,0.26,0.92,0.08,0.96,0.04,0.15,0.85,1,1,0,0.01,0.99,0.35,0.65
Qinzhou City,Medium-small-cities,4,广西壮族自治区,75.1807,65.22902731,3499.455826,132,13639.54465,85,860.9995198,104,0.184975329,6085.164853,159,23717.65265,102,1497.182498,125,0.439456539,11276.02433,415,43949.64389,267,2774.331786,326,6.423688691,5832.426376,159,22732.57442,102,1434.9992,125,0.556047049,6804.497439,658,26521.33683,423,1674.165733,517,2.347505082,14581.06594,850,56831.43606,546,3587.497999,668,0.011937777,0.012996542,0,0.6,0.73,0.26,0.01,0.52,0.44,0.04,1,1,0.02,0.686,0.147,0.147,1,0.74,0.26,0.92,0.08,0.96,0.04,0.15,0.85,1,0.9,0.1,0.01,0.99,0.35,0.65
Qinhuangdao City,Medium-small-cities,4,河北省,71.2,61.65566519,3813.279264,132,13485.09549,85,701.6252489,104,0.095465045,6630.868942,159,23449.08271,102,1220.04835,125,0.292904114,12287.23318,415,43451.97435,267,2260.792469,326,5.83898928,6355.46544,159,22475.15915,102,1169.375415,125,0.191797953,7414.709679,658,26221.019,423,1364.271317,517,3.125178418,15888.6636,850,56187.89786,546,2923.438537,668,0.008937228,0.010375898,0.032842942,0.6,0.743,0.247,0.01,0.542,0.418,0.04,1,1,0.02,0.686,0.147,0.147,1,0.74,0.26,0.92,0.08,0.96,0.04,0.15,0.85,1,0.9,0.1,0.01,0.99,0.35,0.65
Qingdao City,Extra-large-cities,4,山东省,291.0938,255.9918243,6001.288464,132,11124.7394,85,873.972137,104,0.502190311,10435.57383,159,19344.68573,102,1519.740438,125,1.658104669,19337.48505,415,35846.38251,267,2816.132441,326,21.3324433,10002.14744,159,18541.23233,102,1456.620228,125,1.000623588,11669.17201,658,21631.43772,423,1699.390266,517,10.60861379,25005.3686,850,46353.08083,546,3641.550571,668,0.005345906,0.005644378,0.344292503,0.6,0.756529688,0.207970313,0.0355,0.571741477,0.318758523,0.1095,1,1,0.02,0.014,0.9358125,0.0301875,1,0.74,0.26,0.92,0.08,0.96,0.04,0.15,0.85,1,0.9,0.1,0.01,0.99,0.35,0.65
Qingyuan City,Medium-small-cities,4,广东省,68.8998,61.16898128,2973.07071,132,14433.07097,85,593.8583224,104,0.152750089,5169.839624,159,25097.50674,102,1032.653638,125,0.520360713,9579.894511,415,46506.56201,267,1913.543483,326,5.466907865,4955.11785,159,24055.11828,102,989.7638706,125,0.330760407,5780.970826,658,28064.30466,423,1154.724516,517,1.260039647,12387.79463,850,60137.7957,546,2474.409677,668,0.006428987,0.013008437,0,0.6,0.704,0.286,0.01,0.476,0.484,0.04,1,1,0.02,0.686,0.147,0.147,1,0.74,0.26,0.92,0.08,0.96,0.04,0.15,0.85,1,1,0,0.01,0.99,0.35,0.65
Qingyang City,Medium-small-cities,4,甘肃省,31.7,25.87485781,2975.093417,132,14482.95058,85,541.9560024,104,0.100369393,5173.356885,159,25184.24184,102,942.4012709,125,0.22211375,9586.41212,415,46667.28521,267,1746.302674,326,4.260123131,4958.489028,159,24138.25097,102,903.260004,125,0.240700674,5784.903866,658,28161.2928,423,1053.803338,517,1.001835239,12396.22257,850,60345.62742,546,2258.15001,668,0.025380553,0.017407701,0.0967102,0.6,0.756,0.234,0.01,0.564,0.396,0.04,1,1,0.02,0.686,0.147,0.147,1,0.74,0.26,0.92,0.08,0.96,0.04,0.15,0.85,1,1,0,0.01,0.99,0.35,0.65
Qujing City,Medium-small-cities,4,云南省,76.69,65.19625541,1324.827586,132,16129.65517,85,545.5172414,104,0.214826648,2303.727969,159,28047.67816,102,948.5938697,125,0.327947927,4268.888889,415,51973.33333,267,1757.777778,326,8.763266753,2208.045977,159,26882.75862,102,909.1954023,125,0.516829328,2576.05364,658,31363.21839,423,1060.727969,517,1.670873931,5520.114943,850,67206.89655,546,2272.988506,668,0.01683306,0.007779923,0,0.6,0.73,0.26,0.01,0.52,0.44,0.04,1,1,0.02,0.686,0.147,0.147,1,0.74,0.26,0.92,0.08,0.96,0.04,0.15,0.85,1,1,0,0.01,0.99,0.35,0.65
Quzhou City,Medium-small-cities,4,浙江省,46.658,42.20066724,3134.733897,132,14216.72344,85,648.5426617,104,0.090172366,5450.953943,159,24721.30243,102,1127.743628,125,0.211341483,10100.80922,415,45809.4422,267,2089.748576,326,3.317497699,5224.556495,159,23694.53907,102,1080.904436,125,0.11017936,6095.31591,658,27643.62891,423,1261.055175,517,0.728141855,13061.39124,850,59236.34767,546,2702.26109,668,0.009955979,0.00827318,0.022946107,0.6,0.704,0.286,0.01,0.476,0.484,0.04,1,1,0.02,0.686,0.147,0.147,1,0.74,0.26,0.92,0.08,0.96,0.04,0.15,0.85,1,1,0,0.01,0.99,0.35,0.65
Quanzhou City,Extra-large-cities,4,福建省,160.18,140.0673844,3106.877114,132,14230.55242,85,662.5704622,104,0.522374902,5402.514092,159,24745.34949,102,1152.136415,125,0.841472693,10011.04848,415,45854.00225,267,2134.949267,326,14.94086768,5178.128523,159,23717.58737,102,1104.284104,125,0.475101155,6041.149944,658,27670.5186,423,1288.331454,517,3.33279915,12945.32131,850,59293.96843,546,2760.710259,668,0.005817628,0.003829525,0.055571543,0.6,0.721867969,0.242632031,0.0355,0.518615057,0.371884943,0.1095,1,1,0.02,0.014,0.9358125,0.0301875,1,0.74,0.26,0.92,0.08,0.96,0.04,0.15,0.85,1,0.9,0.1,0.01,0.99,0.35,0.65
Shigatse City,Medium-small-cities,4,西藏自治区,13.6951,8.948685534,1749.551761,132,15964.62293,85,285.8253076,104,0.071727993,3042.276117,159,27760.70543,102,497.0184516,125,0.106355301,5637.444563,415,51441.56278,267,920.9926579,326,3.074410204,2915.919601,159,26607.70489,102,476.3755127,125,0.46004851,3401.906202,658,31042.32237,423,555.7714315,517,1.033872458,7289.799003,850,66519.26222,546,1190.938782,668,0.034862667,0.026401639,0.008784268,0.6,0.704,0.286,0.01,0.476,0.484,0.04,1,1,0.02,0.686,0.147,0.147,1,0.74,0.26,0.92,0.08,0.96,0.04,0.15,0.85,1,1,0,0.01,0.99,0.35,0.65
Rizhao City,Medium-small-cities,4,山东省,70.3935,61.90499587,3909.934142,132,13478.50295,85,611.562911,104,0.121441727,6798.941036,159,23437.61901,102,1063.439951,125,0.400969691,12598.67668,415,43430.73172,267,1970.591602,326,5.158699181,6516.556903,159,22464.17158,102,1019.271518,125,0.241974912,7602.64972,658,26208.20017,423,1189.150105,517,2.56541862,16291.39226,850,56160.42895,546,2548.178796,668,0.003843367,0.006946073,0.328281333,0.6,0.743,0.247,0.01,0.542,0.418,0.04,1,1,0.02,0.686,0.147,0.147,1,0.74,0.26,0.92,0.08,0.96,0.04,0.15,0.85,1,0.9,0.1,0.01,0.99,0.35,0.65
Sanmenxia City,Medium-small-cities,4,河南省,32.4525,28.6435012,3797.513321,132,13642.98401,85,559.5026643,104,0.073786464,6603.45372,159,23723.63331,102,972.9129663,125,0.16010652,12236.43181,415,43960.72627,267,1802.841918,326,2.327407028,6329.188869,159,22738.30669,102,932.5044405,125,0.08005326,7384.053681,658,26528.02447,423,1087.921847,517,1.167645531,15822.97217,850,56845.76673,546,2331.261101,668,0.004277796,0.008159573,0,0.6,0.743,0.247,0.01,0.542,0.418,0.04,1,1,0.02,0.686,0.147,0.147,1,0.74,0.26,0.92,0.08,0.96,0.04,0.15,0.85,1,1,0,0.01,0.99,0.35,0.65
Sanming City,Medium-small-cities,4,福建省,31.08,27.17751472,3363.313656,132,13931.99095,85,704.6953918,104,0.101357298,5848.428746,159,24226.18427,102,1225.386987,125,0.163272389,10837.344,415,44891.97085,267,2270.685151,326,2.899002169,5605.522759,159,23219.98492,102,1174.49232,125,0.092184692,6539.776553,658,27089.98241,423,1370.24104,517,0.646668733,14013.8069,850,58049.9623,546,2936.230799,668,0.00312773,0.004993762,0.001553879,0.6,0.704,0.286,0.01,0.476,0.484,0.04,1,1,0.02,0.686,0.147,0.147,1,0.74,0.26,0.92,0.08,0.96,0.04,0.15,0.85,1,1,0,0.01,0.99,0.35,0.65
Sanya City,Medium-small-cities,4,海南省,21.6115,18.57366902,2083.773391,132,14984.15791,85,932.0687003,104,0.090232603,3623.450397,159,26055.7857,102,1620.763907,125,0.264365697,6714.380928,415,48282.28659,267,3003.332479,326,2.214656351,3472.955652,159,24973.59651,102,1553.447834,125,0.178882178,4051.781594,658,29135.8626,423,1812.355806,517,0.289694147,8682.389131,850,62433.99128,546,3883.619585,668,0.004634841,0.011642762,0.512481072,0.6,0.73,0.26,0.01,0.52,0.44,0.04,1,1,0.02,0.686,0.147,0.147,1,0.74,0.26,0.92,0.08,0.96,0.04,0.15,0.85,1,0.9,0.1,0.01,0.99,0.35,0.65
Xiamen City,Largecities,4,福建省,140.53,122.8846893,6883.963849,132,10081.11177,85,1034.924383,104,0.458292827,11970.44825,159,17529.93324,102,1799.618511,125,0.738245459,22181.66129,415,32483.58236,267,3334.756347,326,13.10800434,11473.27308,159,16801.85295,102,1724.873972,125,0.416818363,13385.48526,658,19602.16177,423,2012.352968,517,2.92394971,28683.18271,850,42004.63236,546,4312.184931,668,0.003444061,0.005680351,0.705975778,0.6,0.73,0.26,0.01,0.530836842,0.420663158,0.0485,1,1,0.02,0.471221579,0.466494402,0.042284019,1,0.74,0.26,0.92,0.08,0.96,0.04,0.15,0.85,1,0.9,0.1,0.01,0.99,0.35,0.65
Shannan City,Medium-small-cities,4,西藏自治区,13.6951,8.948685534,2495.666996,132,15294.68369,85,209.6493101,104,0.071727993,4339.687609,159,26595.75554,102,364.5568559,125,0.106355301,8041.593652,415,49282.86968,267,675.5366658,326,3.074410204,4159.444993,159,25491.13949,102,349.4155168,125,0.46004851,4852.685825,658,29739.66274,423,407.6514363,517,1.033872458,10398.61248,850,63727.84873,546,873.538792,668,0.050005253,0.019946494,0,0.6,0.717,0.273,0.01,0.498,0.462,0.04,1,1,0.02,0.686,0.147,0.147,1,0.74,0.26,0.92,0.08,0.96,0.04,0.15,0.85,1,1,0,0.01,0.99,0.35,0.65
Shantou City,Medium-small-cities,4,广东省,79.0098,70.14460096,6190.96145,132,10590.06079,85,1218.977765,104,0.175163847,10765.39408,159,18414.93903,102,2119.666891,125,0.59671575,19948.65356,415,34123.5292,267,3927.817243,326,6.269093626,10318.26908,159,17650.10131,102,2031.629608,125,0.379294477,12037.9806,658,20591.78486,423,2370.234543,517,1.444931342,25795.67271,850,44125.25327,546,5079.074021,668,0.006529817,0.008343514,0,0.6,0.717,0.273,0.01,0.498,0.462,0.04,1,1,0.02,0.686,0.147,0.147,1,0.74,0.26,0.92,0.08,0.96,0.04,0.15,0.85,1,0.9,0.1,0.01,0.99,0.35,0.65
Shanwei City,Medium-small-cities,4,广东省,28.4348,25.24430766,3786.803785,132,13533.71399,85,679.4822228,104,0.063039635,6584.831026,159,23533.62489,102,1181.544087,125,0.214751752,12201.92331,415,43608.63397,267,2189.442718,326,2.256181175,6311.339642,159,22556.18999,102,1132.470371,125,0.136504112,7363.229582,658,26315.55498,423,1321.215433,517,0.520015666,15778.3491,850,56390.47497,546,2831.175928,668,0.01489924,0.008788203,0,0.6,0.717,0.273,0.01,0.498,0.462,0.04,1,1,0.02,0.686,0.147,0.147,1,0.74,0.26,0.92,0.08,0.96,0.04,0.15,0.85,1,0.9,0.1,0.01,0.99,0.35,0.65
Shangluo City,Medium-small-cities,4,陕西省,10.6124,9.516446099,2012.406417,132,15408.77005,85,578.8235294,104,0.027189394,3499.351159,159,26794.13904,102,1006.509804,125,0.067499252,6484.420677,415,49650.48128,267,1865.098039,326,0.697439581,3354.010695,159,25681.28342,102,964.7058824,125,0.026082849,3913.012478,658,29961.49733,423,1125.490196,517,0.277742825,8385.026738,850,64203.20856,546,2411.764706,668,0.040779991,0.020052496,0,0.6,0.743,0.247,0.01,0.542,0.418,0.04,1,1,0.02,0.686,0.147,0.147,1,0.74,0.26,0.92,0.08,0.96,0.04,0.15,0.85,1,1,0,0.01,0.99,0.35,0.65
Shangqiu City,Medium-small-cities,4,河南省,111.034,98.00177218,2444.221186,132,15186.14371,85,369.6351069,104,0.252455321,4250.229063,159,26407.01656,102,642.7543803,125,0.547793463,7875.823823,415,48933.12972,267,1191.046456,326,7.963063308,4073.701977,159,25310.23951,102,616.0585115,125,0.273896732,4752.652307,658,29528.61276,423,718.7349301,517,3.995018993,10184.25494,850,63275.59878,546,1540.146279,668,0.002329795,0.006840418,0,0.6,0.756,0.234,0.01,0.564,0.396,0.04,1,1,0.02,0.686,0.147,0.147,1,0.74,0.26,0.92,0.08,0.96,0.04,0.15,0.85,1,1,0,0.01,0.99,0.35,0.65
Shanghai,Megacities,4,上海市,411.22,370.8034168,9438.098888,132,7395.937141,85,1165.963971,104,2.437984255,16411.80529,159,12860.71292,102,2027.481794,125,4.945910681,30411.65197,415,23831.35301,267,3756.995017,326,7.733605793,15730.16481,159,12326.5619,102,1943.273285,125,4.566224609,18351.85895,658,14380.98888,423,2267.152166,517,20.73285791,39325.41204,850,30816.40475,546,4858.183212,668,0.024070446,0.010783336,6.065008211,0.6,0.523410821,0.190089179,0.2865,0.423438158,0.193061842,0.3835,1,1,0.02,0.121363934,0.519066128,0.339569937,1,0.74,0.26,0.92,0.08,0.96,0.04,0.15,0.85,1,0.9,0.1,0.01,0.99,0.35,0.65
Shangrao City,Medium-small-cities,4,江西省,67.1715,57.75432572,3042.689076,132,14499.4958,85,457.8151261,104,0.157252433,5290.898226,159,25213.01214,102,796.0896359,125,0.340339194,9804.220355,415,46720.59757,267,1475.182073,326,5.448796804,5071.148459,159,24165.82633,102,763.0252101,125,0.429074496,5916.339869,658,28193.46405,423,890.1960784,517,3.041711347,12677.87115,850,60414.56583,546,1907.563025,668,0.006053656,0.011770921,0.004355763,0.6,0.704,0.286,0.01,0.476,0.484,0.04,1,1,0.02,0.686,0.147,0.147,1,0.74,0.26,0.92,0.08,0.96,0.04,0.15,0.85,1,1,0,0.01,0.99,0.35,0.65
Shaoguan City,Medium-small-cities,4,广东省,42.2016,37.46642052,2658.982089,132,14607.9092,85,733.1087072,104,0.093560477,4623.67441,159,25401.531,102,1274.794585,125,0.318724505,8567.831176,415,47069.92966,267,2362.239168,326,3.348518558,4431.636815,159,24346.51534,102,1221.847845,125,0.202593018,5170.242951,658,28404.2679,423,1425.489153,517,0.771782925,11079.09204,850,60866.28835,546,3054.619613,668,0.018950486,0.01675466,0,0.6,0.704,0.286,0.01,0.476,0.484,0.04,1,1,0.02,0.686,0.147,0.147,1,0.74,0.26,0.92,0.08,0.96,0.04,0.15,0.85,1,1,0,0.01,0.99,0.35,0.65
Shaoyang City,Medium-small-cities,4,湖南省,60.6648,54.2170088,1754.173124,132,15781.97919,85,463.8476865,104,0.294608215,3050.312154,159,27443.10826,102,806.5795882,125,0.431065702,5652.335621,415,50853.04406,267,1494.620323,326,4.138510655,2923.621873,159,26303.29865,102,773.0794775,125,0.344992518,3410.892185,658,30687.18176,423,901.9260571,517,1.238614112,7309.054682,850,65758.24662,546,1932.698694,668,0.003771984,0.01194747,0.005932399,0.6,0.717,0.273,0.01,0.498,0.462,0.04,1,1,0.02,0.686,0.147,0.147,1,0.74,0.26,0.92,0.08,0.96,0.04,0.15,0.85,1,1,0,0.01,0.99,0.35,0.65
Shaoxing City,Largecities,4,浙江省,153.3721,138.7201542,3431.813224,132,13792.28418,85,775.9026008,104,0.296410586,5967.541883,159,23983.24971,102,1349.208411,125,0.694712311,11058.06483,415,44441.80457,267,2500.130603,326,10.90513071,5719.688706,159,22987.14029,102,1293.171001,125,0.362176685,6672.970157,658,26818.33034,423,1508.699502,517,2.393515482,14299.22177,850,57467.85073,546,3232.927503,668,0.008262108,0.003588092,0,0.6,0.717,0.273,0.01,0.509803684,0.441696316,0.0485,1,1,0.02,0.471221579,0.466494402,0.042284019,1,0.74,0.26,0.92,0.08,0.96,0.04,0.15,0.85,1,1,0,0.01,0.99,0.35,0.65
Shenzhen City,Megacities,4,广东省,341.4152,303.1071204,7346.938776,132,220.4081633,85,10432.65306,104,0.756913696,12775.5102,159,383.2653061,102,18141.22449,125,2.578513389,23673.46939,415,710.2040816,267,33616.32653,326,27.08985283,12244.89796,159,367.3469388,102,17387.7551,125,1.638997945,14285.71429,658,428.5714286,423,20285.71429,517,6.243801696,30612.2449,850,918.3673469,546,43469.38776,668,0.008262456,0.015456478,0.493159665,0.6,0.523410821,0.190089179,0.2865,0.423438158,0.193061842,0.3835,1,1,0.02,0.121363934,0.519066128,0.339569937,1,0.74,0.26,0.92,0.08,0.96,0.04,0.15,0.85,1,0.9,0.1,0.01,0.99,0.35,0.65
Shenyang City,Largecities,4,辽宁省,257.9958,224.6674666,8851.440803,132,8253.63914,85,894.920057,104,1.210187881,15391.67206,159,14352.16139,102,1556.166544,125,2.257813211,28521.30925,415,26595.05945,267,2883.631295,326,18.68867255,14752.40134,159,13756.06523,102,1491.533428,125,1.336625421,17211.13489,658,16048.74277,423,1740.122333,517,9.835034347,36881.00334,850,34390.16309,546,3728.833571,668,0.011040972,0.00718807,0.132449821,0.6,0.743,0.247,0.01,0.55187,0.39963,0.0485,1,1,0.02,0.471221579,0.466494402,0.042284019,1,0.74,0.26,0.92,0.08,0.96,0.04,0.15,0.85,1,1,0,0.01,0.99,0.35,0.65
Shiyan City,Medium-small-cities,4,湖北省,39.0369,34.3656815,2256.822231,132,15446.65687,85,296.5208965,104,0.126347771,3924.363102,159,26860.02001,102,515.6168923,125,0.280975549,7271.982745,415,49772.56103,267,955.4562221,326,2.908735512,3761.370385,159,25744.42812,102,494.2014942,125,0.265011029,4388.26545,658,30035.16614,423,576.5684099,517,1.090148639,9403.425964,850,64361.0703,546,1235.503735,668,0.007206826,0.008179346,0.028104824,0.6,0.743,0.247,0.01,0.542,0.418,0.04,1,1,0.02,0.686,0.147,0.147,1,0.74,0.26,0.92,0.08,0.96,0.04,0.15,0.85,1,1,0,0.01,0.99,0.35,0.65
Shijiazhuang City,Largecities,4,河北省,287.6,249.0473217,3893.337501,132,13427.64833,85,679.0141721,104,0.385614422,6770.081322,159,23349.18848,102,1180.730199,125,1.183135159,12545.19862,415,43266.86683,267,2187.934555,326,23.58558029,6488.895836,159,22379.41388,102,1131.690287,125,0.77473443,7570.378475,658,26109.31619,423,1320.305335,517,12.62361395,16222.23959,850,55948.53469,546,2829.225717,668,0.008061254,0.005945938,0.080584006,0.6,0.756,0.234,0.01,0.572903158,0.378596842,0.0485,1,1,0.02,0.471221579,0.466494402,0.042284019,1,0.74,0.26,0.92,0.08,0.96,0.04,0.15,0.85,1,1,0,0.01,0.99,0.35,0.65
Shizuishan City,Medium-small-cities,4,宁夏回族自治区,12.2,9.498921712,3689.368015,132,13739.29804,85,571.3339425,104,0.028801123,6415.401048,159,23891.11271,102,993.4862445,125,0.077062464,11887.9636,415,44271.07147,267,1840.964926,326,1.918777515,6148.946692,159,22898.83007,102,952.2232375,125,0.063829516,7173.77114,658,26715.30175,423,1110.92711,517,0.612607669,15372.36673,850,57247.07518,546,2380.558094,668,0.033889047,0.017461282,0,0.6,0.756,0.234,0.01,0.564,0.396,0.04,1,1,0.02,0.686,0.147,0.147,1,0.74,0.26,0.92,0.08,0.96,0.04,0.15,0.85,1,1,0,0.01,0.99,0.35,0.65
Shuangyashan City,Medium-small-cities,4,黑龙江省,22.4332,19.12828551,3381.130226,132,14167.54062,85,451.3291519,104,0.09180318,5879.409781,159,24635.77897,102,784.8112475,125,0.222950581,10894.75295,415,45650.96423,267,1454.282823,326,1.909068992,5635.217043,159,23612.5677,102,752.2152532,125,0.183169203,6574.419883,658,27547.99565,423,877.5844621,517,0.897922535,14088.04261,850,59031.41926,546,1880.538133,668,0.011498827,0.023203344,0,0.6,0.743,0.247,0.01,0.542,0.418,0.04,1,1,0.02,0.686,0.147,0.147,1,0.74,0.26,0.92,0.08,0.96,0.04,0.15,0.85,1,1,0,0.01,0.99,0.35,0.65
Shuozhou City,Medium-small-cities,4,山西省,25.9063,22.93251566,4929.133858,132,12278.21522,85,792.6509186,104,0.04466351,8571.216098,159,21350.45203,102,1378.331875,125,0.132160057,15882.76465,415,39563.13794,267,2554.097404,326,1.62143184,8215.223097,159,20463.69204,102,1321.084864,125,0.046493981,9584.426947,658,23874.30738,423,1541.265675,517,1.12903495,20538.05774,850,51159.2301,546,3302.712161,668,0.008194944,0.010607288,0,0.6,0.756,0.234,0.01,0.564,0.396,0.04,1,1,0.02,0.686,0.147,0.147,1,0.74,0.26,0.92,0.08,0.96,0.04,0.15,0.85,1,1,0,0.01,0.99,0.35,0.65
Siping City,Medium-small-cities,4,吉林省,42.0783,37.21748885,2710.471766,132,15289.52823,85,0,104,0.125573297,4713.209238,159,26586.79076,102,0,125,0.338298212,8733.742359,415,49266.25764,267,0,326,2.794474424,4517.452944,159,25482.54706,102,0,125,0.171491891,5270.361768,658,29729.63823,423,0,517,1.430973322,11293.63236,850,63706.36764,546,0,668,0.005388175,0.010981883,0,0.6,0.73,0.26,0.01,0.52,0.44,0.04,1,1,0.02,0.686,0.147,0.147,1,0.74,0.26,0.92,0.08,0.96,0.04,0.15,0.85,1,1,0,0.01,0.99,0.35,0.65
Songyuan City,Medium-small-cities,4,吉林省,45.6072,40.33873654,3240.479099,132,14349.8883,85,409.6326012,104,0.136104512,5634.833099,159,24952.86132,102,712.3055787,125,0.366669618,10441.54376,415,46238.52897,267,1319.92727,326,3.028833246,5400.798498,159,23916.4805,102,682.721002,125,0.185874072,6300.93158,658,27902.56058,423,796.5078356,517,1.550982014,13501.99624,850,59791.20125,546,1706.802505,668,0.007768734,0.00759051,0.034327861,0.6,0.756,0.234,0.01,0.564,0.396,0.04,1,1,0.02,0.686,0.147,0.147,1,0.74,0.26,0.92,0.08,0.96,0.04,0.15,0.85,1,1,0,0.01,0.99,0.35,0.65
Suzhou City (Jiangsu),Extra-large-cities,4,江苏省,419.1,387.9543791,6476.357729,132,10593.76108,85,929.881194,104,0.869497508,11261.6665,159,18421.37343,102,1616.960076,125,2.535850959,20868.26379,415,34135.45236,267,2996.283847,326,14.22233772,10793.92955,159,17656.26846,102,1549.80199,125,2.461008136,12592.91781,658,20598.97987,423,1808.102322,517,11.05692654,26984.82387,850,44140.67115,546,3874.504975,668,0.005787038,0.005839353,0,0.6,0.733421875,0.231078125,0.0355,0.536323864,0.354176136,0.1095,1,1,0.02,0.014,0.9358125,0.0301875,1,0.74,0.26,0.92,0.08,0.96,0.04,0.15,0.85,1,1,0,0.01,0.99,0.35,0.65
Suqian City,Largecities,4,江苏省,107.5,99.51108508,4789.456233,132,12842.00928,85,368.5344828,104,0.223027874,8328.332228,159,22330.82725,102,640.8405172,125,0.650450914,15432.69231,415,41379.80769,267,1187.5,326,3.648058469,7982.427056,159,21403.34881,102,614.2241379,125,0.631253578,9312.831565,658,24970.57361,423,716.5948276,517,2.836124081,19956.06764,850,53508.37202,546,1535.560345,668,0.016007625,0.007036435,0,0.6,0.743,0.247,0.01,0.55187,0.39963,0.0485,1,1,0.02,0.471221579,0.466494402,0.042284019,1,0.74,0.26,0.92,0.08,0.96,0.04,0.15,0.85,1,1,0,0.01,0.99,0.35,0.65
Suzhou City (Anhui),Medium-small-cities,4,安徽省,58.2996,49.93135061,2995.621808,132,14667.5701,85,336.8080892,104,0.159401373,5209.053476,159,25505.27468,102,585.6718441,125,0.366558622,9652.559158,415,47262.17033,267,1085.27051,326,4.966611189,4992.703013,159,24445.95017,102,561.3468154,125,0.204575851,5824.820181,658,28520.2752,423,654.904618,517,2.671102353,12481.75753,850,61114.87543,546,1403.367038,668,0.007492931,0.008852839,0,0.6,0.743,0.247,0.01,0.542,0.418,0.04,1,1,0.02,0.686,0.147,0.147,1,0.74,0.26,0.92,0.08,0.96,0.04,0.15,0.85,1,1,0,0.01,0.99,0.35,0.65
Suihua City,Medium-small-cities,4,黑龙江省,33.2348,28.33856709,2448.473817,132,15122.3569,85,429.1692856,104,0.13600647,4257.623915,159,26296.09838,102,746.2777022,125,0.330301426,7889.526743,415,48727.59445,267,1382.878809,326,2.82828692,4080.789695,159,25203.92816,102,715.2821426,125,0.27136529,4760.92131,658,29404.58286,423,834.4958331,517,1.330272804,10201.97424,850,63009.82041,546,1788.205357,668,0.006861737,0.016792007,0,0.6,0.73,0.26,0.01,0.52,0.44,0.04,1,1,0.02,0.686,0.147,0.147,1,0.74,0.26,0.92,0.08,0.96,0.04,0.15,0.85,1,1,0,0.01,0.99,0.35,0.65
Suizhou City,Medium-small-cities,4,湖北省,23.3725,20.5757089,2527.561222,132,14944.14381,85,528.2949647,104,0.075647997,4395.148124,159,25986.20563,102,918.6462442,125,0.168228036,8144.363937,415,48153.35229,267,1702.283775,326,1.741542508,4212.602036,159,24906.90636,102,880.4916078,125,0.158669625,4914.702375,658,29058.05742,423,1027.240209,517,0.652702932,10531.50509,850,62267.26589,546,2201.22902,668,0.015905698,0.009452842,0,0.6,0.756,0.234,0.01,0.564,0.396,0.04,1,1,0.02,0.686,0.147,0.147,1,0.74,0.26,0.92,0.08,0.96,0.04,0.15,0.85,1,1,0,0.01,0.99,0.35,0.65
Suining City,Medium-small-cities,4,四川省,44.72,40.06315143,1889.743027,132,15400.61498,85,709.6419943,104,0.082146584,3286.053152,159,26779.95827,102,1233.988579,125,0.289200986,6089.171975,415,49624.20382,267,2286.624204,326,2.988785291,3149.571711,159,25667.69163,102,1182.736657,125,0.234436597,3674.500329,658,29945.64024,423,1379.859433,517,1.06227911,7873.929277,850,64169.22908,546,2956.841643,668,0.034535487,0.021463364,0,0.6,0.73,0.26,0.01,0.52,0.44,0.04,1,1,0.02,0.686,0.147,0.147,1,0.74,0.26,0.92,0.08,0.96,0.04,0.15,0.85,1,1,0,0.01,0.99,0.35,0.65
Tacheng Prefecture,Medium-small-cities,4,新疆维吾尔族自治区,23.1583,19.18367152,2474.124682,132,15264.00676,85,261.8685623,104,0.118837377,4302.227918,159,26542.41175,102,455.3603334,125,0.161126353,7972.179529,415,49184.02177,267,843.7987009,326,2.608533954,4123.541136,159,25440.01126,102,436.4476039,125,0.154167408,4810.797992,658,29680.01314,423,509.1888712,517,0.931963393,10308.85284,850,63600.02815,546,1091.11901,668,0.023512398,0.019014799,0.032598551,0.6,0.73,0.26,0.01,0.52,0.44,0.04,1,1,0.02,0.686,0.147,0.147,1,0.74,0.26,0.92,0.08,0.96,0.04,0.15,0.85,1,1,0,0.01,0.99,0.35,0.65
Taizhou City (Zhejiang),Largecities,4,浙江省,175.2182,158.4792523,3618.945923,132,13768.7438,85,612.3102738,104,0.338630881,6292.944855,159,23942.31561,102,1064.739532,125,0.793666127,11661.04797,415,44365.95225,267,1972.999771,326,12.45844175,6031.576539,159,22947.90634,102,1020.517123,125,0.413764608,7036.839295,658,26772.55739,423,1190.60331,517,2.734444363,15078.94135,850,57369.76585,546,2551.292808,668,0.011653747,0.005422683,0.017563696,0.6,0.704,0.286,0.01,0.488770526,0.462729474,0.0485,1,1,0.02,0.471221579,0.466494402,0.042284019,1,0.74,0.26,0.92,0.08,0.96,0.04,0.15,0.85,1,0.9,0.1,0.01,0.99,0.35,0.65
Taiyuan City,Largecities,4,山西省,168.37,149.0428067,5800.813542,132,11521.32266,85,677.8637974,104,0.290276694,10086.97021,159,20034.29996,102,1178.729825,125,0.858933497,18691.5103,415,37124.26191,267,2184.227792,326,10.53799573,9668.022569,159,19202.20444,102,1129.772996,125,0.30217328,11279.35966,658,22402.57184,423,1318.068495,517,7.337814143,24170.05642,850,48005.51109,546,2824.432489,668,0.010476307,0.00577272,0.119520694,0.6,0.756,0.234,0.01,0.572903158,0.378596842,0.0485,1,1,0.02,0.471221579,0.466494402,0.042284019,1,0.74,0.26,0.92,0.08,0.96,0.04,0.15,0.85,1,1,0,0.01,0.99,0.35,0.65
Tai'an City,Medium-small-cities,4,山东省,85.3328,75.04281832,3140.834262,132,14249.5804,85,609.5853388,104,0.147214765,5461.5618,159,24778.43703,102,1060.001173,125,0.486065708,10120.46596,415,45915.31462,267,1964.219425,326,6.253507007,5234.72377,159,23749.30066,102,1015.975565,125,0.293328173,6107.177732,658,27707.51744,423,1185.304826,517,3.109866024,13086.80943,850,59373.25166,546,2539.938912,668,0.002828109,0.008759506,0,0.6,0.743,0.247,0.01,0.542,0.418,0.04,1,1,0.02,0.686,0.147,0.147,1,0.74,0.26,0.92,0.08,0.96,0.04,0.15,0.85,1,1,0,0.01,0.99,0.35,0.65
Taizhou City (Jiangsu),Largecities,4,江苏省,82.87,76.71147554,3983.383495,132,13374.81476,85,641.8017491,104,0.171928558,6926.661299,159,23257.31677,102,1116.02193,125,0.501422021,12835.34682,415,43096.62533,267,2068.027858,326,2.812228887,6638.972491,159,22291.35793,102,1069.669582,125,0.486623107,7745.467906,658,26006.58425,423,1247.947845,517,2.186321885,16597.43123,850,55728.39482,546,2674.173954,668,0.005918655,0.006702109,0,0.6,0.743,0.247,0.01,0.55187,0.39963,0.0485,1,1,0.02,0.471221579,0.466494402,0.042284019,1,0.74,0.26,0.92,0.08,0.96,0.04,0.15,0.85,1,1,0,0.01,0.99,0.35,0.65
Tangshan City,Largecities,4,河北省,213.8,185.1401856,3950.672099,132,13442.34603,85,606.9818706,104,0.286663294,6869.779817,159,23374.74615,102,1055.474031,125,0.879535108,12729.94343,415,43314.2261,267,1955.830472,326,17.53336949,6584.453498,159,22403.91005,102,1011.636451,125,0.575932619,7681.862415,658,26137.89506,423,1180.242526,517,9.384313845,16461.13375,850,56009.77513,546,2529.091128,668,0.007796303,0.009760533,0.005566668,0.6,0.743,0.247,0.01,0.55187,0.39963,0.0485,1,1,0.02,0.471221579,0.466494402,0.042284019,1,0.74,0.26,0.92,0.08,0.96,0.04,0.15,0.85,1,0.9,0.1,0.01,0.99,0.35,0.65
Tianjin,Extra-large-cities,4,天津市,306.93,267.33,5872.427473,132,10682.6184,85,1444.954128,104,1.2,10211.49888,159,18575.88644,102,2512.614679,125,2.74,18922.2663,415,34421.77039,267,4655.963303,326,26.57,9787.379122,159,17804.364,102,2408.256881,125,1.01,11418.60898,658,20771.758,423,2809.633028,517,8.08,24468.44781,850,44510.90999,546,6020.642202,668,0.011436776,0.006955403,0.226360786,0.6,0.756529688,0.207970313,0.0355,0.571741477,0.318758523,0.1095,1,1,0.02,0.014,0.9358125,0.0301875,1,0.74,0.26,0.92,0.08,0.96,0.04,0.15,0.85,1,0.9,0.1,0.01,0.99,0.35,0.65
Tianshui City,Medium-small-cities,4,甘肃省,30.44,24.84639343,3280.462675,132,14144.29476,85,575.2425692,104,0.096379947,5704.360096,159,24595.35699,102,1000.282912,125,0.213285254,10570.37973,415,45576.06088,267,1853.55939,326,4.090793316,5467.437792,159,23573.82459,102,958.7376153,125,0.231133392,6378.677424,658,27502.79536,423,1118.527218,517,0.962014658,13668.59448,850,58934.56148,546,2396.844038,668,0.011188046,0.022553933,0.029296246,0.6,0.743,0.247,0.01,0.542,0.418,0.04,1,1,0.02,0.686,0.147,0.147,1,0.74,0.26,0.92,0.08,0.96,0.04,0.15,0.85,1,1,0,0.01,0.99,0.35,0.65
Tieling City,Medium-small-cities,4,辽宁省,37.023,32.2403063,3349.463476,132,14174.77601,85,475.7605189,104,0.173664788,5824.344822,159,24648.3605,102,827.2946801,125,0.32400147,10792.71564,415,45674.27824,267,1533.006117,326,2.68186817,5582.439126,159,23624.62668,102,792.9341982,125,0.19180887,6512.845648,658,27562.06445,423,925.0898979,517,1.411350404,13956.09782,850,59061.56669,546,1982.335496,668,0.016158163,0.013630445,0,0.6,0.743,0.247,0.01,0.542,0.418,0.04,1,1,0.02,0.686,0.147,0.147,1,0.74,0.26,0.92,0.08,0.96,0.04,0.15,0.85,1,1,0,0.01,0.99,0.35,0.65
Tonghua City,Medium-small-cities,4,吉林省,25.0754,22.17873393,3066.361534,132,14431.97186,85,501.6666072,104,0.074831936,5332.062,159,25095.59551,102,872.3424891,125,0.20159947,9880.498275,415,46503.02044,267,1616.48129,326,1.665289804,5110.602556,159,24053.28643,102,836.1110119,125,0.102195853,5962.369649,658,28062.1675,423,975.4628473,517,0.852749004,12776.50639,850,60133.21608,546,2090.27753,668,0.006368378,0.009929679,0.002406576,0.6,0.743,0.247,0.01,0.542,0.418,0.04,1,1,0.02,0.686,0.147,0.147,1,0.74,0.26,0.92,0.08,0.96,0.04,0.15,0.85,1,1,0,0.01,0.99,0.35,0.65
Tongliao City,Largecities,4,内蒙古自治区,133.838,117.3420898,3022.894631,132,14270.18342,85,706.921944,104,0.282240545,5256.477886,159,24814.2634,102,1229.258714,125,0.709100213,9740.438256,415,45981.70215,267,2277.859597,326,10.35659521,5038.157719,159,23783.63904,102,1178.20324,125,0.342887274,5877.850672,658,27747.57888,423,1374.570447,517,4.805086967,12595.3943,850,59459.0976,546,2945.5081,668,0.021225574,0.008553451,0.066489841,0.6,0.756,0.234,0.01,0.572903158,0.378596842,0.0485,1,1,0.02,0.471221579,0.466494402,0.042284019,1,0.74,0.26,0.92,0.08,0.96,0.04,0.15,0.85,1,1,0,0.01,0.99,0.35,0.65
Tongchuan City,Medium-small-cities,4,陕西省,9.8757,8.855825896,3202.027516,132,13781.31789,85,1016.654598,104,0.025301939,5567.97007,159,23964.18055,102,1767.849385,125,0.062813536,10317.64422,415,44406.46874,267,3275.887038,326,0.649024167,5336.712527,159,22968.86314,102,1694.42433,125,0.024272209,6226.164615,658,26797.007,423,1976.828385,517,0.258462253,13341.78132,850,57422.15786,546,4236.060825,668,0.008608939,0.01761461,0,0.6,0.756,0.234,0.01,0.564,0.396,0.04,1,1,0.02,0.686,0.147,0.147,1,0.74,0.26,0.92,0.08,0.96,0.04,0.15,0.85,1,1,0,0.01,0.99,0.35,0.65
Tongling City,Medium-small-cities,4,安徽省,19.7746,16.93617942,3753.720078,132,13691.17964,85,555.1002804,104,0.054067239,6527.302135,159,23807.44016,102,965.2577097,125,0.124332759,12095.32025,415,44116.02329,267,1788.656459,326,1.684621329,6256.200129,159,22818.63274,102,925.1671339,125,0.069389938,7298.900151,658,26621.73819,423,1079.361656,517,0.906009314,15640.50032,850,57046.58184,546,2312.917835,668,0.013707227,0.009990112,0,0.6,0.73,0.26,0.01,0.52,0.44,0.04,1,1,0.02,0.686,0.147,0.147,1,0.74,0.26,0.92,0.08,0.96,0.04,0.15,0.85,1,1,0,0.01,0.99,0.35,0.65
Tongren City,Medium-small-cities,4,贵州省,34.9589,30.2681002,2557.963056,132,14943.14901,85,498.8879294,104,0.124744782,4448.013536,159,25984.47579,102,867.5106772,125,0.205267868,8242.325402,415,48150.14683,267,1607.527773,326,3.556216312,4263.27176,159,24905.24836,102,831.4798823,125,0.193387413,4973.817053,658,29056.12308,423,970.0598627,517,0.611183427,10658.1794,850,62263.1209,546,2078.699706,668,0.012460062,0.019607549,0.029955424,0.6,0.717,0.273,0.01,0.498,0.462,0.04,1,1,0.02,0.686,0.147,0.147,1,0.74,0.26,0.92,0.08,0.96,0.04,0.15,0.85,1,1,0,0.01,0.99,0.35,0.65
Turpan City,Medium-small-cities,4,新疆维吾尔族自治区,10.01,8.291996903,2511.189766,132,15233.95906,85,254.8511704,104,0.051366557,4366.679982,159,26490.16215,102,443.1578686,125,0.069645647,8091.611469,415,49087.20143,267,821.1871047,326,1.12751907,4185.316277,159,25389.93177,102,424.7519507,125,0.066637696,4882.86899,658,29621.58707,423,495.5439425,517,0.402834127,10463.29069,850,63474.82943,546,1061.879877,668,0.017838144,0.027601625,0.052970679,0.6,0.756,0.234,0.01,0.564,0.396,0.04,1,1,0.02,0.686,0.147,0.147,1,0.74,0.26,0.92,0.08,0.96,0.04,0.15,0.85,1,1,0,0.01,0.99,0.35,0.65
Weihai City,Largecities,4,山东省,80.9722,71.20804771,4453.251666,132,12842.99095,85,703.7573796,104,0.139691929,7743.709842,159,22332.53427,102,1223.755888,125,0.461227216,14349.36648,415,41382.97085,267,2267.662667,326,5.933945916,7422.086111,159,21404.98492,102,1172.928966,125,0.27833878,8659.100462,658,24972.48241,423,1368.417127,517,2.950948448,18555.21528,850,53512.46231,546,2932.322415,668,0.010360272,0.013239334,0.083373961,0.6,0.756,0.234,0.01,0.572903158,0.378596842,0.0485,1,1,0.02,0.471221579,0.466494402,0.042284019,1,0.74,0.26,0.92,0.08,0.96,0.04,0.15,0.85,1,0.9,0.1,0.01,0.99,0.35,0.65
Weifang City,Largecities,4,山东省,246.0261,216.3586795,3336.153397,132,14126.10438,85,537.7422264,104,0.424440245,5801.200073,159,24563.72594,102,935.0739826,125,1.401393727,10749.82761,415,45517.44744,267,1732.724952,326,18.02971355,5560.255661,159,23543.50729,102,896.237044,125,0.845705127,6486.964938,658,27467.42518,423,1045.609885,517,8.966167868,13900.63915,850,58858.76824,546,2240.59261,668,0.004050193,0.007640121,0.002980588,0.6,0.743,0.247,0.01,0.55187,0.39963,0.0485,1,1,0.02,0.471221579,0.466494402,0.042284019,1,0.74,0.26,0.92,0.08,0.96,0.04,0.15,0.85,1,0.9,0.1,0.01,0.99,0.35,0.65
Weinan City,Medium-small-cities,4,陕西省,59.7456,53.57560797,2273.408051,132,15367.44233,85,359.1496205,104,0.153070623,3953.204001,159,26722.27471,102,624.5212846,125,0.380006721,7325.425944,415,49517.31417,267,1157.259888,326,3.926439467,3789.013419,159,25612.40388,102,598.5827009,125,0.146841005,4420.515656,658,29881.13786,423,698.3464844,517,1.563634212,9472.533548,850,64031.0097,546,1496.456752,668,0.024001948,0.013540321,0,0.6,0.756,0.234,0.01,0.564,0.396,0.04,1,1,0.02,0.686,0.147,0.147,1,0.74,0.26,0.92,0.08,0.96,0.04,0.15,0.85,1,1,0,0.01,0.99,0.35,0.65
Wenzhou City,Largecities,4,浙江省,234.9526,212.5071047,3026.124377,132,14354.7164,85,619.1592187,104,0.45407501,5262.094056,159,24961.25686,102,1076.649086,125,1.064238305,9750.845216,415,46254.08619,267,1995.068594,326,16.70570341,5043.540629,159,23924.52734,102,1031.932031,125,0.554822903,5884.130734,658,27911.94856,423,1203.920703,517,3.666655705,12608.85157,850,59811.31835,546,2579.830078,668,0.00896193,0.003952366,0.108175365,0.6,0.704,0.286,0.01,0.488770526,0.462729474,0.0485,1,1,0.02,0.471221579,0.466494402,0.042284019,1,0.74,0.26,0.92,0.08,0.96,0.04,0.15,0.85,1,0.9,0.1,0.01,0.99,0.35,0.65
Wuhai City,Medium-small-cities,4,内蒙古自治区,21.65,18.98157656,4893.926174,132,9947.399329,85,3158.674497,104,0.045656001,8509.993848,159,17297.42217,102,5492.583986,125,0.114705985,15769.31767,415,32052.73117,267,10177.95116,326,1.675311095,8156.543624,159,16578.99888,102,5264.457494,125,0.055466381,9515.967562,658,19342.16536,423,6141.867077,517,0.777283976,20391.35906,850,41447.4972,546,13161.14374,668,0.017687699,0.008126169,0.006753458,0.6,0.743,0.247,0.01,0.542,0.418,0.04,1,1,0.02,0.686,0.147,0.147,1,0.74,0.26,0.92,0.08,0.96,0.04,0.15,0.85,1,1,0,0.01,0.99,0.35,0.65
Ulanqab City,Medium-small-cities,4,内蒙古自治区,15.4501,13.54583169,2982.654877,132,14578.28445,85,439.0606721,104,0.032581514,5186.505425,159,25350.01685,102,763.4777242,125,0.081857688,9610.776826,415,46974.47212,267,1414.751054,326,1.195553069,4971.091462,159,24297.14075,102,731.7677868,125,0.0395825,5799.606705,658,28346.66421,423,853.7290845,517,0.554693541,12427.72865,850,60742.85188,546,1829.419467,668,0.013754744,0.009977771,0.008808364,0.6,0.756,0.234,0.01,0.564,0.396,0.04,1,1,0.02,0.686,0.147,0.147,1,0.74,0.26,0.92,0.08,0.96,0.04,0.15,0.85,1,1,0,0.01,0.99,0.35,0.65
ürümqi City,Largecities,4,新疆维吾尔族自治区,123.58,102.3701276,8627.79661,132,7682.033898,85,1690.169492,104,0.634153761,15002.77966,159,13358.20339,102,2939.016949,125,0.85982109,27800.67797,415,24753.22034,267,5446.101695,326,13.9199607,14379.66102,159,12803.38983,102,2816.949153,125,0.82268596,16776.27119,658,14937.28814,423,3286.440678,517,4.97325089,35949.15254,850,32008.47458,546,7042.372881,668,0.024766745,0.011568029,0.539841455,0.6,0.756,0.234,0.01,0.572903158,0.378596842,0.0485,1,1,0.02,0.471221579,0.466494402,0.042284019,1,0.74,0.26,0.92,0.08,0.96,0.04,0.15,0.85,1,1,0,0.01,0.99,0.35,0.65
Wuxi City,Extra-large-cities,4,江苏省,209.71,194.1252991,6111.603303,132,10760.66071,85,1127.735988,104,0.435080702,10627.39908,159,18711.59334,102,1961.007579,125,1.268893593,19692.94398,415,34673.24006,267,3633.81596,326,7.116598526,10186.00551,159,17934.43451,102,1879.55998,125,1.231443608,11883.67309,658,20923.50693,423,2192.819976,517,5.532684476,25465.01376,850,44836.08629,546,4698.899949,668,0.005437976,0.006924407,0.06269842,0.6,0.733421875,0.231078125,0.0355,0.536323864,0.354176136,0.1095,1,1,0.02,0.014,0.9358125,0.0301875,1,0.74,0.26,0.92,0.08,0.96,0.04,0.15,0.85,1,1,0,0.01,0.99,0.35,0.65
Wuhu City,Largecities,4,安徽省,61.5052,52.67682292,3554.497161,132,13990.47445,85,455.0283935,104,0.168166048,6180.875618,159,24327.88056,102,791.2438175,125,0.386713826,11453.37974,415,45080.41766,267,1466.202601,326,5.239700007,5924.161934,159,23317.45741,102,758.3806558,125,0.215824442,6911.522257,658,27203.70031,423,884.7774318,517,2.817972756,14810.40484,850,58293.64352,546,1895.951639,668,0.005414968,0.007729335,0,0.6,0.73,0.26,0.01,0.530836842,0.420663158,0.0485,1,1,0.02,0.471221579,0.466494402,0.042284019,1,0.74,0.26,0.92,0.08,0.96,0.04,0.15,0.85,1,1,0,0.01,0.99,0.35,0.65
Wuzhong City,Medium-small-cities,4,宁夏回族自治区,32.2,25.07092452,5444.501678,132,11717.63403,85,837.8642889,104,0.076016079,9467.383473,159,20375.66362,102,1456.952902,125,0.203394372,17543.39429,415,37756.82077,267,2699.784931,326,5.064314426,9074.169463,159,19529.39006,102,1396.440481,125,0.168468066,10586.53104,658,22784.2884,423,1629.180562,517,1.616882537,22685.42366,850,48823.47514,546,3491.101204,668,0.029511775,0.008225199,0,0.6,0.756,0.234,0.01,0.564,0.396,0.04,1,1,0.02,0.686,0.147,0.147,1,0.74,0.26,0.92,0.08,0.96,0.04,0.15,0.85,1,1,0,0.01,0.99,0.35,0.65
Wuzhou City,Medium-small-cities,4,广西壮族自治区,27.4065,23.77870034,3273.725685,132,14042.73649,85,683.5378293,104,0.06743122,5692.645219,159,24418.75844,102,1188.596336,125,0.160200233,10548.67165,415,45248.81756,267,2202.510783,326,2.34170238,5456.209475,159,23404.56081,102,1139.229715,125,0.202702335,6365.577721,658,27305.32094,423,1329.101335,517,0.855763488,13640.52369,850,58511.40202,546,2848.074289,668,0.036733205,0.016633373,0.126752274,0.6,0.717,0.273,0.01,0.498,0.462,0.04,1,1,0.02,0.686,0.147,0.147,1,0.74,0.26,0.92,0.08,0.96,0.04,0.15,0.85,1,1,0,0.01,0.99,0.35,0.65
Wuhan City,Extra-large-cities,4,湖北省,334.439,294.4194891,6342.295014,132,10654.25671,85,1003.448275,104,1.082453326,11028.54633,159,18526.56861,102,1744.885056,125,2.407188624,20436.28393,415,34330.38274,267,3233.33333,326,24.91987314,10570.49169,159,17757.09452,102,1672.413791,125,2.270416543,12332.24031,658,20716.61027,423,1951.149423,517,9.339579239,26426.22923,850,44392.7363,546,4181.034478,668,0.011144256,0.005689838,0.132513959,0.6,0.733421875,0.231078125,0.0355,0.536323864,0.354176136,0.1095,1,1,0.02,0.014,0.9358125,0.0301875,1,0.74,0.26,0.92,0.08,0.96,0.04,0.15,0.85,1,1,0,0.01,0.99,0.35,0.65
Wuwei City,Medium-small-cities,4,甘肃省,21.96,17.92466491,3159.468012,132,14207.0805,85,633.4514921,104,0.069530343,5493.963821,159,24704.53442,102,1101.501761,125,0.153868074,10180.50804,415,45778.37049,267,2041.121475,326,2.951176781,5265.78002,159,23678.46749,102,1055.752487,125,0.166744063,6143.410024,658,27624.87874,423,1231.711235,517,0.694015831,13164.45005,850,59196.16873,546,2639.381217,668,0.017337341,0.015062739,0,0.6,0.756,0.234,0.01,0.564,0.396,0.04,1,1,0.02,0.686,0.147,0.147,1,0.74,0.26,0.92,0.08,0.96,0.04,0.15,0.85,1,1,0,0.01,0.99,0.35,0.65
Xi'an City,Extra-large-cities,4,陕西省,341.2616,306.0191495,3816.225908,132,13415.95697,85,767.8171224,104,0.874325903,6635.992828,159,23328.85851,102,1335.148663,125,2.170564888,12296.72792,415,43229.19468,267,2474.077394,326,22.42747608,6360.376513,159,22359.92828,102,1279.695204,125,0.838742872,7420.439265,658,26086.583,423,1492.977738,517,8.931340769,15900.94128,850,55899.82071,546,3199.23801,668,0.015035711,0.007534565,0.695721824,0.6,0.744975781,0.219524219,0.0355,0.55403267,0.33646733,0.1095,1,1,0.02,0.014,0.9358125,0.0301875,1,0.74,0.26,0.92,0.08,0.96,0.04,0.15,0.85,1,1,0,0.01,0.99,0.35,0.65
Xining City,Medium-small-cities,4,青海省,49.0554,40.5603497,3162.472111,132,14311.06507,85,526.4628203,104,0.239879707,5499.187615,159,24885.35204,102,915.4603486,125,0.384634702,10190.18791,415,46113.43189,267,1696.380199,326,6.133475946,5270.786852,159,23851.77511,102,877.4380338,125,0.306053419,6149.251327,658,27827.07097,423,1023.677706,517,1.431006526,13176.96713,850,59629.43779,546,2193.595084,668,0.062300781,0.012860321,0.260139848,0.6,0.743,0.247,0.01,0.542,0.418,0.04,1,1,0.02,0.686,0.147,0.147,1,0.74,0.26,0.92,0.08,0.96,0.04,0.15,0.85,1,1,0,0.01,0.99,0.35,0.65
Xishuangbanna Dai Autonomous Prefecture,Medium-small-cities,4,云南省,20.74,17.63163825,1876.57563,132,15539.65336,85,583.7710084,104,0.058097597,3263.156513,159,27021.73057,102,1015.11292,125,0.088690051,6046.743697,415,50072.21639,267,1881.039916,326,2.369932879,3127.62605,159,25899.42227,102,972.9516807,125,0.13977103,3648.897059,658,30215.99265,423,1135.110294,517,0.451870196,7819.065126,850,64748.55567,546,2432.379202,668,0.018687152,0.012634294,0.383466474,0.6,0.73,0.26,0.01,0.52,0.44,0.04,1,1,0.02,0.686,0.147,0.147,1,0.74,0.26,0.92,0.08,0.96,0.04,0.15,0.85,1,1,0,0.01,0.99,0.35,0.65
Xianning City,Medium-small-cities,4,湖北省,26.43,23.26734351,2812.923363,132,14717.59064,85,469.4859948,104,0.085543975,4891.361181,159,25592.25484,102,816.3839799,125,0.190234977,9063.86417,415,47423.34762,267,1512.788206,326,1.96936436,4688.205605,159,24529.31774,102,782.476658,125,0.179426171,5469.573206,658,28617.53736,423,912.8894344,517,0.738087003,11720.51401,850,61323.29434,546,1956.191645,668,0.00406275,0.007711071,0,0.6,0.73,0.26,0.01,0.52,0.44,0.04,1,1,0.02,0.686,0.147,0.147,1,0.74,0.26,0.92,0.08,0.96,0.04,0.15,0.85,1,1,0,0.01,0.99,0.35,0.65
Xianyang City,Medium-small-cities,4,陕西省,45.2991,40.62101348,3177.837774,132,14260.12443,85,562.0377979,104,0.116058111,5525.906797,159,24796.77192,102,977.3212818,125,0.288121007,10239.6995,415,45949.28982,267,1811.010682,326,2.977025489,5296.396291,159,23766.87405,102,936.7296631,125,0.111334815,6179.129006,658,27728.01972,423,1092.851274,517,1.185547095,13240.99073,850,59417.18512,546,2341.824158,668,0.018335515,0.012480986,0,0.6,0.756,0.234,0.01,0.564,0.396,0.04,1,1,0.02,0.686,0.147,0.147,1,0.74,0.26,0.92,0.08,0.96,0.04,0.15,0.85,1,1,0,0.01,0.99,0.35,0.65
Xiangtan City,Medium-small-cities,4,湖南省,38.4975,34.40577231,1814.954683,132,15539.27492,85,645.7703927,104,0.186956518,3156.004532,159,27021.07251,102,1122.922961,125,0.27355158,5848.187311,415,50070.99698,267,2080.81571,326,2.626272796,3024.924471,159,25898.79154,102,1076.283988,125,0.218930079,3529.07855,658,30215.2568,423,1255.664653,517,0.786016715,7562.311178,850,64746.97885,546,2690.70997,668,0.00629375,0.0098316,0,0.6,0.717,0.273,0.01,0.498,0.462,0.04,1,1,0.02,0.686,0.147,0.147,1,0.74,0.26,0.92,0.08,0.96,0.04,0.15,0.85,1,1,0,0.01,0.99,0.35,0.65
Xiangyang City,Largecities,4,湖北省,79.7164,70.17740683,2596.206347,132,14997.77337,85,406.0202784,104,0.258012021,4514.51437,159,26079.46148,102,706.0241508,125,0.573774025,8365.553784,415,48326.15865,267,1308.287564,326,5.939865193,4327.010578,159,24996.28896,102,676.700464,125,0.541173228,5048.179008,658,29162.33712,423,789.4838747,517,2.226168702,10817.52645,850,62490.72239,546,1691.75116,668,0.005782125,0.00626647,0.059370983,0.6,0.743,0.247,0.01,0.55187,0.39963,0.0485,1,1,0.02,0.471221579,0.466494402,0.042284019,1,0.74,0.26,0.92,0.08,0.96,0.04,0.15,0.85,1,1,0,0.01,0.99,0.35,0.65
Xiaogan City,Medium-small-cities,4,湖北省,31.4296,27.6686833,2619.584771,132,14973.46336,85,406.9518663,104,0.101725801,4555.166851,159,26037.18907,102,707.6440786,125,0.226220553,8440.884261,415,48247.82639,267,1311.289347,326,2.341896863,4365.974618,159,24955.77227,102,678.2531104,125,0.213367113,5093.637054,658,29115.06765,423,791.2952955,517,0.877706367,10914.93654,850,62389.43068,546,1695.632776,668,0.018260846,0.01256831,0,0.6,0.743,0.247,0.01,0.542,0.418,0.04,1,1,0.02,0.686,0.147,0.147,1,0.74,0.26,0.92,0.08,0.96,0.04,0.15,0.85,1,1,0,0.01,0.99,0.35,0.65
Xinzhou City,Medium-small-cities,4,山西省,40.2784,35.65484221,3799.965748,132,13284.46652,85,915.5677342,104,0.069441592,6607.718217,159,23100.21122,102,1592.07056,125,0.205478808,12244.33408,415,42805.50323,267,2950.162699,326,2.520957459,6333.276246,159,22140.77753,102,1525.946224,125,0.072287559,7388.822287,658,25830.90712,423,1780.270594,517,1.755392369,15833.19061,850,55351.94383,546,3814.865559,668,0.008408531,0.009384714,0.024776953,0.6,0.756,0.234,0.01,0.564,0.396,0.04,1,1,0.02,0.686,0.147,0.147,1,0.74,0.26,0.92,0.08,0.96,0.04,0.15,0.85,1,1,0,0.01,0.99,0.35,0.65
Xinxiang City,Medium-small-cities,4,河南省,105.0265,92.69938151,4945.34712,132,12697.04579,85,357.6070901,104,0.238796213,8599.409158,159,22078.75185,102,621.8389956,125,0.518155071,15935.00739,415,40912.7031,267,1152.289513,326,7.532221378,8242.245199,159,21161.74298,102,596.0118168,125,0.259077535,9615.952733,658,24688.70015,423,695.3471196,517,3.778868295,20605.613,850,52904.35746,546,1490.029542,668,0.006668535,0.004989392,0,0.6,0.756,0.234,0.01,0.564,0.396,0.04,1,1,0.02,0.686,0.147,0.147,1,0.74,0.26,0.92,0.08,0.96,0.04,0.15,0.85,1,1,0,0.01,0.99,0.35,0.65
Xinyu City,Medium-small-cities,4,江西省,19.2386,16.54142562,3059.04059,132,14468.63469,85,472.3247232,104,0.045038694,5319.331693,159,25159.34809,102,821.3202132,125,0.097476603,9856.908569,415,46621.15621,267,1521.935219,326,1.56059076,5098.400984,159,24114.39114,102,787.2078721,125,0.122891295,5948.134481,658,28133.45633,423,918.4091841,517,0.871177031,12746.00246,850,60285.97786,546,1968.01968,668,0.049001186,0.01448135,0,0.6,0.704,0.286,0.01,0.476,0.484,0.04,1,1,0.02,0.686,0.147,0.147,1,0.74,0.26,0.92,0.08,0.96,0.04,0.15,0.85,1,1,0,0.01,0.99,0.35,0.65
Xinyang City,Medium-small-cities,4,河南省,66.5127,58.70600422,2815.016403,132,14787.72741,85,397.2561885,104,0.151228318,4895.000746,159,25714.21488,102,690.7843722,125,0.328144733,9070.60841,415,47649.34387,267,1280.047718,326,4.770114027,4691.694005,159,24646.21235,102,662.0936475,125,0.164072366,5473.643006,658,28753.91441,423,772.4425887,517,2.393136335,11729.23501,850,61615.53087,546,1655.234119,668,0.0049673,0.01191724,0.011592333,0.6,0.743,0.247,0.01,0.542,0.418,0.04,1,1,0.02,0.686,0.147,0.147,1,0.74,0.26,0.92,0.08,0.96,0.04,0.15,0.85,1,1,0,0.01,0.99,0.35,0.65
Xingtai City,Medium-small-cities,4,河北省,141.2,122.27219,2427.314684,132,15108.35435,85,464.330962,104,0.189321128,4220.830534,159,26271.74952,102,807.4199506,125,0.580871643,7821.347315,415,48682.47514,267,1496.177544,326,11.57956863,4045.524473,159,25180.59059,102,773.8849366,125,0.380363357,4719.778552,658,29377.35569,423,902.8657594,517,6.19768529,10113.81118,850,62951.47647,546,1934.712342,668,0.007616746,0.009394233,0,0.6,0.756,0.234,0.01,0.564,0.396,0.04,1,1,0.02,0.686,0.147,0.147,1,0.74,0.26,0.92,0.08,0.96,0.04,0.15,0.85,1,1,0,0.01,0.99,0.35,0.65
Xuzhou City,Largecities,4,江苏省,151.4,140.1486352,3448.237052,132,13890.54183,85,661.2211215,104,0.314106234,5996.101096,159,24154.10884,102,1149.790061,125,0.916076915,11110.98606,415,44758.41255,267,2130.601391,326,5.137823742,5747.061753,159,23150.90304,102,1102.035202,125,0.889039923,6704.905379,658,27009.38689,423,1285.707736,517,3.994318009,14367.65438,850,57877.25761,546,2755.088006,668,0.004207781,0.006828437,0.061723567,0.6,0.73,0.26,0.01,0.530836842,0.420663158,0.0485,1,1,0.02,0.471221579,0.466494402,0.042284019,1,0.74,0.26,0.92,0.08,0.96,0.04,0.15,0.85,1,1,0,0.01,0.99,0.35,0.65
Xuchang City,Largecities,4,河南省,70.6631,62.36926552,4035.133247,132,13460.02595,85,504.8408025,104,0.160664982,7016.648368,159,23405.48957,102,877.8620621,125,0.348621001,13002.09602,415,43371.19473,267,1626.709252,326,5.067769682,6725.222078,159,22433.37658,102,841.4013375,125,0.174310501,7846.092424,658,26172.27268,423,981.6348937,517,2.542468312,16813.0552,850,56083.44146,546,2103.503344,668,0.004632363,0.00425109,0,0.6,0.73,0.26,0.01,0.530836842,0.420663158,0.0485,1,1,0.02,0.471221579,0.466494402,0.042284019,1,0.74,0.26,0.92,0.08,0.96,0.04,0.15,0.85,1,1,0,0.01,0.99,0.35,0.65
Xuancheng City,Medium-small-cities,4,安徽省,43.3812,37.15431851,5051.580699,132,12440.69408,85,507.7252199,104,0.11861184,8784.137549,159,21632.98471,102,882.8777434,125,0.272759211,16277.31559,415,40086.68093,267,1636.003486,326,3.695695225,8419.301165,159,20734.49014,102,846.2086998,125,0.152226531,9822.518026,658,24190.23849,423,987.2434831,517,1.987588687,21048.25291,850,51836.22534,546,2115.521749,668,0.020856031,0.008121764,0,0.6,0.717,0.273,0.01,0.498,0.462,0.04,1,1,0.02,0.686,0.147,0.147,1,0.74,0.26,0.92,0.08,0.96,0.04,0.15,0.85,1,1,0,0.01,0.99,0.35,0.65
Ya'an City,Medium-small-cities,4,四川省,32.12,28.77523309,2486.06063,132,14886.73481,85,627.2045593,104,0.059001527,4322.983206,159,25886.37775,102,1090.639039,125,0.207717703,8010.639807,415,47968.36772,267,2020.992469,326,2.146685679,4143.434383,159,24811.22468,102,1045.340932,125,0.168383352,4834.00678,658,28946.4288,423,1219.564421,517,0.762978645,10358.58596,850,62028.06171,546,2613.35233,668,0.009301525,0.021490854,0,0.6,0.717,0.273,0.01,0.498,0.462,0.04,1,1,0.02,0.686,0.147,0.147,1,0.74,0.26,0.92,0.08,0.96,0.04,0.15,0.85,1,1,0,0.01,0.99,0.35,0.65
Yantai City,Largecities,4,山东省,174.1372,153.1386086,3239.599538,132,14113.59176,85,646.8086992,104,0.300418678,5633.30364,159,24541.9679,102,1124.72846,125,0.991906061,10438.70962,415,45477.12901,267,2084.161364,326,12.76142586,5399.332563,159,23522.65294,102,1078.014499,125,0.598589836,6299.221323,658,27443.09509,423,1257.683582,517,6.346250936,13498.33141,850,58806.63235,546,2695.036247,668,0.00430076,0.006551397,0.083462078,0.6,0.756,0.234,0.01,0.572903158,0.378596842,0.0485,1,1,0.02,0.471221579,0.466494402,0.042284019,1,0.74,0.26,0.92,0.08,0.96,0.04,0.15,0.85,1,0.9,0.1,0.01,0.99,0.35,0.65
Yan'an City,Medium-small-cities,4,陕西省,37.3688,33.50968405,4153.316201,132,13017.98896,85,828.6948439,104,0.095740364,7222.155394,159,22636.83635,102,1441.008256,125,0.23768102,13382.90776,415,41946.8533,267,2670.238941,326,2.455851664,6922.193668,159,21696.64826,102,1381.158073,125,0.091843954,8075.892613,658,25312.7563,423,1611.351085,517,0.977998951,17305.48417,850,54241.62065,546,3452.895183,668,0.014203207,0.010087619,0.014461822,0.6,0.756,0.234,0.01,0.564,0.396,0.04,1,1,0.02,0.686,0.147,0.147,1,0.74,0.26,0.92,0.08,0.96,0.04,0.15,0.85,1,1,0,0.01,0.99,0.35,0.65
Yancheng City,Largecities,4,江苏省,136.38,126.2448538,2738.151701,132,14731.49986,85,530.3484372,104,0.282944572,4761.341568,159,25616.44143,102,922.2170048,125,0.825195309,8822.933258,415,47468.16622,267,1708.90052,326,4.628113619,4563.586168,159,24552.49977,102,883.9140621,125,0.800840586,5324.183863,658,28644.58307,423,1031.233072,517,3.598052114,11408.96542,850,61381.24943,546,2209.785155,668,0.00425411,0.007356837,2.39E-02,0.6,0.743,0.247,0.01,0.55187,0.39963,0.0485,1,1,0.02,0.471221579,0.466494402,0.042284019,1,0.74,0.26,0.92,0.08,0.96,0.04,0.15,0.85,1,0.9,0.1,0.01,0.99,0.35,0.65
Yangzhou City,Largecities,4,江苏省,82.73,76.58187971,4736.212373,132,12537.37217,85,726.4154598,104,0.171638103,8235.747071,159,21801.09716,102,1263.155772,125,0.500574922,15261.12876,415,40398.19921,267,2340.672037,326,2.807477927,7893.687288,159,20895.62028,102,1210.692433,125,0.48580101,9209.301836,658,24378.22366,423,1412.474505,517,2.182628328,19734.21822,850,52239.0507,546,3026.731083,668,0.006257126,0.007810262,1.67E-01,0.6,0.756,0.234,0.01,0.572903158,0.378596842,0.0485,1,1,0.02,0.471221579,0.466494402,0.042284019,1,0.74,0.26,0.92,0.08,0.96,0.04,0.15,0.85,1,1,0,0.01,0.99,0.35,0.65
Yangjiang City,Medium-small-cities,4,广东省,42.9027,38.08885444,3458.124968,132,13721.161,85,820.7140363,104,0.095114808,6013.295083,159,23859.5744,102,1427.130519,125,0.324019512,11142.84712,415,44212.62988,267,2644.523006,326,3.404147879,5763.541613,159,22868.60166,102,1367.856727,125,0.205958719,6724.131882,658,26680.03527,423,1595.832848,517,0.784604643,14408.85403,850,57171.50415,546,3419.641818,668,0.021282565,0.010648614,0,0.6,0.704,0.286,0.01,0.476,0.484,0.04,1,1,0.02,0.686,0.147,0.147,1,0.74,0.26,0.92,0.08,0.96,0.04,0.15,0.85,1,0.9,0.1,0.01,0.99,0.35,0.65
Yangquan City,Medium-small-cities,4,山西省,25.2758,22.37439076,3635.918082,132,13475.58201,85,888.4999125,104,0.043576502,6322.457553,159,23432.53982,102,1545.002626,125,0.128943584,11715.73604,415,43421.3198,267,2862.944162,326,1.581969903,6059.863469,159,22459.30334,102,1480.833187,125,0.045362424,7069.840714,658,26202.52057,423,1727.638719,517,1.101556826,15149.65867,850,56148.25836,546,3702.082969,668,0.017975239,0.011696993,0,0.6,0.743,0.247,0.01,0.542,0.418,0.04,1,1,0.02,0.686,0.147,0.147,1,0.74,0.26,0.92,0.08,0.96,0.04,0.15,0.85,1,1,0,0.01,0.99,0.35,0.65
Yichun City (Heilongjiang),Medium-small-cities,4,黑龙江省,8.5064,7.25321612,3562.86611,132,13971.92696,85,465.2069302,104,0.034810663,6195.42829,159,24295.62855,102,808.943162,125,0.084540182,11480.34635,415,45020.65354,267,1499.000108,326,0.723896032,5938.110183,159,23286.54493,102,775.3448837,125,0.069455562,6927.795213,658,27167.63576,423,904.569031,517,0.34048144,14845.27546,850,58216.36233,546,1938.362209,668,0.006642781,0.010975915,0.011063169,0.6,0.73,0.26,0.01,0.52,0.44,0.04,1,1,0.02,0.686,0.147,0.147,1,0.74,0.26,0.92,0.08,0.96,0.04,0.15,0.85,1,1,0,0.01,0.99,0.35,0.65
Yibin City,Medium-small-cities,4,四川省,79.81,71.49910813,1961.703767,132,15441.6759,85,596.6203312,104,0.146603731,3411.184884,159,26851.35865,102,1037.456465,125,0.516125463,6321.045472,415,49756.51124,267,1922.443289,326,5.333965879,3269.506279,159,25736.1265,102,994.3672187,125,0.418389643,3814.423992,658,30025.48092,423,1160.095088,517,1.89580715,8173.765697,850,64340.31626,546,2485.918047,668,0.007251943,0.015645892,0.043244146,0.6,0.73,0.26,0.01,0.52,0.44,0.04,1,1,0.02,0.686,0.147,0.147,1,0.74,0.26,0.92,0.08,0.96,0.04,0.15,0.85,1,1,0,0.01,0.99,0.35,0.65
Yichang City,Largecities,4,湖北省,69.3144,61.02012695,2650.214758,132,14927.54892,85,422.2363219,104,0.224344657,4608.428995,159,25957.34896,102,734.2220487,125,0.498903642,8539.580886,415,48099.87985,267,1360.53926,326,5.164786567,4417.024596,159,24879.2482,102,703.7272032,125,0.470556844,5153.195362,658,29025.78957,423,821.0150704,517,1.935681339,11042.56149,850,62198.1205,546,1759.318008,668,0.021604022,0.007979872,0.061946222,0.6,0.73,0.26,0.01,0.530836842,0.420663158,0.0485,1,1,0.02,0.471221579,0.466494402,0.042284019,1,0.74,0.26,0.92,0.08,0.96,0.04,0.15,0.85,1,1,0,0.01,0.99,0.35,0.65
Yichun City (Jiangxi),Medium-small-cities,4,江西省,78.1102,67.15946396,2819.31645,132,14670.63348,85,510.0500689,104,0.182860573,4902.478049,159,25510.60155,102,886.9203976,125,0.395762526,9084.464117,415,47272.04122,267,1643.494667,326,6.336118862,4698.86075,159,24451.0558,102,850.0834482,125,0.498948136,5482.004209,658,28526.23177,423,991.7640229,517,3.537045945,11747.15188,850,61127.6395,546,2125.208621,668,0.028713063,0.009998054,0.013072955,0.6,0.704,0.286,0.01,0.476,0.484,0.04,1,1,0.02,0.686,0.147,0.147,1,0.74,0.26,0.92,0.08,0.96,0.04,0.15,0.85,1,1,0,0.01,0.99,0.35,0.65
Yiyang City,Medium-small-cities,4,湖南省,45.4055,40.57955178,1690.919138,132,15830.53969,85,478.5411678,104,0.220504037,2940.320501,159,27527.54958,102,832.1299196,125,0.322637736,5448.517222,415,51009.51679,267,1541.965985,326,3.097531774,2818.198563,159,26384.23282,102,797.568613,125,0.258214942,3287.898324,658,30781.60496,423,930.4967152,517,0.927059729,7045.496408,850,65960.58206,546,1993.921533,668,0.015793419,0.012374544,0,0.6,0.717,0.273,0.01,0.498,0.462,0.04,1,1,0.02,0.686,0.147,0.147,1,0.74,0.26,0.92,0.08,0.96,0.04,0.15,0.85,1,1,0,0.01,0.99,0.35,0.65
Yinchuan City,Medium-small-cities,4,宁夏回族自治区,92.7,72.17623301,4598.461568,132,12675.79024,85,725.7481947,104,0.218841319,7996.213727,159,22041.7908,102,1261.995472,125,0.585548395,14817.26505,415,40844.21299,267,2338.521961,326,14.57956358,7664.102614,159,21126.31706,102,1209.580324,125,0.484999681,8941.453049,658,24647.36991,423,1411.177045,517,4.654814011,19160.25653,850,52815.79265,546,3023.950811,668,0.022947883,0.007482335,0.311294305,0.6,0.756,0.234,0.01,0.564,0.396,0.04,1,1,0.02,0.686,0.147,0.147,1,0.74,0.26,0.92,0.08,0.96,0.04,0.15,0.85,1,1,0,0.01,0.99,0.35,0.65
Yingtan City,Medium-small-cities,4,江西省,14.3315,12.32228131,2770.320803,132,14871.87562,85,357.803582,104,0.033550885,4817.280063,159,25860.53926,102,622.1806731,125,0.0726137,8926.589254,415,47920.48809,267,1152.922653,326,1.162538151,4617.201338,159,24786.45936,102,596.3393033,125,0.091545985,5386.734895,658,28917.53592,423,695.7291872,517,0.648969968,11543.00335,850,61966.1484,546,1490.848258,668,0.016204917,0.01116722,0,0.6,0.704,0.286,0.01,0.476,0.484,0.04,1,1,0.02,0.686,0.147,0.147,1,0.74,0.26,0.92,0.08,0.96,0.04,0.15,0.85,1,1,0,0.01,0.99,0.35,0.65
Yingkou City,Medium-small-cities,4,辽宁省,46.1484,40.18687171,3918.839761,132,13502.58247,85,578.5777716,104,0.216469549,6814.426918,159,23479.49062,102,1006.082458,125,0.403861098,12627.37256,415,43508.32128,267,1864.306153,326,3.342892932,6531.399602,159,22504.30411,102,964.296286,125,0.23908577,7619.966202,658,26255.02146,423,1125.012334,517,1.759218945,16328.49901,850,56260.76028,546,2410.740715,668,0.004563887,0.006598779,0.002230816,0.6,0.743,0.247,0.01,0.542,0.418,0.04,1,1,0.02,0.686,0.147,0.147,1,0.74,0.26,0.92,0.08,0.96,0.04,0.15,0.85,1,0.9,0.1,0.01,0.99,0.35,0.65
Yongzhou City,Medium-small-cities,4,湖南省,47.2512,42.22908056,1545.2617,132,16071.34508,85,383.3932205,104,0.229467363,2687.0384,159,27946.28339,102,666.6782112,125,0.335752722,4979.176588,415,51785.44526,267,1235.378155,326,3.22344415,2575.436166,159,26785.57513,102,638.9887008,125,0.268711188,3004.675527,658,31249.83766,423,745.4868176,517,0.964744022,6438.590415,850,66963.93783,546,1597.471752,668,0.01081055,0.013911367,0.001290132,0.6,0.704,0.286,0.01,0.476,0.484,0.04,1,1,0.02,0.686,0.147,0.147,1,0.74,0.26,0.92,0.08,0.96,0.04,0.15,0.85,1,1,0,0.01,0.99,0.35,0.65
Yulin City (Shaanxi),Largecities,4,陕西省,72.868,65.34284369,3313.347802,132,13986.50298,85,700.1492132,104,0.186690738,5761.543679,159,24320.97463,102,1217.481687,125,0.463470611,10676.34292,415,45067.62073,267,2256.036354,326,4.78883451,5522.246337,159,23310.83831,102,1166.915355,125,0.179092859,6442.620727,658,27195.97802,423,1361.401248,517,1.907067596,13805.61584,850,58277.09577,546,2917.288388,668,0.012214779,0.009894504,0.107881395,0.6,0.756,0.234,0.01,0.572903158,0.378596842,0.0485,1,1,0.02,0.471221579,0.466494402,0.042284019,1,0.74,0.26,0.92,0.08,0.96,0.04,0.15,0.85,1,1,0,0.01,0.99,0.35,0.65
Yulin City (Guangxi),Medium-small-cities,4,广西壮族自治区,66.94,58.07914915,3738.541098,132,13652.41565,85,609.043247,104,0.16469983,6500.907577,159,23740.03389,102,1059.058535,125,0.391286869,12046.41021,415,43991.11711,267,1962.472685,326,5.719575915,6230.901831,159,22754.02609,102,1015.072078,125,0.495097671,7269.385469,658,26546.36377,423,1184.250758,517,2.09019057,15577.25458,850,56885.06523,546,2537.680196,668,0.011880779,0.011408334,0,0.6,0.717,0.273,0.01,0.498,0.462,0.04,1,1,0.02,0.686,0.147,0.147,1,0.74,0.26,0.92,0.08,0.96,0.04,0.15,0.85,1,1,0,0.01,0.99,0.35,0.65
Yuxi City,Medium-small-cities,4,云南省,46.8,39.78595323,1701.652369,132,15835.10853,85,463.2391042,104,0.131097759,2958.984397,159,27535.49427,102,805.5213311,125,0.200129912,5483.102078,415,51024.23859,267,1492.659336,326,5.347775252,2836.087282,159,26391.84754,102,772.0651736,125,0.315394609,3308.768496,658,30790.4888,423,900.7427025,517,1.019649237,7090.218205,850,65979.61886,546,1930.162934,668,0.015168251,0.008607878,0,0.6,0.743,0.247,0.01,0.542,0.418,0.04,1,1,0.02,0.686,0.147,0.147,1,0.74,0.26,0.92,0.08,0.96,0.04,0.15,0.85,1,1,0,0.01,0.99,0.35,0.65
Yueyang City,Largecities,4,湖南省,64.0815,57.27056298,1611.315637,132,15964.05735,85,424.6270103,104,0.311200834,2801.898857,159,27759.72195,102,738.3791901,125,0.455343738,5192.017051,415,51439.74036,267,1368.242589,326,4.371595564,2685.526061,159,26606.76226,102,707.7116838,125,0.364422829,3133.113738,658,31041.22263,423,825.6636311,517,1.308374053,6713.815152,850,66516.90564,546,1769.279209,668,0.006847037,0.011851741,0.010619383,0.6,0.73,0.26,0.01,0.530836842,0.420663158,0.0485,1,1,0.02,0.471221579,0.466494402,0.042284019,1,0.74,0.26,0.92,0.08,0.96,0.04,0.15,0.85,1,1,0,0.01,0.99,0.35,0.65
Yunfu City,Medium-small-cities,4,广东省,35.9123,31.88280382,3037.773472,132,14171.0528,85,791.173725,104,0.079617169,5282.350537,159,24641.88626,102,1375.7632,125,0.271225026,9788.381186,415,45662.28126,267,2549.337558,326,2.84948919,5062.955786,159,23618.42134,102,1318.622875,125,0.172400602,5906.78175,658,27554.8249,423,1538.393354,517,0.656764197,12657.38946,850,59046.05335,546,3296.557188,668,0.005890478,0.012503099,0,0.6,0.717,0.273,0.01,0.498,0.462,0.04,1,1,0.02,0.686,0.147,0.147,1,0.74,0.26,0.92,0.08,0.96,0.04,0.15,0.85,1,1,0,0.01,0.99,0.35,0.65
Yuncheng City,Medium-small-cities,4,山西省,91.3089,80.8275508,4985.274767,132,12334.60743,85,680.1178019,104,0.157420239,8668.8389,159,21448.51181,102,1182.649289,125,0.465809068,16063.66314,415,39744.84617,267,2191.490695,326,5.714870811,8308.791278,159,20557.67905,102,1133.52967,125,0.163871888,9693.589824,658,23983.95889,423,1322.451281,517,3.979377192,20771.97819,850,51394.19763,546,2833.824174,668,0.003306506,0.004970393,0.040250177,0.6,0.756,0.234,0.01,0.564,0.396,0.04,1,1,0.02,0.686,0.147,0.147,1,0.74,0.26,0.92,0.08,0.96,0.04,0.15,0.85,1,1,0,0.01,0.99,0.35,0.65
Zaozhuang City,Medium-small-cities,4,山东省,83.1533,73.12613655,4080.476334,132,13232.03037,85,687.4932923,104,0.143454727,7095.494959,159,23009.03059,102,1195.474447,125,0.473651019,13148.20152,415,42636.54231,267,2215.256164,326,6.093785089,6800.79389,159,22053.38396,102,1145.822154,125,0.285836227,7934.259538,658,25728.94795,423,1336.792513,517,3.030436391,17001.98473,850,55133.45989,546,2864.555385,668,0.012551886,0.010023004,0,0.6,0.743,0.247,0.01,0.542,0.418,0.04,1,1,0.02,0.686,0.147,0.147,1,0.74,0.26,0.92,0.08,0.96,0.04,0.15,0.85,1,1,0,0.01,0.99,0.35,0.65
Zhanjiang City,Largecities,4,广东省,67.64,60.05053561,2404.206818,132,15068.14143,85,527.6517551,104,0.149957127,4180.648522,159,26201.8237,102,917.5277741,125,0.510846165,7746.888636,415,48552.90015,267,1700.211211,326,5.36694806,4007.011363,159,25113.56904,102,879.4195918,125,0.324712611,4674.846591,658,29299.16389,423,1025.989524,517,1.237000423,10017.52841,850,62783.92261,546,2198.54898,668,0.006345694,0.012983696,0.043348379,0.6,0.73,0.26,0.01,0.530836842,0.420663158,0.0485,1,1,0.02,0.471221579,0.466494402,0.042284019,1,0.74,0.26,0.92,0.08,0.96,0.04,0.15,0.85,1,0.9,0.1,0.01,0.99,0.35,0.65
Zhangjiajie City,Medium-small-cities,4,湖南省,16.9139,15.11619696,1899.966876,132,15776.0848,85,323.9483273,104,0.08213946,3303.831291,159,27432.85856,102,563.3101468,125,0.120185053,6122.115491,415,50834.05101,267,1043.833499,326,1.153854548,3166.611461,159,26293.47466,102,539.9138788,125,0.096187063,3694.380038,658,30675.72044,423,629.8995252,517,0.345336921,7916.528652,850,65733.68665,546,1349.784697,668,0.0159095,0.014324149,0.039604778,0.6,0.717,0.273,0.01,0.498,0.462,0.04,1,1,0.02,0.686,0.147,0.147,1,0.74,0.26,0.92,0.08,0.96,0.04,0.15,0.85,1,1,0,0.01,0.99,0.35,0.65
Zhangjiakou City,Medium-small-cities,4,河北省,64.41,55.77586229,4771.969154,132,12225.69943,85,1002.33142,104,0.086361005,8297.924139,159,21259.13289,102,1742.94297,125,0.264971264,15376.34505,415,39393.92037,267,3229.734577,326,5.282153083,7953.281923,159,20376.16571,102,1670.552367,125,0.173507109,9278.82891,658,23772.19333,423,1948.977762,517,2.827145251,19883.20481,850,50940.41428,546,4176.380918,668,0.016265141,0.012615729,0.004611097,0.6,0.756,0.234,0.01,0.564,0.396,0.04,1,1,0.02,0.686,0.147,0.147,1,0.74,0.26,0.92,0.08,0.96,0.04,0.15,0.85,1,1,0,0.01,0.99,0.35,0.65
Zhangye City,Medium-small-cities,4,甘肃省,20.5,16.73295221,3320.67416,132,14074.61154,85,604.7143004,104,0.064907652,5774.2834,159,24474.18562,102,1051.530978,125,0.143638229,10699.95007,415,45351.52607,267,1948.523857,326,2.754969217,5534.456933,159,23457.6859,102,1007.857167,125,0.155658165,6456.866421,658,27367.30022,423,1175.833362,517,0.647874524,13836.14233,850,58644.21475,546,2519.642918,668,0.059949328,0.011716724,0.010836043,0.6,0.756,0.234,0.01,0.564,0.396,0.04,1,1,0.02,0.686,0.147,0.147,1,0.74,0.26,0.92,0.08,0.96,0.04,0.15,0.85,1,1,0,0.01,0.99,0.35,0.65
Zhangzhou City,Largecities,4,福建省,60.88,53.23574955,4387.107018,132,12762.62305,85,850.269927,104,0.198540292,7628.691648,159,22192.78342,102,1478.524929,125,0.319820562,14136.23372,415,41124.00762,267,2739.758654,326,5.678611714,7311.84503,159,21271.03842,102,1417.116545,125,0.180572845,8530.485869,658,24816.2115,423,1653.302636,517,1.266705033,18279.61258,850,53177.59606,546,3542.791362,668,0.002680987,0.003431967,0,0.6,0.704,0.286,0.01,0.488770526,0.462729474,0.0485,1,1,0.02,0.471221579,0.466494402,0.042284019,1,0.74,0.26,0.92,0.08,0.96,0.04,0.15,0.85,1,0.9,0.1,0.01,0.99,0.35,0.65
Changchun City,Largecities,4,吉林省,181.7334,160.7398775,5201.91525,132,11970.05633,85,828.0284219,104,0.542342782,9045.552628,159,20814.59795,102,1439.849423,125,1.461087644,16761.72692,415,38570.1815,267,2668.091582,326,12.06915057,8669.858749,159,19950.09388,102,1380.04737,125,0.740662158,10114.83521,658,23275.10953,423,1610.055265,517,6.180279315,21674.64687,850,49875.2347,546,3450.118425,668,0.006015656,0.006507714,0.134605582,0.6,0.73,0.26,0.01,0.530836842,0.420663158,0.0485,1,1,0.02,0.471221579,0.466494402,0.042284019,1,0.74,0.26,0.92,0.08,0.96,0.04,0.15,0.85,1,1,0,0.01,0.99,0.35,0.65
Changsha City,Extra-large-cities,4,湖南省,263.0833,235.1213486,2429.706263,132,14802.14299,85,768.1507482,104,1.277619007,4224.989223,159,25739.28198,102,1335.728801,125,1.86939028,7829.053513,415,47695.79408,267,2475.152411,326,17.94736058,4049.510438,159,24670.23832,102,1280.251247,125,1.496119169,4724.428844,658,28781.9447,423,1493.626455,517,5.371462332,10123.77609,850,61675.59579,546,3200.628117,668,0.005492836,0.009207634,0.33873476,0.6,0.721867969,0.242632031,0.0355,0.518615057,0.371884943,0.1095,1,1,0.02,0.014,0.9358125,0.0301875,1,0.74,0.26,0.92,0.08,0.96,0.04,0.15,0.85,1,1,0,0.01,0.99,0.35,0.65
Changzhi City,Medium-small-cities,4,山西省,60.5,53.55520462,4969.782267,132,12460.96531,85,569.2524216,104,0.104304449,8641.899164,159,21668.23413,102,989.8667108,125,0.308638573,16013.74286,415,40151.99934,267,1834.257803,326,3.786593466,8282.970445,159,20768.27552,102,948.7540359,125,0.108579221,9663.465519,658,24229.65477,423,1106.879709,517,2.636679668,20707.42611,850,51920.6888,546,2371.88509,668,0.010614705,0.012358122,0.021210024,0.6,0.756,0.234,0.01,0.564,0.396,0.04,1,1,0.02,0.686,0.147,0.147,1,0.74,0.26,0.92,0.08,0.96,0.04,0.15,0.85,1,1,0,0.01,0.99,0.35,0.65
Zhaotong City,Medium-small-cities,4,云南省,38.37,32.61938089,1864.623244,132,15739.4636,85,395.9131545,104,0.107483355,3242.372641,159,27369.17837,102,688.4489854,125,0.16408087,6008.230453,415,50716.04938,267,1275.720165,326,4.384490094,3107.705407,159,26232.43934,102,659.8552576,125,0.258583144,3625.656308,658,30604.51256,423,769.8311338,517,0.83598165,7769.263516,850,65581.09834,546,1649.638144,668,0.016128115,0.01955314,0.012201058,0.6,0.73,0.26,0.01,0.52,0.44,0.04,1,1,0.02,0.686,0.147,0.147,1,0.74,0.26,0.92,0.08,0.96,0.04,0.15,0.85,1,1,0,0.01,0.99,0.35,0.65
Zhaoqing City,Medium-small-cities,4,广东省,60.1702,53.41887549,3328.261036,132,14017.82031,85,653.9186522,104,0.133396663,5787.476135,159,24375.43199,102,1137.091879,125,0.454431046,10724.39667,415,45168.53211,267,2107.071213,326,4.774251008,5547.101727,159,23363.03385,102,1089.86442,125,0.288853086,6471.618682,658,27256.87283,423,1271.50849,517,1.100392709,13867.75432,850,58407.58463,546,2724.661051,668,0.005968821,0.010522066,0,0.6,0.717,0.273,0.01,0.498,0.462,0.04,1,1,0.02,0.686,0.147,0.147,1,0.74,0.26,0.92,0.08,0.96,0.04,0.15,0.85,1,1,0,0.01,0.99,0.35,0.65
Zhenjiang City,Largecities,4,江苏省,64.75,59.93807218,4499.334649,132,12825.6681,85,674.997256,104,0.134335394,7823.843028,159,22302.41174,102,1173.745229,125,0.391783225,14497.85609,415,41327.15275,267,2174.991158,326,2.197318938,7498.891081,159,21376.11349,102,1124.995427,125,0.380220178,8748.706261,658,24938.79907,423,1312.494665,517,1.708270086,18747.2277,850,53440.28373,546,2812.488567,668,0.006677096,0.007461803,0,0.6,0.743,0.247,0.01,0.55187,0.39963,0.0485,1,1,0.02,0.471221579,0.466494402,0.042284019,1,0.74,0.26,0.92,0.08,0.96,0.04,0.15,0.85,1,1,0,0.01,0.99,0.35,0.65
Zhengzhou City,Extra-large-cities,4,河南省,379.4752,334.9356242,5412.887828,132,11765.67585,85,821.4363202,104,0.862803586,9412.410501,159,20459.20301,102,1428.38649,125,1.872165588,17441.52745,415,37911.62219,267,2646.850365,326,27.21495255,9021.479714,159,19609.45975,102,1369.060534,125,0.936082794,10525.05967,658,22877.70304,423,1597.237289,517,13.65357126,22553.69928,850,49023.64938,546,3422.651334,668,0.006440089,0.003364908,0.236827883,0.6,0.744975781,0.219524219,0.0355,0.55403267,0.33646733,0.1095,1,1,0.02,0.014,0.9358125,0.0301875,1,0.74,0.26,0.92,0.08,0.96,0.04,0.15,0.85,1,1,0,0.01,0.99,0.35,0.65
Zhongshan City,Largecities,4,广东省,120.6398,107.1035572,5391.278793,132,11864.47092,85,744.250289,104,0.267457093,9374.83479,159,20630.99665,102,1294.168558,125,0.911123288,17371.89833,415,38229.96185,267,2398.13982,326,9.57225814,8985.464655,159,19774.1182,102,1240.417148,125,0.579143472,10483.0421,658,23069.80456,423,1447.15334,517,2.206260846,22463.66164,850,49435.29549,546,3101.042871,668,0.031809726,0.007735452,0,0.6,0.717,0.273,0.01,0.509803684,0.441696316,0.0485,1,1,0.02,0.471221579,0.466494402,0.042284019,1,0.74,0.26,0.92,0.08,0.96,0.04,0.15,0.85,1,0.9,0.1,0.01,0.99,0.35,0.65
Zhongwei City,Medium-small-cities,4,宁夏回族自治区,15.42,12.00601416,3272.570215,132,14269.70006,85,457.7297281,104,0.036402731,5690.635985,159,24813.42288,102,795.9411383,125,0.097401901,10544.94847,415,45980.14463,267,1474.906902,326,2.425208958,5454.283691,159,23782.83343,102,762.8828801,125,0.080676322,6363.330973,658,27746.639,423,890.0300268,517,0.774295923,13635.70923,850,59457.08357,546,1907.2072,668,0.01854048,0.009575001,0.309527181,0.6,0.756,0.234,0.01,0.564,0.396,0.04,1,1,0.02,0.686,0.147,0.147,1,0.74,0.26,0.92,0.08,0.96,0.04,0.15,0.85,1,1,0,0.01,0.99,0.35,0.65
Chongqing,Megacities,4,重庆市,459.5,411.9610346,1593.296,132,16072.80072,85,333.9032843,104,1.089976279,2770.56471,159,27948.81458,102,580.620711,125,3.119932102,5133.953777,415,51790.13564,267,1075.910583,326,29.06936737,2655.493333,159,26788.00119,102,556.5054738,125,2.489945812,3098.075555,658,31252.66806,423,649.2563861,517,11.76974386,6638.733332,850,66970.00298,546,1391.263685,668,0.010433159,0.010071926,0.541779137,0.6,0.532462687,0.181037313,0.2865,0.432631579,0.183868421,0.3835,1,1,0.02,0.121363934,0.519066128,0.339569937,1,0.74,0.26,0.92,0.08,0.96,0.04,0.15,0.85,1,1,0,0.01,0.99,0.35,0.65
Zhoushan City,Medium-small-cities,4,浙江省,19.5935,17.72169346,7227.937706,132,10376.59273,85,395.4695611,104,0.037866866,12568.58057,159,18043.74181,102,687.6776257,125,0.088750468,23290.0215,415,33435.68769,267,1274.290808,326,1.393145681,12046.56284,159,17294.32122,102,659.1159352,125,0.046268577,14054.32332,658,20176.70809,423,768.9685911,517,0.305774946,30116.40711,850,43235.80305,546,1647.789838,668,0.031243492,0.008605271,0.0233144,0.6,0.717,0.273,0.01,0.498,0.462,0.04,1,1,0.02,0.686,0.147,0.147,1,0.74,0.26,0.92,0.08,0.96,0.04,0.15,0.85,1,0.9,0.1,0.01,0.99,0.35,0.65
Zhoukou City,Largecities,4,河南省,98.4355,86.8819771,2382.727348,132,15233.13088,85,384.1417755,104,0.223810416,4143.298111,159,26488.72202,102,667.9798652,125,0.485637944,7677.677011,415,49084.53282,267,1237.790166,326,7.05953238,3971.212247,159,25388.55146,102,640.2362925,125,0.242818972,4633.080955,658,29619.9767,423,746.9423413,517,3.541723185,9928.030618,850,63471.37865,546,1600.590731,668,0.004947593,0.008585047,0,0.6,0.743,0.247,0.01,0.55187,0.39963,0.0485,1,1,0.02,0.471221579,0.466494402,0.042284019,1,0.74,0.26,0.92,0.08,0.96,0.04,0.15,0.85,1,1,0,0.01,0.99,0.35,0.65
Zhuhai City,Largecities,4,广东省,68.8579,61.13178262,11130.47519,132,4803.378388,85,2066.146424,104,0.152657197,19354.65963,159,8352.541307,102,3592.79906,125,0.520044266,35864.8645,415,15477.55258,267,6657.582922,326,5.463583277,18550.79198,159,8005.630646,102,3443.577374,125,0.330559262,21642.59064,658,9339.90242,423,4017.506936,517,1.25927338,46376.97995,850,20014.07662,546,8608.943434,668,0.016572069,0.009851605,0.066136743,0.6,0.717,0.273,0.01,0.509803684,0.441696316,0.0485,1,1,0.02,0.471221579,0.466494402,0.042284019,1,0.74,0.26,0.92,0.08,0.96,0.04,0.15,0.85,1,0.9,0.1,0.01,0.99,0.35,0.65
Zhuzhou City,Largecities,4,湖南省,54.8513,49.0213998,1717.675823,132,15649.35999,85,632.9641881,104,0.266375948,2986.847404,159,27212.4982,102,1100.654394,125,0.389756731,5534.733209,415,50425.71552,267,2039.551273,326,3.74191771,2862.793039,159,26082.26665,102,1054.940314,125,0.311931929,3339.925212,658,30429.31109,423,1230.763699,517,1.119917881,7156.982597,850,65205.66662,546,2637.350784,668,0.015068016,0.009312245,0,0.6,0.704,0.286,0.01,0.488770526,0.462729474,0.0485,1,1,0.02,0.471221579,0.466494402,0.042284019,1,0.74,0.26,0.92,0.08,0.96,0.04,0.15,0.85,1,1,0,0.01,0.99,0.35,0.65
Zhumadian City,Medium-small-cities,4,河南省,74.3745,65.64505291,2644.310717,132,14872.80077,85,482.8885112,104,0.169103502,4598.162525,159,25862.14801,102,839.6894667,125,0.366931435,8520.556755,415,47923.46915,267,1555.974092,326,5.333941423,4407.184528,159,24788.00129,102,804.8141853,125,0.183465717,5141.715283,658,28919.33483,423,938.9498829,517,2.676005008,11017.96132,850,61970.00322,546,2012.035463,668,0.005048696,0.008964782,0,0.6,0.756,0.234,0.01,0.564,0.396,0.04,1,1,0.02,0.686,0.147,0.147,1,0.74,0.26,0.92,0.08,0.96,0.04,0.15,0.85,1,1,0,0.01,0.99,0.35,0.65
Ziyang City,Medium-small-cities,4,四川省,32.24,28.88273708,2451.733681,132,15002.46158,85,545.8047387,104,0.059221956,4263.292457,159,26087.61375,102,949.0937955,125,0.208493734,7900.030751,415,48341.26509,267,1758.704158,326,2.154705675,4086.222802,159,25004.10263,102,909.6745644,125,0.169012431,4767.259936,658,29171.45307,423,1061.286992,517,0.765829125,10215.55701,850,62510.25658,546,2274.186411,668,0.016172101,0.024391745,0.00E+00,0.6,0.73,0.26,0.01,0.52,0.44,0.04,1,1,0.02,0.686,0.147,0.147,1,0.74,0.26,0.92,0.08,0.96,0.04,0.15,0.85,1,1,0,0.01,0.99,0.35,0.65
Zibo City,Largecities,4,山东省,112.4472,98.88758837,4173.018946,132,13177.58512,85,649.39593,104,0.193992089,7256.416279,159,22914.35635,102,1129.227367,125,0.640512534,13446.39438,415,42461.10762,267,2092.497997,326,8.240551735,6955.031577,159,21962.64187,102,1082.32655,125,0.386532866,8114.203507,658,25623.08219,423,1262.714308,517,4.098022411,17387.57894,850,54906.60468,546,2705.816375,668,0.016296774,0.006250482,0,0.6,0.743,0.247,0.01,0.55187,0.39963,0.0485,1,1,0.02,0.471221579,0.466494402,0.042284019,1,0.74,0.26,0.92,0.08,0.96,0.04,0.15,0.85,1,1,0,0.01,0.99,0.35,0.65
Zigong City,Medium-small-cities,4,四川省,44.04,39.45396219,1696.42048,132,15661.98459,85,641.5949252,104,0.080897485,2949.886724,159,27234.45099,102,1115.662287,125,0.284803476,5466.24377,415,50466.3948,267,2067.361426,326,2.943338646,2827.367467,159,26103.30766,102,1069.324875,125,0.230871819,3298.595378,658,30453.85893,423,1247.545688,517,1.046126386,7068.418668,850,65258.26914,546,2673.312188,668,0.005373992,0.01909186,0,0.6,0.73,0.26,0.01,0.52,0.44,0.04,1,1,0.02,0.686,0.147,0.147,1,0.74,0.26,0.92,0.08,0.96,0.04,0.15,0.85,1,1,0,0.01,0.99,0.35,0.65
Zunyi City,Largecities,4,贵州省,94.97,82.22688574,1475.806452,132,15940.35301,85,583.8405356,104,0.338884001,2566.263441,159,27718.50274,102,1015.23382,125,0.55763452,4755.376344,415,51363.35971,267,1881.263948,326,9.660883586,2459.677419,159,26567.25502,102,973.0675593,125,0.525359853,2869.623656,658,30995.13086,423,1135.245486,517,1.660352301,6149.193548,850,66418.13755,546,2432.668898,668,0.028189345,0.01716457,0.052383045,0.6,0.73,0.26,0.01,0.530836842,0.420663158,0.0485,1,1,0.02,0.471221579,0.466494402,0.042284019,1,0.74,0.26,0.92,0.08,0.96,0.04,0.15,0.85,1,1,0,0.01,0.99,0.35,0.65
Altay Prefecture,Medium-small-cities,5,新疆维吾尔族自治区,12.0824,10.00871362,2460.359096,132,15298.20249,85,241.4384086,104,0.062001128,4278.291096,159,26601.87434,102,419.8345661,125,0.084064592,7927.823755,415,49294.20804,267,777.9682056,326,1.360952688,4100.598494,159,25497.00416,102,402.3973477,125,0.080433896,4784.031576,658,29746.50485,423,469.4635723,517,0.486234071,10251.49624,850,63742.5104,546,1005.993369,668,0.048714512,0.041802885,0.884285519,0.6,0.743,0.247,0.01,0.542,0.418,0.04,1,1,0.02,0.686,0.147,0.147,1,0.74,0.26,0.92,0.08,0.96,0.04,0.15,0.85,1,1,0,0.01,0.99,0.35,0.65
Ankang City,Medium-small-cities,5,陕西省,19.7762,17.73389067,1317.038723,132,16312.21311,85,370.7481659,104,0.050667417,2290.184001,159,28365.12613,102,644.6898662,125,0.125784809,4243.791439,415,52561.57558,267,1194.632979,326,1.299678172,2195.064538,159,27187.02185,102,617.9136098,125,0.048605371,2560.908627,658,31718.19216,423,720.8992114,517,0.51757356,5487.661344,850,67967.55463,546,1544.784024,668,0.021434482,0.037081856,1.642299185,0.6,0.73,0.26,0.01,0.52,0.44,0.04,1,1,0.02,0.686,0.147,0.147,1,0.74,0.26,0.92,0.08,0.96,0.04,0.15,0.85,1,1,0,0.01,0.99,0.35,0.65
Anqing City,Medium-small-cities,5,安徽省,57.3094,49.08328264,2113.94044,132,15563.22831,85,322.8312473,104,0.156693991,3675.907543,159,27062.72479,102,561.3676689,125,0.360332741,6811.585863,415,50148.18012,267,1040.234019,326,4.882254892,3523.234067,159,25938.71385,102,538.0520788,125,0.201101196,4110.439745,658,30261.83283,423,627.7274253,517,2.625734537,8808.085168,850,64846.78464,546,1345.130197,668,0.009143739,0.017489101,0.042341854,0.6,0.73,0.26,0.01,0.52,0.44,0.04,1,1,0.02,0.686,0.147,0.147,1,0.74,0.26,0.92,0.08,0.96,0.04,0.15,0.85,1,1,0,0.01,0.99,0.35,0.65
Anshun City,Medium-small-cities,5,贵州省,30.0547,26.0219478,3141.108703,132,14264.95395,85,593.9373451,104,0.107244993,5462.039023,159,24805.16993,102,1032.79105,125,0.17647192,10121.35027,415,45964.85162,267,1913.798112,326,3.057333452,5235.181172,159,23774.92325,102,989.8955751,125,0.166258111,6107.711368,658,27737.41046,423,1154.878171,517,0.525443722,13087.95293,850,59437.30813,546,2474.738938,668,0.037696023,0.040212871,0.1030781,0.6,0.717,0.273,0.01,0.498,0.462,0.04,1,1,0.02,0.686,0.147,0.147,1,0.74,0.26,0.92,0.08,0.96,0.04,0.15,0.85,1,1,0,0.01,0.99,0.35,0.65
Anyang City,Medium-small-cities,5,河南省,86.4084,76.26651595,4263.814068,132,13333.0768,85,403.1091273,104,0.19646469,7414.298907,159,23184.73911,102,700.9619825,125,0.426301463,13738.95644,415,42962.13637,267,1298.907188,326,6.19698074,7106.35678,159,22221.79467,102,671.8485455,125,0.213150732,8290.749577,658,25925.42712,423,783.8233031,517,3.108986429,17765.89195,850,55554.48669,546,1679.621364,668,0.01678273,0.011856402,0,0.6,0.756,0.234,0.01,0.564,0.396,0.04,1,1,0.02,0.686,0.147,0.147,1,0.74,0.26,0.92,0.08,0.96,0.04,0.15,0.85,1,1,0,0.01,0.99,0.35,0.65
Anshan City,Medium-small-cities,5,辽宁省,62.1968,54.16211227,3665.491148,132,13672.35752,85,662.1513331,104,0.291748213,6373.881829,159,23774.71058,102,1151.407596,125,0.544306367,11811.02703,415,44055.37423,267,2133.59874,326,4.505405239,6109.151913,159,22787.26253,102,1103.585555,125,0.32222937,7127.343898,658,26585.13962,423,1287.516481,517,2.370998537,15272.87978,850,56968.15633,546,2758.963888,668,0.021375474,0.024446125,0.011475405,0.6,0.743,0.247,0.01,0.542,0.418,0.04,1,1,0.02,0.686,0.147,0.147,1,0.74,0.26,0.92,0.08,0.96,0.04,0.15,0.85,1,1,0,0.01,0.99,0.35,0.65
Bayannur City,Medium-small-cities,5,内蒙古自治区,36.9,32.35197114,3806.314879,132,13893.16609,85,300.5190311,104,0.077815539,6618.758651,159,24158.67215,102,522.5692042,125,0.195503503,12264.79239,415,44766.86851,267,968.3391003,326,2.855380111,6343.858131,159,23155.27682,102,500.8650519,125,0.094536233,7401.16782,658,27014.48962,423,584.3425606,517,1.324793475,15859.64533,850,57888.19204,546,1252.16263,668,0.040756323,0.015787294,0.016490015,0.6,0.756,0.234,0.01,0.564,0.396,0.04,1,1,0.02,0.686,0.147,0.147,1,0.74,0.26,0.92,0.08,0.96,0.04,0.15,0.85,1,1,0,0.01,0.99,0.35,0.65
Bazhong City,Medium-small-cities,5,四川省,44.98,40.29607673,1257.48176,132,16396.60081,85,345.9174294,104,0.08262418,2186.62106,159,28511.86697,102,601.5119744,125,0.290882387,4051.885671,415,52833.4915,267,1114.622828,326,3.00616195,2095.802933,159,27327.66802,102,576.529049,125,0.235799601,2445.103422,658,31882.27935,423,672.6172238,517,1.068455151,5239.507333,850,68319.17004,546,1441.322622,668,0.051824362,0.046308146,0.030302549,0.6,0.717,0.273,0.01,0.498,0.462,0.04,1,1,0.02,0.686,0.147,0.147,1,0.74,0.26,0.92,0.08,0.96,0.04,0.15,0.85,1,1,0,0.01,0.99,0.35,0.65
Baicheng City,Medium-small-cities,5,吉林省,28.6851,25.37144774,4294.273734,132,13224.05883,85,481.6674325,104,0.08560428,7467.264882,159,22995.16897,102,837.5661465,125,0.230620487,13837.10425,415,42610.85624,267,1552.039505,326,1.905014659,7157.12289,159,22040.09806,102,802.7790541,125,0.116907338,8349.976705,658,25713.44773,423,936.5755632,517,0.975505494,17892.80722,850,55100.24514,546,2006.947635,668,0.014468517,0.015015097,0.009363736,0.6,0.756,0.234,0.01,0.564,0.396,0.04,1,1,0.02,0.686,0.147,0.147,1,0.74,0.26,0.92,0.08,0.96,0.04,0.15,0.85,1,1,0,0.01,0.99,0.35,0.65
Baishan City,Medium-small-cities,5,吉林省,14.5408,12.86107238,3177.732782,132,14210.43718,85,611.8300352,104,0.043393773,5525.724226,159,24710.37132,102,1063.90445,125,0.11690412,10239.36119,415,45789.18648,267,1971.452336,326,0.965673369,5296.221303,159,23684.06197,102,1019.716725,125,0.059261645,6178.924853,658,27631.40563,423,1189.669513,517,0.494494713,13240.55326,850,59210.15493,546,2549.291813,668,0.016248493,0.027107771,0.013008329,0.6,0.73,0.26,0.01,0.52,0.44,0.04,1,1,0.02,0.686,0.147,0.147,1,0.74,0.26,0.92,0.08,0.96,0.04,0.15,0.85,1,1,0,0.01,0.99,0.35,0.65
Baiyin City,Medium-small-cities,5,甘肃省,24.79,20.23462855,3825.158211,132,13622.1745,85,552.6672892,104,0.078490765,6651.525112,159,23687.44788,102,961.0270084,125,0.173697156,12325.50979,415,43893.67339,267,1780.816821,326,3.331496922,6375.263686,159,22703.62417,102,921.1121486,125,0.188232483,7437.807633,658,26487.56153,423,1074.63084,517,0.783454119,15938.15921,850,56759.06041,546,2302.780372,668,0.012751857,0.020496306,0,0.6,0.756,0.234,0.01,0.564,0.396,0.04,1,1,0.02,0.686,0.147,0.147,1,0.74,0.26,0.92,0.08,0.96,0.04,0.15,0.85,1,1,0,0.01,0.99,0.35,0.65
Baise City,Medium-small-cities,5,广西壮族自治区,39.4785,34.25272915,3273.166965,132,13885.34089,85,841.492145,104,0.097133287,5691.673667,159,24145.06499,102,1463.261341,125,0.230765143,10546.87133,415,44741.65398,267,2711.474689,326,3.373174152,5455.278275,159,23142.23482,102,1402.486908,125,0.291988548,6364.49132,658,26999.27395,423,1636.234726,517,1.232709716,13638.19569,850,57855.58704,546,3506.217271,668,0.04406124,0.038777679,0.017001789,0.6,0.73,0.26,0.01,0.52,0.44,0.04,1,1,0.02,0.686,0.147,0.147,1,0.74,0.26,0.92,0.08,0.96,0.04,0.15,0.85,1,1,0,0.01,0.99,0.35,0.65
Bengbu City,Medium-small-cities,5,安徽省,44.0785,37.75152896,4054.276663,132,13594.08659,85,351.6367476,104,0.120518381,7049.936642,159,23638.60612,102,611.4572334,125,0.277143483,13063.78036,415,43803.1679,267,1133.051742,326,3.755099028,6757.127772,159,22656.81098,102,586.061246,125,0.154673388,7883.315734,658,26432.94615,423,683.7381204,517,2.019536756,16892.81943,850,56642.02746,546,1465.153115,668,0.007122217,0.014977918,0,0.6,0.743,0.247,0.01,0.542,0.418,0.04,1,1,0.02,0.686,0.147,0.147,1,0.74,0.26,0.92,0.08,0.96,0.04,0.15,0.85,1,1,0,0.01,0.99,0.35,0.65
Baotou City,Medium-small-cities,5,内蒙古自治区,72.6,63.65184566,5064.302822,132,12057.65608,85,878.0411011,104,0.153100491,8806.259907,159,20966.92418,102,1526.815915,125,0.384649169,16318.30909,415,38852.44736,267,2829.243548,326,5.617902332,8440.504703,159,20096.09346,102,1463.401835,125,0.185998118,9847.255487,658,23445.44237,423,1707.302141,517,2.606504235,21101.26176,850,50240.23365,546,3658.504588,668,0.031140645,0.014270158,0.052865006,0.6,0.756,0.234,0.01,0.564,0.396,0.04,1,1,0.02,0.686,0.147,0.147,1,0.74,0.26,0.92,0.08,0.96,0.04,0.15,0.85,1,1,0,0.01,0.99,0.35,0.65
Baoji City,Medium-small-cities,5,陕西省,39.2303,35.17894495,2889.019585,132,14780.68576,85,330.2946539,104,0.100509602,5023.684056,159,25701.97024,102,574.3457037,125,0.24952093,9309.063107,415,47626.65412,267,1064.282774,326,2.578188155,4815.032641,159,24634.47627,102,550.4910898,125,0.096419095,5617.538082,658,28740.22231,423,642.2396048,517,1.026717268,12037.5816,850,61586.19067,546,1376.227725,668,0.028196437,0.024011014,0,0.6,0.743,0.247,0.01,0.542,0.418,0.04,1,1,0.02,0.686,0.147,0.147,1,0.74,0.26,0.92,0.08,0.96,0.04,0.15,0.85,1,1,0,0.01,0.99,0.35,0.65
Baoding City,Largecities,5,河北省,238,206.0961842,3178.423926,132,14255.61087,85,565.9652035,104,0.319110683,5526.926049,159,24788.92335,102,984.1506039,125,0.979089596,10241.58821,415,45934.74614,267,1823.665656,326,19.51796978,5297.37321,159,23759.35145,102,943.2753392,125,0.641122372,6180.268745,658,27719.24336,423,1100.487896,517,10.44652336,13243.43303,850,59398.37863,546,2358.188348,668,0.019774958,0.018183124,0,0.6,0.756,0.234,0.01,0.572903158,0.378596842,0.0485,1,1,0.02,0.471221579,0.466494402,0.042284019,1,0.74,0.26,0.92,0.08,0.96,0.04,0.15,0.85,1,1,0,0.01,0.99,0.35,0.65
Baoshan City,Medium-small-cities,5,云南省,28.66,24.36464572,1590.987868,132,15977.2617,85,431.7504333,104,0.080283371,2766.551127,159,27782.68284,102,750.7660312,125,0.12255819,5126.516464,415,51482.28769,267,1391.195841,326,3.274940998,2651.646447,159,26628.7695,102,719.5840555,125,0.193145502,3093.587522,658,31066.89775,423,839.5147314,517,0.624426221,6629.116118,850,66571.92374,546,1798.960139,668,0.036893619,0.026866735,0.522331817,0.6,0.73,0.26,0.01,0.52,0.44,0.04,1,1,0.02,0.686,0.147,0.147,1,0.74,0.26,0.92,0.08,0.96,0.04,0.15,0.85,1,1,0,0.01,0.99,0.35,0.65
Beihai City,Medium-small-cities,5,广西壮族自治区,30.3548,26.33673374,2599.601594,132,14348.60558,85,1051.792829,104,0.074685246,4520.418327,159,24950.63081,102,1828.950863,125,0.17743404,8376.494024,415,46234.39575,267,3389.110226,326,2.593614924,4332.669323,159,23914.34263,102,1752.988048,125,0.224508377,5054.780876,658,27900.0664,423,2045.152722,517,0.947823674,10831.67331,850,59785.85657,546,4382.47012,668,0.040071814,0.020802038,0.137868279,0.6,0.73,0.26,0.01,0.52,0.44,0.04,1,1,0.02,0.686,0.147,0.147,1,0.74,0.26,0.92,0.08,0.96,0.04,0.15,0.85,1,0.9,0.1,0.01,0.99,0.35,0.65
Beijing,Megacities,5,北京市,584.25,522.7,7707.502459,132,9352.499329,85,939.9982116,104,7.66,13402.49039,159,16262.95717,102,1634.552446,125,6.31,24835.2857,415,30135.83117,267,3028.883126,326,39.4,12845.83743,159,15587.49888,102,1566.663686,125,1.87,14986.81034,658,18185.41536,423,1827.7743,517,6.31,32114.59358,850,38968.74721,546,3916.659215,668,0.0158013,0.019940405,5.025049311,0.6,0.541514552,0.171985448,0.2865,0.441825,0.174675,0.3835,1,1,0.02,0.121363934,0.519066128,0.339569937,1,0.74,0.26,0.92,0.08,0.96,0.04,0.15,0.85,1,1,0,0.01,0.99,0.35,0.65
Benxi City,Medium-small-cities,5,辽宁省,15.1086,13.15684552,8159.6766,132,9840.3234,85,0,104,0.070870319,14188.77098,159,17111.22902,102,0,125,0.132220744,26292.29127,415,31707.70873,267,0,326,1.094435173,13599.461,159,16400.539,102,0,125,0.078274681,15866.03783,658,19133.96217,423,0,517,0.575953562,33998.6525,850,41001.3475,546,0,668,0.022489178,0.034101172,0,0.6,0.73,0.26,0.01,0.52,0.44,0.04,1,1,0.02,0.686,0.147,0.147,1,0.74,0.26,0.92,0.08,0.96,0.04,0.15,0.85,1,1,0,0.01,0.99,0.35,0.65
Bijie City,Medium-small-cities,5,贵州省,58.2,50.39069969,1444.917944,132,16017.58999,85,537.4920664,104,0.207676623,2512.551757,159,27852.80926,102,934.6389821,125,0.341732432,4655.846707,415,51612.23441,267,1731.918881,326,5.920431975,2408.196573,159,26695.98332,102,895.8201106,125,0.321953706,2809.562668,658,31145.31387,423,1045.123462,517,1.01750557,6020.491432,850,66739.95829,546,2239.550277,668,0.046121765,0.041363907,0.141606716,0.6,0.73,0.26,0.01,0.52,0.44,0.04,1,1,0.02,0.686,0.147,0.147,1,0.74,0.26,0.92,0.08,0.96,0.04,0.15,0.85,1,1,0,0.01,0.99,0.35,0.65
Binzhou City,Medium-small-cities,5,山东省,95.6195,84.08908141,2890.192846,132,14447.41907,85,662.3880883,104,0.164961213,5025.724226,159,25122.45649,102,1151.819287,125,0.544659967,9312.843613,415,46552.79477,267,2134.361618,326,7.007354889,4816.988076,159,24079.03178,102,1103.980147,125,0.328688303,5619.819422,658,28092.20374,423,1287.976838,517,3.484754213,12042.47019,850,60197.57944,546,2759.950368,668,0.008807134,0.015199933,0,0.6,0.743,0.247,0.01,0.542,0.418,0.04,1,1,0.02,0.686,0.147,0.147,1,0.74,0.26,0.92,0.08,0.96,0.04,0.15,0.85,1,0.9,0.1,0.01,0.99,0.35,0.65
Bozhou City,Medium-small-cities,5,安徽省,63.1152,54.0557256,2502.108931,132,15145.79131,85,352.0997616,104,0.172568071,4350.889419,159,26336.84822,102,612.2623632,125,0.396836698,8062.350999,415,48803.10532,267,1134.543676,326,5.376857792,4170.181551,159,25242.98551,102,586.832936,125,0.221474002,4865.21181,658,29450.14976,423,684.6384253,517,2.891737838,10425.45388,850,63107.46378,546,1467.08234,668,0.007929649,0.013892543,0,0.6,0.743,0.247,0.01,0.542,0.418,0.04,1,1,0.02,0.686,0.147,0.147,1,0.74,0.26,0.92,0.08,0.96,0.04,0.15,0.85,1,1,0,0.01,0.99,0.35,0.65
Cangzhou City,Largecities,5,河北省,85.0947,73.68778557,3144.492403,132,14282.09231,85,573.415292,104,0.114095075,5467.922901,159,24834.97162,102,997.1054799,125,0.350064435,10132.2533,415,46020.07521,267,1847.671496,326,6.978469678,5240.820672,159,23803.48718,102,955.6921533,125,0.229227378,6114.290784,658,27770.73504,423,1114.974179,517,3.735057864,13102.05168,850,59508.71794,546,2389.230383,668,0.010703884,0.020264323,0,0.6,0.756,0.234,0.01,0.572903158,0.378596842,0.0485,1,1,0.02,0.471221579,0.466494402,0.042284019,1,0.74,0.26,0.92,0.08,0.96,0.04,0.15,0.85,1,0.9,0.1,0.01,0.99,0.35,0.65
Chamdo City,Medium-small-cities,5,西藏自治区,13.7757,9.001351382,1766.100544,132,15994.48013,85,239.4193258,104,0.072150135,3071.052612,159,27812.62378,102,416.3236054,125,0.106981235,5690.768418,415,51537.76931,267,771.4622719,326,3.092504082,2943.500906,159,26657.46688,102,399.0322096,125,0.462756041,3434.08439,658,31100.37803,423,465.5375779,517,1.039957125,7358.752265,850,66643.66721,546,997.580524,668,0.059728897,0.048518856,0.152721244,0.6,0.73,0.26,0.01,0.52,0.44,0.04,1,1,0.02,0.686,0.147,0.147,1,0.74,0.26,0.92,0.08,0.96,0.04,0.15,0.85,1,1,0,0.01,0.99,0.35,0.65
Changde City,Largecities,5,湖南省,62.3495,55.72264954,1739.525849,132,15918.76738,85,341.7067679,104,0.302789673,3024.84217,159,27680.96773,102,594.190102,125,0.44303667,5605.138846,415,51293.80601,267,1101.055141,326,4.253439723,2899.209748,159,26531.27897,102,569.5112799,125,0.354573179,3382.411373,658,30953.1588,423,664.4298265,517,1.273011212,7248.02437,850,66328.19743,546,1423.7782,668,0.015644345,0.028985284,0.431764006,0.6,0.743,0.247,0.01,0.55187,0.39963,0.0485,1,1,0.02,0.471221579,0.466494402,0.042284019,1,0.74,0.26,0.92,0.08,0.96,0.04,0.15,0.85,1,1,0,0.01,0.99,0.35,0.65
Changzhou City,Largecities,5,江苏省,147.72,136.7421162,5151.340178,132,11909.36517,85,939.2946555,104,0.306471419,8957.608198,159,20709.06276,102,1633.32904,125,0.893810317,16598.76279,415,38374.62109,267,3026.616112,326,5.012941368,8585.566963,159,19848.94194,102,1565.491092,125,0.867430498,10016.49479,658,23157.09894,423,1826.406275,517,3.897230226,21463.91741,850,49622.35486,546,3913.727731,668,0.008943675,0.012920604,0.230285978,0.6,0.756,0.234,0.01,0.572903158,0.378596842,0.0485,1,1,0.02,0.471221579,0.466494402,0.042284019,1,0.74,0.26,0.92,0.08,0.96,0.04,0.15,0.85,1,1,0,0.01,0.99,0.35,0.65
Chaohu City,Medium-small-cities,5,安徽省,9.5791,8.204128341,4461.481206,132,13196.87384,85,341.6449572,104,0.026190946,7758.020097,159,22947.89728,102,594.08262,125,0.060228573,14375.88389,415,42523.26014,267,1100.855973,326,0.816054746,7435.80201,159,21994.78973,102,569.408262,125,0.033613482,8675.102345,658,25660.58802,423,664.309639,517,0.438883913,18589.50502,850,54986.97432,546,1423.520655,668,0.055619865,0.012442798,0,0.6,0.743,0.247,0.01,0.542,0.418,0.04,1,1,0.02,0.686,0.147,0.147,1,0.74,0.26,0.92,0.08,0.96,0.04,0.15,0.85,1,1,0,0.01,0.99,0.35,0.65
Chaoyang City,Medium-small-cities,5,辽宁省,41.8232,36.42040835,3214.504383,132,14183.1843,85,602.3113151,104,0.196181216,5589.665955,159,24662.98159,102,1047.352454,125,0.366009732,10357.84746,415,45701.37164,267,1940.780904,326,3.029584551,5357.507305,159,23638.6405,102,1003.852192,125,0.216677761,6250.425189,658,27578.41392,423,1171.160891,517,1.59433839,13393.76826,850,59096.60126,546,2509.63048,668,0.01759989,0.023694139,0.708292595,0.6,0.73,0.26,0.01,0.52,0.44,0.04,1,1,0.02,0.686,0.147,0.147,1,0.74,0.26,0.92,0.08,0.96,0.04,0.15,0.85,1,1,0,0.01,0.99,0.35,0.65
Chaozhou City,Medium-small-cities,5,广东省,37.4376,33.23695937,3654.915638,132,13714.93501,85,630.1493499,104,0.082998742,6355.492193,159,23848.7481,102,1095.759703,125,0.282744743,11776.95039,415,44192.56837,267,2030.481239,326,2.970515297,6091.526063,159,22858.22502,102,1050.248917,125,0.179722957,7106.780407,658,26667.92919,423,1225.290403,517,0.684658886,15228.81516,850,57145.56255,546,2625.622291,668,0.01920229,0.014009131,0,0.6,0.756,0.234,0.01,0.564,0.396,0.04,1,1,0.02,0.686,0.147,0.147,1,0.74,0.26,0.92,0.08,0.96,0.04,0.15,0.85,1,0.9,0.1,0.01,0.99,0.35,0.65
Chenzhou City,Medium-small-cities,5,湖南省,50.137,44.80816174,2075.037519,132,15349.67484,85,575.2876438,104,0.243481757,3608.259685,159,26691.37902,102,1000.361292,125,0.356258343,6686.232005,415,49460.06337,267,1853.70463,326,3.420311428,3458.395865,159,25582.7914,102,958.8127397,125,0.285122343,4034.795175,658,29846.58996,423,1118.614863,517,1.023664394,8645.989661,850,63956.97849,546,2397.031849,668,0.015966515,0.023579753,0,0.6,0.743,0.247,0.01,0.542,0.418,0.04,1,1,0.02,0.686,0.147,0.147,1,0.74,0.26,0.92,0.08,0.96,0.04,0.15,0.85,1,1,0,0.01,0.99,0.35,0.65
Chengdu City,Extra-large-cities,5,四川省,463.04,414.8220402,4230.957854,132,12714.22068,85,1054.821465,104,0.85056248,7357.165602,159,22108.61707,102,1834.217326,125,2.994445992,13633.08642,415,40968.04442,267,3398.869166,326,30.94649243,7051.596424,159,21190.3678,102,1758.035775,125,2.427404338,8226.862494,658,24722.09577,423,2051.041738,517,10.99905454,17628.99106,850,52975.9195,546,4395.089438,668,0.017274576,0.017744618,0.96404282,0.6,0.721867969,0.242632031,0.0355,0.518615057,0.371884943,0.1095,1,1,0.02,0.014,0.9358125,0.0301875,1,0.74,0.26,0.92,0.08,0.96,0.04,0.15,0.85,1,1,0,0.01,0.99,0.35,0.65
Chengde City,Medium-small-cities,5,河北省,56.9565,49.32150133,3472.735202,132,13921.25212,85,606.0126783,104,0.076367343,6038.700657,159,24207.51063,102,1053.788713,125,0.234308893,11189.92454,415,44857.36794,267,1952.707519,326,4.670904395,5787.892004,159,23202.08687,102,1010.02113,125,0.153428934,6752.540671,658,27069.10134,423,1178.357986,517,2.499989109,14469.73001,850,58005.21716,546,2525.052826,668,0.037032245,0.020597677,0.012529768,0.6,0.756,0.234,0.01,0.564,0.396,0.04,1,1,0.02,0.686,0.147,0.147,1,0.74,0.26,0.92,0.08,0.96,0.04,0.15,0.85,1,1,0,0.01,0.99,0.35,0.65
Chizhou City,Medium-small-cities,5,安徽省,18.5196,15.8613205,2882.596246,132,14621.06268,85,496.3410754,104,0.050635848,5012.514583,159,25424.40344,102,863.0819811,125,0.116441949,9288.36568,415,47112.31308,267,1599.321243,326,1.577706409,4804.327076,159,24368.4378,102,827.2351257,125,0.064986088,5605.048255,658,28429.8441,423,965.1076466,517,0.848509203,12010.81769,850,60921.0945,546,2068.087814,668,0.008293395,0.016473892,0.014514386,0.6,0.73,0.26,0.01,0.52,0.44,0.04,1,1,0.02,0.686,0.147,0.147,1,0.74,0.26,0.92,0.08,0.96,0.04,0.15,0.85,1,1,0,0.01,0.99,0.35,0.65
Chifeng City,Largecities,5,内蒙古自治区,159.421,139.771913,4186.424135,132,13394.13474,85,419.441123,104,0.336190543,7279.726412,159,23290.91208,102,729.3615083,125,0.84464401,13489.58888,415,43158.87861,267,1351.532507,326,12.33624804,6977.373558,159,22323.5579,102,699.0685383,125,0.408429834,8140.269151,658,26044.15089,423,815.5799614,517,5.723574541,17443.43389,850,55808.89476,546,1747.671346,668,0.053819087,0.02019235,0.07775092,0.6,0.756,0.234,0.01,0.572903158,0.378596842,0.0485,1,1,0.02,0.471221579,0.466494402,0.042284019,1,0.74,0.26,0.92,0.08,0.96,0.04,0.15,0.85,1,1,0,0.01,0.99,0.35,0.65
Chongzuo City,Medium-small-cities,5,广西壮族自治区,19.1722,16.63437501,3308.791801,132,14184.87932,85,506.3288782,104,0.047171468,5753.621299,159,24665.92904,102,880.4496604,125,0.112067973,10661.66247,415,45706.83337,267,1631.504163,326,1.638136441,5514.653002,159,23641.46553,102,843.8814636,125,0.141800292,6433.761836,658,27581.70979,423,984.5283743,517,0.598648815,13786.63251,850,59103.66384,546,2109.703659,668,0.043177731,0.035143803,0,0.6,0.743,0.247,0.01,0.542,0.418,0.04,1,1,0.02,0.686,0.147,0.147,1,0.74,0.26,0.92,0.08,0.96,0.04,0.15,0.85,1,1,0,0.01,0.99,0.35,0.65
Chuzhou City,Medium-small-cities,5,安徽省,47.5566,40.73038698,3203.994139,132,14255.82026,85,540.1855972,104,0.130028119,5571.389808,159,24789.28746,102,939.3227329,125,0.29901203,10323.98111,415,45935.42085,267,1740.598035,326,4.05140244,5339.990232,159,23759.70044,102,900.3093287,125,0.166878193,6229.988604,658,27719.65051,423,1050.360883,517,2.178892242,13349.97558,850,59399.2511,546,2250.773322,668,0.010227224,0.018887135,0,0.6,0.743,0.247,0.01,0.542,0.418,0.04,1,1,0.02,0.686,0.147,0.147,1,0.74,0.26,0.92,0.08,0.96,0.04,0.15,0.85,1,1,0,0.01,0.99,0.35,0.65
Chuxiong Yi Autonomous Prefecture,Medium-small-cities,5,云南省,30.49,25.9203785,1216.107781,132,16437.06969,85,346.8225271,104,0.08540963,2114.676309,159,28582.23785,102,603.0858388,125,0.130383783,3918.569518,415,52963.89123,267,1117.539254,326,3.484052723,2026.846302,159,27395.11615,102,578.0375452,125,0.20547824,2364.65402,658,31960.96884,423,674.3771361,517,0.66429712,5067.115756,850,68487.79038,546,1445.093863,668,0.023913621,0.027222646,0,0.6,0.743,0.247,0.01,0.542,0.418,0.04,1,1,0.02,0.686,0.147,0.147,1,0.74,0.26,0.92,0.08,0.96,0.04,0.15,0.85,1,1,0,0.01,0.99,0.35,0.65
Dazhou City,Medium-small-cities,5,四川省,64.69,57.95360613,1819.812539,132,15603.28706,85,576.9004059,104,0.118829662,3164.451803,159,27132.38249,102,1003.165706,125,0.418345523,5863.840403,415,50277.25829,267,1858.901308,326,4.323446344,3033.020898,159,26005.47843,102,961.5006766,125,0.339125749,3538.524381,658,30339.72483,423,1121.750789,517,1.536646592,7582.552245,850,65013.69606,546,2403.751691,668,0.012979688,0.028129005,0.026598605,0.6,0.73,0.26,0.01,0.52,0.44,0.04,1,1,0.02,0.686,0.147,0.147,1,0.74,0.26,0.92,0.08,0.96,0.04,0.15,0.85,1,1,0,0.01,0.99,0.35,0.65
Dali Bai Autonomous Prefecture,Medium-small-cities,5,云南省,49.98,42.48935775,2012.317698,132,15555.77454,85,431.9077651,104,0.140005684,3499.196886,159,27049.7635,102,751.0396137,125,0.213728483,6484.134805,415,50124.1624,267,1391.702799,326,5.711149724,3353.86283,159,25926.29089,102,719.8462751,125,0.336825268,3912.839968,658,30247.33938,423,839.8206543,517,1.088933095,8384.657075,850,64815.72724,546,1799.615688,668,0.055336535,0.023504646,0.157007502,0.6,0.743,0.247,0.01,0.542,0.418,0.04,1,1,0.02,0.686,0.147,0.147,1,0.74,0.26,0.92,0.08,0.96,0.04,0.15,0.85,1,1,0,0.01,0.99,0.35,0.65
Dalian City,Largecities,5,辽宁省,169.4615,147.5701771,7802.839461,132,9501.274117,85,695.8864216,104,0.794897644,13568.27084,159,16521.65999,102,1210.069166,125,1.483017993,25142.48271,415,30615.2166,267,2242.300692,326,12.27543427,13004.73244,159,15835.45686,102,1159.810703,125,0.877946652,15172.18784,658,18474.69967,423,1353.112486,517,6.460026377,32511.83109,850,39588.64216,546,2899.526756,668,0.019068698,0.01737027,0.539000316,0.6,0.743,0.247,0.01,0.55187,0.39963,0.0485,1,1,0.02,0.471221579,0.466494402,0.042284019,1,0.74,0.26,0.92,0.08,0.96,0.04,0.15,0.85,1,0.9,0.1,0.01,0.99,0.35,0.65
Daqing City,Medium-small-cities,5,黑龙江省,97.5303,83.16189506,4294.283716,132,12990.46559,85,715.250692,104,0.399122359,7467.28224,159,22588.97628,102,1243.741481,125,0.969297159,13837.13642,415,41858.16691,267,2304.696674,326,8.299844495,7157.139527,159,21650.77599,102,1192.084487,125,0.796344136,8349.996115,658,25259.23865,423,1390.765234,517,3.903796792,17892.84882,850,54126.93997,546,2980.211217,668,0.014143238,0.01861851,0.040125474,0.6,0.743,0.247,0.01,0.542,0.418,0.04,1,1,0.02,0.686,0.147,0.147,1,0.74,0.26,0.92,0.08,0.96,0.04,0.15,0.85,1,1,0,0.01,0.99,0.35,0.65
Datong City,Medium-small-cities,5,山西省,78.5117,69.49934147,5284.235294,132,11922.35294,85,793.4117647,104,0.135357348,9188.698039,159,20731.64706,102,1379.654902,125,0.400524613,17026.98039,415,38416.47059,267,2556.54902,326,4.91391554,8807.058824,159,19870.58824,102,1322.352941,125,0.140904781,10274.90196,658,23182.35294,423,1542.745098,517,3.421656249,22017.64706,850,49676.47059,546,3305.882353,668,0.02317704,0.022842311,0.20526313,0.6,0.756,0.234,0.01,0.564,0.396,0.04,1,1,0.02,0.686,0.147,0.147,1,0.74,0.26,0.92,0.08,0.96,0.04,0.15,0.85,1,1,0,0.01,0.99,0.35,0.65
Dandong City,Medium-small-cities,5,辽宁省,34.6818,30.20154647,3373.178142,132,14105.71202,85,521.1098369,104,0.162682858,5865.581992,159,24528.2659,102,906.1521053,125,0.303512794,10869.12957,415,45451.73873,267,1679.131697,326,2.512276571,5621.96357,159,23509.52003,102,868.5163949,125,0.179679574,6558.957499,658,27427.77337,423,1013.269127,517,1.322101733,14054.90893,850,58773.80009,546,2171.290987,668,0.018863457,0.035962807,0.007410055,0.6,0.73,0.26,0.01,0.52,0.44,0.04,1,1,0.02,0.686,0.147,0.147,1,0.74,0.26,0.92,0.08,0.96,0.04,0.15,0.85,1,0.9,0.1,0.01,0.99,0.35,0.65
Deyang City,Medium-small-cities,5,四川省,67.79,60.73079239,2758.920456,132,14590.52863,85,650.550911,104,0.124524081,4797.456127,159,25371.30812,102,1131.235751,125,0.438392998,8889.854803,415,47013.92559,267,2096.219602,326,4.530629582,4598.20076,159,24317.54772,102,1084.251518,125,0.355376944,5364.567554,658,28370.47234,423,1264.960105,517,1.610284008,11495.5019,850,60793.8693,546,2710.628796,668,0.008515815,0.029136138,0,0.6,0.73,0.26,0.01,0.52,0.44,0.04,1,1,0.02,0.686,0.147,0.147,1,0.74,0.26,0.92,0.08,0.96,0.04,0.15,0.85,1,1,0,0.01,0.99,0.35,0.65
Dezhou City,Largecities,5,山东省,108.1157,95.07840869,2694.51356,132,14729.2358,85,576.2506377,104,0.186519455,4685.45969,159,25612.50448,102,1002.035831,125,0.615839798,8682.321471,415,47460.87092,267,1856.80761,326,7.923123201,4490.855933,159,24548.72634,102,960.4177294,125,0.371643503,5239.331922,658,28640.18073,423,1120.487351,517,3.940165354,11227.13983,850,61371.81584,546,2401.044324,668,0.014358589,0.024009863,0,0.6,0.756,0.234,0.01,0.572903158,0.378596842,0.0485,1,1,0.02,0.471221579,0.466494402,0.042284019,1,0.74,0.26,0.92,0.08,0.96,0.04,0.15,0.85,1,1,0,0.01,0.99,0.35,0.65
Diqing Tibetan Autonomous Prefecture,Medium-small-cities,5,云南省,7.96,6.767012558,2635.615028,132,15294.90479,85,69.48018528,104,0.022297824,4583.041688,159,26596.13999,102,120.8183222,125,0.03403919,8492.537313,415,49283.58209,267,223.880597,326,0.909578868,4392.691714,159,25491.50798,102,115.8003088,125,0.05364404,5124.806999,658,29740.09264,423,135.1003603,517,0.17342752,10981.72928,850,63728.76994,546,289.500772,668,0.038054041,0.043559658,0.190716323,0.6,0.73,0.26,0.01,0.52,0.44,0.04,1,1,0.02,0.686,0.147,0.147,1,0.74,0.26,0.92,0.08,0.96,0.04,0.15,0.85,1,1,0,0.01,0.99,0.35,0.65
Dingxi City,Medium-small-cities,5,甘肃省,30.58,24.96066725,2586.902241,132,14941.9649,85,471.1328548,104,0.096823219,4498.335564,159,25982.41675,102,819.2476864,125,0.214266198,8335.573888,415,48146.33136,267,1518.094754,326,4.10960774,4311.503735,159,24903.27484,102,785.2214247,125,0.232196423,5030.087691,658,29053.82065,423,916.0916621,517,0.966439167,10778.75934,850,62258.1871,546,1963.053562,668,0.080336958,0.03367887,0,0.6,0.743,0.247,0.01,0.542,0.418,0.04,1,1,0.02,0.686,0.147,0.147,1,0.74,0.26,0.92,0.08,0.96,0.04,0.15,0.85,1,1,0,0.01,0.99,0.35,0.65
Dongguan City,Medium-small-cities,5,广东省,322.8715,286.6440939,14943.90465,132,1673.117759,85,1382.977596,104,0.71580252,25985.78974,159,2909.36588,102,2404.844375,125,2.438463448,48152.58164,415,5391.157222,267,4456.261142,326,25.61848863,24906.50774,159,2788.529598,102,2304.96266,125,1.549977052,29057.59237,658,3253.284531,423,2689.123103,517,5.904674482,62266.26936,850,6971.323994,546,5762.40665,668,0.023506785,0.017399097,0,0.6,0.717,0.273,0.01,0.498,0.462,0.04,1,1,0.02,0.686,0.147,0.147,1,0.74,0.26,0.92,0.08,0.96,0.04,0.15,0.85,1,0.9,0.1,0.01,0.99,0.35,0.65
Dongying City,Largecities,5,山东省,73.1925,64.36647432,5867.834274,132,11583.63253,85,548.5331933,104,0.126270516,10203.51182,159,20142.6499,102,953.8382751,125,0.416913126,18907.46599,415,37325.03816,267,1767.495845,326,5.363820379,9779.72379,159,19306.05422,102,914.2219889,125,0.251596365,11409.67775,658,22523.72992,423,1066.59232,517,2.667425292,24449.30947,850,48265.13555,546,2285.554972,668,0.018284079,0.013139573,0.33262662,0.6,0.756,0.234,0.01,0.572903158,0.378596842,0.0485,1,1,0.02,0.471221579,0.466494402,0.042284019,1,0.74,0.26,0.92,0.08,0.96,0.04,0.15,0.85,1,0.9,0.1,0.01,0.99,0.35,0.65
Ordos City,Largecities,5,内蒙古自治区,70.5,61.81067657,2734.371634,132,14781.61847,85,484.0099006,104,0.148671965,4754.768452,159,25703.59211,102,841.6394383,125,0.373522953,8810.753042,415,47629.6595,267,1559.587457,326,5.455401025,4557.286056,159,24636.03078,102,806.6831677,125,0.180618007,5316.833732,658,28742.03591,423,941.1303623,517,2.531109484,11393.21514,850,61590.07694,546,2016.707919,668,0.033616075,0.01591399,0.182835055,0.6,0.756,0.234,0.01,0.572903158,0.378596842,0.0485,1,1,0.02,0.471221579,0.466494402,0.042284019,1,0.74,0.26,0.92,0.08,0.96,0.04,0.15,0.85,1,1,0,0.01,0.99,0.35,0.65
Ezhou City,Medium-small-cities,5,湖北省,7.7847,6.853170225,2985.665253,132,14577.35368,85,436.9810699,104,0.025196148,5191.740135,159,25348.39834,102,759.8615272,125,0.056031866,9620.476927,415,46971.47296,267,1408.050114,326,0.58005716,4976.108756,159,24295.58946,102,728.3017832,125,0.052848237,5805.460215,658,28344.85437,423,849.6854137,517,0.217396364,12440.27189,850,60738.97365,546,1820.754458,668,0.041771427,0.015666296,0,0.6,0.73,0.26,0.01,0.52,0.44,0.04,1,1,0.02,0.686,0.147,0.147,1,0.74,0.26,0.92,0.08,0.96,0.04,0.15,0.85,1,1,0,0.01,0.99,0.35,0.65
Enshi Tujia and Miao Autonomous Prefecture,Medium-small-cities,5,湖北省,48.4,42.60837783,2065.396485,132,15934.60352,85,0,104,0.156652606,3591.494998,159,27708.505,102,0,125,0.348368251,6655.16645,415,51344.83355,267,0,326,3.606403141,3442.327474,159,26557.67253,102,0,125,0.3285746,4016.04872,658,30983.95128,423,0,517,1.35162357,8605.818686,850,66394.18131,546,0,668,0.031162767,0.019688055,0.045379546,0.6,0.717,0.273,0.01,0.498,0.462,0.04,1,1,0.02,0.686,0.147,0.147,1,0.74,0.26,0.92,0.08,0.96,0.04,0.15,0.85,1,1,0,0.01,0.99,0.35,0.65
Fangchenggang City,Medium-small-cities,5,广西壮族自治区,15.5007,13.44887163,3343.471299,132,13881.08086,85,775.4478382,104,0.038138074,5813.925092,159,24137.65728,102,1348.41763,125,0.090606818,10773.40752,415,44727.92723,267,2498.665256,326,1.324431287,5572.452165,159,23135.13477,102,1292.413064,125,0.114645361,6501.194192,658,26990.99057,423,1507.815241,517,0.484006827,13931.13041,850,57837.83693,546,3231.032659,668,0.062936706,0.024093571,0,0.6,0.704,0.286,0.01,0.476,0.484,0.04,1,1,0.02,0.686,0.147,0.147,1,0.74,0.26,0.92,0.08,0.96,0.04,0.15,0.85,1,0.9,0.1,0.01,0.99,0.35,0.65
Foshan City,Extra-large-cities,5,广东省,272.9071,242.2858889,9689.575916,132,6462.946254,85,1847.47783,104,0.605032001,16849.0959,159,11238.34543,102,3212.558671,125,2.061110962,31221.96684,415,20825.04904,267,5952.98412,326,21.6540247,16149.29319,159,10771.57709,102,3079.129717,125,1.310117933,18840.84206,658,12566.83994,423,3592.318003,517,4.990925459,40373.23298,850,26928.94273,546,7697.824293,668,0.02021156,0.016502806,0.022028278,0.6,0.721867969,0.242632031,0.0355,0.518615057,0.371884943,0.1095,1,1,0.02,0.014,0.9358125,0.0301875,1,0.74,0.26,0.92,0.08,0.96,0.04,0.15,0.85,1,1,0,0.01,0.99,0.35,0.65
Fuzhou City (Fujian),Extra-large-cities,5,福建省,145.93,127.6066513,3323.763961,132,13637.94866,85,1038.28738,104,0.475903168,5779.656222,159,23714.87739,102,1805.466389,125,0.766613248,10709.9061,415,43944.50123,267,3345.592669,326,13.61169197,5539.606602,159,22729.91443,102,1730.478967,125,0.432835008,6462.874369,658,26518.2335,423,2018.892128,517,3.036305281,13849.01651,850,56824.78608,546,4326.197417,668,0.009628505,0.010639679,0.327011452,0.6,0.733421875,0.231078125,0.0355,0.536323864,0.354176136,0.1095,1,1,0.02,0.014,0.9358125,0.0301875,1,0.74,0.26,0.92,0.08,0.96,0.04,0.15,0.85,1,0.9,0.1,0.01,0.99,0.35,0.65
Fushun City,Medium-small-cities,5,辽宁省,28.5754,24.88398154,3259.609913,132,14149.61067,85,590.7794131,104,0.134039402,5668.099459,159,24604.60078,102,1027.299757,125,0.250073511,10503.1875,415,45593.18995,267,1903.622553,326,2.069941812,5432.683188,159,23582.68446,102,984.6323551,125,0.148043519,6338.130386,658,27513.13187,423,1148.737748,517,1.089320216,13581.70797,850,58956.71114,546,2461.580888,668,0.020478906,0.033098817,0.00E+00,0.6,0.743,0.247,0.01,0.542,0.418,0.04,1,1,0.02,0.686,0.147,0.147,1,0.74,0.26,0.92,0.08,0.96,0.04,0.15,0.85,1,1,0,0.01,0.99,0.35,0.65
Fuzhou City (Jiangxi),Medium-small-cities,5,江西省,37.6025,32.33078066,2592.127129,132,14702.11882,85,705.7540507,104,0.088029665,4507.421064,159,25565.35106,102,1227.227877,125,0.190521345,8352.409639,415,47373.49398,267,2274.096386,326,3.050227877,4320.211882,159,24503.53137,102,1176.256751,125,0.240195228,5040.247196,658,28587.45326,423,1372.299543,517,1.702745226,10800.52971,850,61258.82842,546,2940.641878,668,0.010305299,0.019795257,0,0.6,0.704,0.286,0.01,0.476,0.484,0.04,1,1,0.02,0.686,0.147,0.147,1,0.74,0.26,0.92,0.08,0.96,0.04,0.15,0.85,1,1,0,0.01,0.99,0.35,0.65
Fuxin City,Medium-small-cities,5,辽宁省,28.8588,25.13077145,3020.240827,132,14510.06145,85,469.69772,104,0.135368754,5251.863216,159,25231.38464,102,816.7521464,125,0.252553646,9731.88711,415,46754.64246,267,1513.470431,326,2.090470711,5033.734712,159,24183.43575,102,782.8295333,125,0.149511758,5872.690497,658,28214.00838,423,913.3011222,517,1.100123681,12584.33678,850,60458.58939,546,1957.073833,668,0.021882092,0.022447648,0,0.6,0.756,0.234,0.01,0.564,0.396,0.04,1,1,0.02,0.686,0.147,0.147,1,0.74,0.26,0.92,0.08,0.96,0.04,0.15,0.85,1,1,0,0.01,0.99,0.35,0.65
Fuyang City,Medium-small-cities,5,安徽省,92.9875,79.64019419,2729.903537,132,15023.15113,85,246.9453376,104,0.2542442,4746.998928,159,26123.59057,102,429.4105038,125,0.584658726,8796.355841,415,48407.9314,267,795.7127546,326,7.921714007,4549.839228,159,25038.58521,102,411.5755627,125,0.326297212,5308.145766,658,29211.68274,423,480.1714898,517,4.260391668,11374.59807,850,62596.46302,546,1028.938907,668,0.013367911,0.015242163,0.062185357,0.6,0.743,0.247,0.01,0.542,0.418,0.04,1,1,0.02,0.686,0.147,0.147,1,0.74,0.26,0.92,0.08,0.96,0.04,0.15,0.85,1,1,0,0.01,0.99,0.35,0.65
Ganzhou City,Largecities,5,江西省,105.325,90.5588584,2365.408205,132,15023.30653,85,611.2852665,104,0.246572021,4113.182045,159,26123.8608,102,1062.957158,125,0.533652303,7621.870883,415,48408.43215,267,1969.69697,326,8.543720528,3942.347008,159,25038.84421,102,1018.808777,125,0.672789372,4599.404843,658,29211.98492,423,1188.61024,517,4.769407378,9855.867521,850,62597.11054,546,2547.021944,668,0.014993322,0.013891317,0.057596901,0.6,0.704,0.286,0.01,0.488770526,0.462729474,0.0485,1,1,0.02,0.471221579,0.466494402,0.042284019,1,0.74,0.26,0.92,0.08,0.96,0.04,0.15,0.85,1,1,0,0.01,0.99,0.35,0.65
Guyuan City,Medium-small-cities,5,宁夏回族自治区,17.92,13.95251452,4664.43934,132,12835.66507,85,499.8955941,104,0.0423046,8110.941741,159,22319.79536,102,869.2628941,125,0.11319339,15029.8601,415,41359.36521,267,1610.774692,326,2.818401072,7774.065567,159,21392.77511,102,833.1593234,125,0.093756141,9069.743161,658,24958.23763,423,972.0192107,517,0.899830281,19435.16392,850,53481.93777,546,2082.898309,668,0.038013053,0.018305113,0.156485207,0.6,0.756,0.234,0.01,0.564,0.396,0.04,1,1,0.02,0.686,0.147,0.147,1,0.74,0.26,0.92,0.08,0.96,0.04,0.15,0.85,1,1,0,0.01,0.99,0.35,0.65
Guang'an City,Medium-small-cities,5,四川省,39.23,35.14484416,1339.144511,132,16194.1468,85,466.7086867,104,0.072061952,2328.62351,159,28159.82194,102,811.5545496,125,0.253697556,4315.021201,415,52181.1397,267,1503.839102,326,2.62187046,2231.907518,159,26990.24467,102,777.8478111,125,0.205656255,2603.892104,658,31488.61878,423,907.489113,517,0.931869621,5579.768794,850,67475.61168,546,1944.619528,668,0.011319389,0.027944463,0,0.6,0.73,0.26,0.01,0.52,0.44,0.04,1,1,0.02,0.686,0.147,0.147,1,0.74,0.26,0.92,0.08,0.96,0.04,0.15,0.85,1,1,0,0.01,0.99,0.35,0.65
Guangyuan City,Medium-small-cities,5,四川省,44.13,39.53459018,1991.652725,132,15555.32212,85,453.0251595,104,0.081062807,3463.262795,159,27048.97679,102,787.7604163,125,0.285385499,6417.54767,415,50122.70459,267,1459.747736,326,2.949353643,3319.421209,159,25925.53686,102,755.0419326,125,0.231343628,3872.658077,658,30246.45967,423,880.8822547,517,1.048264247,8298.553022,850,64813.84215,546,1887.604831,668,0.034569188,0.032512268,0.539622,0.6,0.73,0.26,0.01,0.52,0.44,0.04,1,1,0.02,0.686,0.147,0.147,1,0.74,0.26,0.92,0.08,0.96,0.04,0.15,0.85,1,1,0,0.01,0.99,0.35,0.65
Guangzhou City,Megacities,5,广东省,277.3517,246.231788,6796.081923,132,9140.249332,85,2063.668744,104,0.61488563,11817.63134,159,15893.87801,102,3588.49065,125,2.094678479,21898.4862,415,29451.91451,267,6649.599288,326,22.00668493,11326.80321,159,15233.74889,102,3439.447907,125,1.331454682,13214.60374,658,17772.70703,423,4012.689225,517,5.072208311,28317.00801,850,38084.37222,546,8598.619768,668,0.017837306,0.015171939,1.764859461,0.6,0.514358955,0.199141045,0.2865,0.414244737,0.202255263,0.3835,1,1,0.02,0.121363934,0.519066128,0.339569937,1,0.74,0.26,0.92,0.08,0.96,0.04,0.15,0.85,1,0.9,0.1,0.01,0.99,0.35,0.65
Guigang City,Medium-small-cities,5,广西壮族自治区,42.7409,37.08328512,3267.132813,132,14009.19702,85,723.6701636,104,0.105160128,5681.180948,159,24360.43705,102,1258.382007,125,0.249834971,10527.42795,415,45140.74596,267,2331.826083,326,3.651924443,5445.221356,159,23348.6617,102,1206.116939,125,0.316117718,6352.758248,658,27240.10532,423,1407.136429,517,1.334577624,13613.05339,850,58371.65426,546,3015.292348,668,0.018611568,0.026182767,0,0.6,0.717,0.273,0.01,0.498,0.462,0.04,1,1,0.02,0.686,0.147,0.147,1,0.74,0.26,0.92,0.08,0.96,0.04,0.15,0.85,1,1,0,0.01,0.99,0.35,0.65
Guiyang City,Largecities,5,贵州省,134.1511,116.1506494,5579.193658,132,11674.79948,85,746.0068641,104,0.478694972,9701.59786,159,20301.17909,102,1297.223047,125,0.787693843,17977.40179,415,37618.79832,267,2403.799895,326,13.64660588,9298.656096,159,19457.99913,102,1243.344774,125,0.742103846,10848.43211,658,22700.99899,423,1450.568902,517,2.345352086,23246.64024,850,48644.99783,546,3108.361934,668,0.019583359,0.022224418,1.48285114,0.6,0.73,0.26,0.01,0.530836842,0.420663158,0.0485,1,1,0.02,0.471221579,0.466494402,0.042284019,1,0.74,0.26,0.92,0.08,0.96,0.04,0.15,0.85,1,1,0,0.01,0.99,0.35,0.65
Guilin City,Medium-small-cities,5,广西壮族自治区,70.3696,61.05477284,3203.703704,132,13944.44444,85,851.8518519,104,0.173138051,5570.884774,159,24247.83951,102,1481.27572,125,0.411334037,10323.04527,415,44932.09877,267,2744.855967,326,6.012612329,5339.506173,159,23240.74074,102,1419.753086,125,0.520463476,6229.423868,658,27114.19753,423,1656.378601,517,2.19727927,13348.76543,850,58101.85185,546,3549.382716,668,0.038523979,0.025977854,0.201019546,0.6,0.704,0.286,0.01,0.476,0.484,0.04,1,1,0.02,0.686,0.147,0.147,1,0.74,0.26,0.92,0.08,0.96,0.04,0.15,0.85,1,1,0,0.01,0.99,0.35,0.65
Harbin City,Largecities,5,黑龙江省,195.2374,166.4745435,4371.074236,132,13016.03493,85,612.8908297,104,0.798968236,7600.812421,159,22633.43852,102,1065.749054,125,1.94035143,14084.57254,415,41940.55701,267,1974.870451,326,16.6147347,7285.123726,159,21693.39156,102,1021.484716,125,1.594131861,8499.311014,658,25308.95682,423,1191.732169,517,7.81467027,18212.80932,850,54233.47889,546,2553.71179,668,0.010021025,0.016490498,0.586142832,0.6,0.73,0.26,0.01,0.530836842,0.420663158,0.0485,1,1,0.02,0.471221579,0.466494402,0.042284019,1,0.74,0.26,0.92,0.08,0.96,0.04,0.15,0.85,1,1,0,0.01,0.99,0.35,0.65
Hami City,Medium-small-cities,5,新疆维吾尔族自治区,19.69,16.31063127,2619.429173,132,14791.83885,85,588.7319723,104,0.101039712,4554.896285,159,25721.36423,102,1023.739485,125,0.136995285,8440.382891,415,47662.59186,267,1897.025244,326,2.217867181,4365.715289,159,24653.06476,102,981.2199539,125,0.131078545,5093.334503,658,28761.90888,423,1144.756613,517,0.792388008,10914.28822,850,61632.66189,546,2453.049885,668,0.048234103,0.048641463,0.059484947,0.6,0.756,0.234,0.01,0.564,0.396,0.04,1,1,0.02,0.686,0.147,0.147,1,0.74,0.26,0.92,0.08,0.96,0.04,0.15,0.85,1,1,0,0.01,0.99,0.35,0.65
Haidong City,Medium-small-cities,5,青海省,21.2874,17.60100597,2650.554155,132,14875.06627,85,474.3795747,104,0.104094866,4609.019169,159,25866.08746,102,824.8933715,125,0.166910733,8540.674499,415,47930.76909,267,1528.556407,326,2.661598027,4417.590258,159,24791.77712,102,790.6326244,125,0.13281069,5153.855301,658,28923.73997,423,922.4047285,517,0.620979715,11043.97565,850,61979.44279,546,1976.581561,668,0.020340036,0.035313475,0,0.6,0.743,0.247,0.01,0.542,0.418,0.04,1,1,0.02,0.686,0.147,0.147,1,0.74,0.26,0.92,0.08,0.96,0.04,0.15,0.85,1,1,0,0.01,0.99,0.35,0.65
Haikou City,Medium-small-cities,5,海南省,82.071,70.53465009,6697.587168,132,10178.61088,85,1123.801957,104,0.342663859,11646.35991,159,17699.47336,102,1954.166736,125,1.00394499,21581.11421,415,32797.74615,267,3621.139638,326,8.410293657,11162.64528,159,16964.35146,102,1873.003261,125,0.679316071,13023.08616,658,19791.74337,423,2185.170472,517,1.100131336,27906.6132,850,42410.87865,546,4682.508153,668,0.015618928,0.013859425,0.625806799,0.6,0.743,0.247,0.01,0.542,0.418,0.04,1,1,0.02,0.686,0.147,0.147,1,0.74,0.26,0.92,0.08,0.96,0.04,0.15,0.85,1,0.9,0.1,0.01,0.99,0.35,0.65
Handan City,Largecities,5,河北省,153.9156,133.2832683,4985.983567,132,12498.79169,85,515.2247463,104,0.20637022,8670.071425,159,21734.00999,102,895.9185865,125,0.633181356,16065.94705,415,40273.88432,267,1660.168627,326,12.62235307,8309.972612,159,20831.31948,102,858.7079104,125,0.414616532,9694.968047,658,24303.20606,423,1001.825895,517,6.755810552,20774.93153,850,52078.2987,546,2146.769776,668,0.020217678,0.014830293,0.169726221,0.6,0.756,0.234,0.01,0.572903158,0.378596842,0.0485,1,1,0.02,0.471221579,0.466494402,0.042284019,1,0.74,0.26,0.92,0.08,0.96,0.04,0.15,0.85,1,1,0,0.01,0.99,0.35,0.65
Hanzhong City,Medium-small-cities,5,陕西省,33.1003,29.68199661,1791.909726,132,15718.37047,85,489.7198049,104,0.084804296,3115.931912,159,27332.49976,102,851.5683274,125,0.210531595,5773.931338,415,50648.08262,267,1577.986038,326,2.175328799,2986.516209,159,26197.28412,102,816.1996749,125,0.081352958,3484.268911,658,30563.49814,423,952.232954,517,0.866285743,7466.290523,850,65493.21029,546,2040.499187,668,0.026390013,0.034729354,0.213330728,0.6,0.717,0.273,0.01,0.498,0.462,0.04,1,1,0.02,0.686,0.147,0.147,1,0.74,0.26,0.92,0.08,0.96,0.04,0.15,0.85,1,1,0,0.01,0.99,0.35,0.65
Hangzhou City,Extra-large-cities,5,浙江省,274.584,248.3524372,5552.618369,132,11389.2109,85,1058.170735,104,0.530667601,9655.386386,159,19804.57228,102,1840.041333,125,1.243752189,17891.7703,415,36698.56844,267,3409.661257,326,19.5235927,9254.363949,159,18982.01816,102,1763.617891,125,0.648409475,10796.75794,658,22145.68785,423,2057.554207,517,4.285140876,23135.90987,850,47455.0454,546,4409.044728,668,0.018171587,0.011785473,0.976641343,0.6,0.721867969,0.242632031,0.0355,0.518615057,0.371884943,0.1095,1,1,0.02,0.014,0.9358125,0.0301875,1,0.74,0.26,0.92,0.08,0.96,0.04,0.15,0.85,1,1,0,0.01,0.99,0.35,0.65
Hefei City,Extra-large-cities,5,安徽省,216.4758,185.4031429,3778.326417,132,13766.87503,85,454.7985502,104,0.591882957,6570.089825,159,23939.06603,102,790.8441456,125,1.361091173,12174.60734,415,44359.93066,267,1465.461995,326,18.44182688,6297.210695,159,22944.79172,102,757.9975837,125,0.759623067,7346.745811,658,26768.92367,423,884.3305143,517,9.918233038,15743.02674,850,57361.9793,546,1894.993959,668,0.020467807,0.011892661,0.377830194,0.6,0.744975781,0.219524219,0.0355,0.55403267,0.33646733,0.1095,1,1,0.02,0.014,0.9358125,0.0301875,1,0.74,0.26,0.92,0.08,0.96,0.04,0.15,0.85,1,1,0,0.01,0.99,0.35,0.65
Hechi City,Medium-small-cities,5,广西壮族自治区,32.5873,28.27371761,3381.579088,132,14059.22775,85,559.1931642,104,0.080178111,5880.190303,159,24447.43492,102,972.37478,125,0.190483755,10896.19928,415,45301.95608,267,1801.84464,326,2.784367138,5635.965146,159,23432.04625,102,931.9886071,125,0.241020262,6575.292671,658,27337.38729,423,1087.320042,517,1.017533122,14089.91287,850,58580.11562,546,2329.971518,668,0.05758214,0.035270788,3.03E-03,0.6,0.717,0.273,0.01,0.498,0.462,0.04,1,1,0.02,0.686,0.147,0.147,1,0.74,0.26,0.92,0.08,0.96,0.04,0.15,0.85,1,1,0,0.01,0.99,0.35,0.65
Heyuan City,Medium-small-cities,5,广东省,41.7966,37.10686305,3120.795984,132,14163.40119,85,715.8028261,104,0.092662597,5426.717461,159,24628.58096,102,1244.701581,125,0.315665772,10055.89817,415,45637.62606,267,2306.475773,326,3.31638352,5201.32664,159,23605.66865,102,1193.00471,125,0.200648775,6068.214413,658,27539.94676,423,1391.838829,517,0.764376284,13003.3166,850,59014.17163,546,2982.511775,668,0.010323465,0.01830015,0,0.6,0.704,0.286,0.01,0.476,0.484,0.04,1,1,0.02,0.686,0.147,0.147,1,0.74,0.26,0.92,0.08,0.96,0.04,0.15,0.85,1,1,0,0.01,0.99,0.35,0.65
Heze City,Largecities,5,山东省,118.3422,104.0717311,2678.835737,132,14823.70994,85,497.4543267,104,0.204162048,4658.197698,159,25776.7845,102,865.0178015,125,0.67409115,8631.804042,415,47765.28757,267,1602.908386,326,8.672559402,4464.726228,159,24706.18323,102,829.0905445,125,0.406796698,5208.847267,658,28823.88043,423,967.2723019,517,4.312859616,11161.81557,850,61765.45807,546,2072.726361,668,0.011980759,0.018841572,0,0.6,0.743,0.247,0.01,0.55187,0.39963,0.0485,1,1,0.02,0.471221579,0.466494402,0.042284019,1,0.74,0.26,0.92,0.08,0.96,0.04,0.15,0.85,1,1,0,0.01,0.99,0.35,0.65
Hezhou City,Medium-small-cities,5,广西壮族自治区,22.6107,19.61772061,3290.564464,132,14119.55149,85,589.8840431,104,0.055631587,5721.925985,159,24552.33121,102,1025.742808,125,0.132167165,10602.92994,415,45496.33259,267,1900.737472,326,1.931933301,5484.274107,159,23532.58582,102,983.1400719,125,0.167231923,6398.319792,658,27454.68346,423,1146.99675,517,0.706015416,13710.68527,850,58831.46455,546,2457.85018,668,0.028316467,0.02810482,0,0.6,0.704,0.286,0.01,0.476,0.484,0.04,1,1,0.02,0.686,0.147,0.147,1,0.74,0.26,0.92,0.08,0.96,0.04,0.15,0.85,1,1,0,0.01,0.99,0.35,0.65
Hebi City,Medium-small-cities,5,河南省,27.758,24.50000173,3134.8756,132,14562.6364,85,302.4879965,104,0.063112693,5451.200349,159,25322.80663,102,525.9930162,125,0.136945899,10101.26582,415,46924.05063,267,974.6835443,326,1.990729968,5224.792667,159,24271.06067,102,504.1466608,125,0.068472949,6095.591445,658,28316.23745,423,588.1711043,517,0.998736758,13061.98167,850,60677.65168,546,1260.366652,668,0.028566032,0.013875922,0,0.6,0.756,0.234,0.01,0.564,0.396,0.04,1,1,0.02,0.686,0.147,0.147,1,0.74,0.26,0.92,0.08,0.96,0.04,0.15,0.85,1,1,0,0.01,0.99,0.35,0.65
Hegang City,Medium-small-cities,5,黑龙江省,10,8.526775275,3452.564371,132,14029.01772,85,518.4179117,104,0.040922909,6003.625823,159,24394.90303,102,901.4711464,125,0.099384208,11124.92964,415,45204.61264,267,1670.457715,326,0.851001637,5754.273952,159,23381.6962,102,864.0298528,125,0.081650947,6713.31961,658,27278.64556,423,1008.034828,517,0.400265025,14385.68488,850,58454.24049,546,2160.074632,668,0.016753601,0.040156818,0,0.6,0.743,0.247,0.01,0.542,0.418,0.04,1,1,0.02,0.686,0.147,0.147,1,0.74,0.26,0.92,0.08,0.96,0.04,0.15,0.85,1,1,0,0.01,0.99,0.35,0.65
Heihe City,Medium-small-cities,5,黑龙江省,22.3434,19.05171507,2975.337243,132,14714.07026,85,310.5924971,104,0.091435693,5173.780872,159,25586.13329,102,540.0858421,125,0.222058111,9587.197782,415,47412.00417,267,1000.798046,326,1.901426997,4958.895405,159,24523.45043,102,517.6541618,125,0.182435977,5785.377972,658,28610.69217,423,603.9298554,517,0.894328155,12397.23851,850,61308.62608,546,1294.135405,668,0.016872672,0.043594649,0.051308605,0.6,0.73,0.26,0.01,0.52,0.44,0.04,1,1,0.02,0.686,0.147,0.147,1,0.74,0.26,0.92,0.08,0.96,0.04,0.15,0.85,1,1,0,0.01,0.99,0.35,0.65
Hengshui City,Medium-small-cities,5,河北省,83.8,72.56663965,3789.069621,132,13560.35305,85,650.577334,104,0.11235914,6588.771063,159,23579.94724,102,1131.281697,125,0.34473827,12209.22433,415,43694.47092,267,2096.304743,326,6.872293562,6315.116034,159,22600.58841,102,1084.295557,125,0.225739726,7367.635373,658,26367.35314,423,1265.011483,517,3.678229655,15787.79009,850,56501.47102,546,2710.738892,668,0.033886709,0.020984764,0,0.6,0.756,0.234,0.01,0.564,0.396,0.04,1,1,0.02,0.686,0.147,0.147,1,0.74,0.26,0.92,0.08,0.96,0.04,0.15,0.85,1,1,0,0.01,0.99,0.35,0.65
Hengyang City,Largecities,5,湖南省,62.6219,55.96609736,1311.072222,132,16122.78295,85,566.1448233,104,0.304112536,2279.80892,159,28035.72814,102,984.4629428,125,0.444972262,4224.56605,415,51951.18952,267,1824.244431,326,4.272022662,2185.120371,159,26871.30492,102,943.5747056,125,0.356122281,2549.307099,658,31349.85574,423,1100.837157,517,1.278572897,5462.800927,850,67178.26231,546,2358.936764,668,0.028529651,0.022857994,0.040545731,0.6,0.73,0.26,0.01,0.530836842,0.420663158,0.0485,1,1,0.02,0.471221579,0.466494402,0.042284019,1,0.74,0.26,0.92,0.08,0.96,0.04,0.15,0.85,1,1,0,0.01,0.99,0.35,0.65
Honghe Hani and Yi Autonomous Prefecture,Medium-small-cities,5,云南省,55.38,47.08004466,1780.17837,132,15702.80116,85,517.0204748,104,0.155132348,3095.532387,159,27305.42645,102,899.041159,125,0.236820396,5736.130302,415,50597.91483,267,1665.954863,326,6.328200715,2966.963949,159,26171.33526,102,861.7007914,125,0.373216954,3461.457941,658,30533.22447,423,1005.31759,517,1.20658493,7417.409873,850,65428.33815,546,2154.251978,668,0.029608121,0.025287175,0,0.6,0.73,0.26,0.01,0.52,0.44,0.04,1,1,0.02,0.686,0.147,0.147,1,0.74,0.26,0.92,0.08,0.96,0.04,0.15,0.85,1,1,0,0.01,0.99,0.35,0.65
Hohhot City,Medium-small-cities,5,内蒙古自治区,120.3595,105.5248529,4793.845789,132,12343.86647,85,862.2877426,104,0.253816785,8335.965177,159,21464.61225,102,1499.422575,125,0.637688452,15446.83643,415,39774.68084,267,2778.482726,326,9.313607655,7989.742981,159,20573.11078,102,1437.146238,125,0.308355929,9321.366811,658,24001.96258,423,1676.670611,517,4.321178326,19974.35745,850,51432.77695,546,3592.865594,668,0.027880973,0.012684767,0.391545782,0.6,0.756,0.234,0.01,0.564,0.396,0.04,1,1,0.02,0.686,0.147,0.147,1,0.74,0.26,0.92,0.08,0.96,0.04,0.15,0.85,1,1,0,0.01,0.99,0.35,0.65
Hulunbuir City,Medium-small-cities,5,内蒙古自治区,43.5885,38.21609469,4544.471029,132,13139.70665,85,315.8223239,104,0.091920396,7902.330178,159,22848.48989,102,549.17993,125,0.2309405,14643.29554,415,42339.05475,267,1017.64971,326,3.372946774,7574.118381,159,21899.51108,102,526.3705399,125,0.111671886,8836.471445,658,25549.42959,423,614.0989632,517,1.564925756,18935.29595,850,54748.7777,546,1315.92635,668,0.035551737,0.028343479,0.636688642,0.6,0.743,0.247,0.01,0.542,0.418,0.04,1,1,0.02,0.686,0.147,0.147,1,0.74,0.26,0.92,0.08,0.96,0.04,0.15,0.85,1,1,0,0.01,0.99,0.35,0.65
Huludao City,Medium-small-cities,5,辽宁省,42,36.57436903,3295.903749,132,14223.49695,85,480.5993033,104,0.197010537,5731.210409,159,24733.0808,102,835.7087885,125,0.367556971,10620.1343,415,45831.26794,267,1548.597755,326,3.042391571,5493.172916,159,23705.82825,102,800.9988388,125,0.217593727,6408.701735,658,27656.79962,423,934.4986453,517,1.601078167,13732.93229,850,59264.57061,546,2002.497097,668,0.017390799,0.016754346,0,0.6,0.743,0.247,0.01,0.542,0.418,0.04,1,1,0.02,0.686,0.147,0.147,1,0.74,0.26,0.92,0.08,0.96,0.04,0.15,0.85,1,0.9,0.1,0.01,0.99,0.35,0.65
Huzhou City,Largecities,5,浙江省,88.6936,80.22052166,4216.88193,132,12962.73795,85,820.3801218,104,0.171411371,7332.689134,159,22540.76099,102,1426.549878,125,0.401745401,13587.73066,415,41768.82228,267,2643.447059,326,6.306331474,7028.13655,159,21604.56325,102,1367.300203,125,0.209443269,8199.492642,658,25205.32379,423,1595.18357,517,1.384146821,17570.34138,850,54011.40812,546,3418.250507,668,0.018327176,0.010338307,0,0.6,0.717,0.273,0.01,0.509803684,0.441696316,0.0485,1,1,0.02,0.471221579,0.466494402,0.042284019,1,0.74,0.26,0.92,0.08,0.96,0.04,0.15,0.85,1,1,0,0.01,0.99,0.35,0.65
Huaihua City,Medium-small-cities,5,湖南省,41.2396,36.85642672,1877.990201,132,15502.06552,85,619.944279,104,0.200273057,3265.616294,159,26956.36949,102,1078.014218,125,0.293036112,6051.301758,415,49951.10001,267,1997.598232,326,2.81333696,3129.983668,159,25836.77587,102,1033.240465,125,0.234524031,3651.647613,658,30142.90518,423,1205.447209,517,0.842003115,7824.95917,850,64591.93967,546,2583.101162,668,0.040375336,0.025110164,0.131405069,0.6,0.73,0.26,0.01,0.52,0.44,0.04,1,1,0.02,0.686,0.147,0.147,1,0.74,0.26,0.92,0.08,0.96,0.04,0.15,0.85,1,1,0,0.01,0.99,0.35,0.65
Huai'an City,Largecities,5,江苏省,63.21,58.51251803,4195.68024,132,13221.40275,85,582.9170061,104,0.13114039,7295.82175,159,22990.55034,102,1013.627905,125,0.382465138,13519.41411,415,42602.29776,267,1878.288131,326,2.14505838,6992.8004,159,22035.67126,102,971.5283436,125,0.371177104,8158.267133,658,25708.28313,423,1133.449734,517,1.66764096,17482.001,850,55089.17814,546,2428.820859,668,0.011312947,0.016260866,0.105014879,0.6,0.743,0.247,0.01,0.55187,0.39963,0.0485,1,1,0.02,0.471221579,0.466494402,0.042284019,1,0.74,0.26,0.92,0.08,0.96,0.04,0.15,0.85,1,1,0,0.01,0.99,0.35,0.65
Huaibei City,Medium-small-cities,5,安徽省,30.9678,26.52272193,4642.256084,132,12993.40459,85,364.3393223,104,0.084671418,8072.367523,159,22594.08688,102,633.5455993,125,0.194709983,14958.38071,415,41867.63703,267,1173.982261,326,2.638183143,7737.093473,159,21655.67432,102,607.2322038,125,0.108667367,9026.609052,658,25264.95338,423,708.4375711,517,1.418846158,19342.73368,850,54139.18581,546,1518.080509,668,0.035775999,0.021894212,0,0.6,0.743,0.247,0.01,0.542,0.418,0.04,1,1,0.02,0.686,0.147,0.147,1,0.74,0.26,0.92,0.08,0.96,0.04,0.15,0.85,1,1,0,0.01,0.99,0.35,0.65
Huainan City,Medium-small-cities,5,安徽省,36.8604,31.56950573,3246.861925,132,14353.55649,85,399.58159,104,0.100782825,5645.932125,159,24959.23989,102,694.827987,125,0.231759694,10462.11065,415,46250.34868,267,1287.540679,326,3.140180637,5411.436541,159,23922.59414,102,665.9693166,125,0.129344759,6313.342631,658,27909.69317,423,776.9642027,517,1.688826359,13528.59135,850,59806.48536,546,1664.923291,668,0.014757528,0.018413076,0,0.6,0.743,0.247,0.01,0.542,0.418,0.04,1,1,0.02,0.686,0.147,0.147,1,0.74,0.26,0.92,0.08,0.96,0.04,0.15,0.85,1,1,0,0.01,0.99,0.35,0.65
Huanggang City,Medium-small-cities,5,湖北省,48.5984,42.78303697,2480.51108,132,15076.93336,85,442.5555565,104,0.157294752,4313.333156,159,26217.1119,102,769.5549399,125,0.349796273,7992.757925,415,48581.22973,267,1426.012349,326,3.621186413,4134.185134,159,25128.22227,102,737.5925942,125,0.329921484,4823.215989,658,29316.25932,423,860.5246932,517,1.35716411,10335.46283,850,62820.55568,546,1843.981485,668,0.01804023,0.02044147,0,0.6,0.73,0.26,0.01,0.52,0.44,0.04,1,1,0.02,0.686,0.147,0.147,1,0.74,0.26,0.92,0.08,0.96,0.04,0.15,0.85,1,1,0,0.01,0.99,0.35,0.65
Huangshan City,Medium-small-cities,5,安徽省,21.0622,18.03895898,3823.96088,132,13315.40342,85,860.6356968,104,0.057587764,6649.443086,159,23154.00706,102,1496.549851,125,0.132428542,12321.65173,415,42905.18881,267,2773.159468,326,1.79431348,6373.268134,159,22192.33904,102,1434.392828,125,0.073908183,7435.479489,658,25891.06221,423,1673.458299,517,0.965003053,15933.17033,850,55480.8476,546,3585.98207,668,0.057351745,0.018278849,0.075295516,0.6,0.717,0.273,0.01,0.498,0.462,0.04,1,1,0.02,0.686,0.147,0.147,1,0.74,0.26,0.92,0.08,0.96,0.04,0.15,0.85,1,1,0,0.01,0.99,0.35,0.65
Huangshi City,Medium-small-cities,5,湖北省,24.8889,21.91065403,2719.27783,132,14870.54201,85,410.1801631,104,0.080556013,4728.522005,159,25858.22027,102,713.257728,125,0.179142615,8762.117454,415,47916.19091,267,1321.691637,326,1.854533205,4532.129717,159,24784.23668,102,683.6336052,125,0.168964057,5287.48467,658,28914.94279,423,797.5725394,517,0.69505008,11330.32429,850,61960.59169,546,1709.084013,668,0.032097789,0.018595515,0.00E+00,0.6,0.73,0.26,0.01,0.52,0.44,0.04,1,1,0.02,0.686,0.147,0.147,1,0.74,0.26,0.92,0.08,0.96,0.04,0.15,0.85,1,1,0,0.01,0.99,0.35,0.65
Huizhou City,Largecities,5,广东省,130.4393,115.8035161,4763.720712,132,12546.9638,85,689.3154886,104,0.289182475,8283.581016,159,21817.77594,102,1198.643044,125,0.985133297,15349.76674,415,40429.10558,267,2221.127686,326,10.34980704,7939.53452,159,20911.60633,102,1148.859148,125,0.626186956,9262.790273,658,24396.87405,423,1340.335672,517,2.385474116,19848.8363,850,52279.01583,546,2872.147869,668,0.033605466,0.017496763,0.071578553,0.6,0.704,0.286,0.01,0.488770526,0.462729474,0.0485,1,1,0.02,0.471221579,0.466494402,0.042284019,1,0.74,0.26,0.92,0.08,0.96,0.04,0.15,0.85,1,0.9,0.1,0.01,0.99,0.35,0.65
Jixi City,Medium-small-cities,5,黑龙江省,21.9,18.67363785,3365.897903,132,14114.00667,85,520.0954314,104,0.089621171,5852.922465,159,24542.68937,102,904.3881668,125,0.217651415,10845.67102,415,45478.46592,267,1675.863057,326,1.863693585,5609.829838,159,23523.34444,102,866.8257189,125,0.178815574,6544.801478,658,27443.90185,423,1011.296672,517,0.876580404,14024.5746,850,58808.36111,546,2167.064297,668,0.028175528,0.038963022,0.025403741,0.6,0.73,0.26,0.01,0.52,0.44,0.04,1,1,0.02,0.686,0.147,0.147,1,0.74,0.26,0.92,0.08,0.96,0.04,0.15,0.85,1,1,0,0.01,0.99,0.35,0.65
Ji'an City (Jiangxi),Medium-small-cities,5,江西省,49.7006,42.73277567,2441.279711,132,15096.58008,85,462.1402066,104,0.116352028,4245.114164,159,26251.27537,102,803.6104704,125,0.251819033,7866.345736,415,48644.53582,267,1489.118443,326,4.031597783,4068.799519,159,25160.9668,102,770.2336777,125,0.31747482,4746.932772,658,29354.46127,423,898.6059573,517,2.250580663,10171.9988,850,62902.41701,546,1925.584194,668,0.012802267,0.026399179,0.040726353,0.6,0.704,0.286,0.01,0.476,0.484,0.04,1,1,0.02,0.686,0.147,0.147,1,0.74,0.26,0.92,0.08,0.96,0.04,0.15,0.85,1,1,0,0.01,0.99,0.35,0.65
Jilin City,Medium-small-cities,5,吉林省,61.3329,54.24783135,3291.342708,132,14083.94013,85,624.7171594,104,0.183034355,5723.279264,159,24490.40701,102,1086.313727,125,0.493100016,10605.43761,415,45381.58487,267,2012.977514,326,4.073197359,5485.57118,159,23473.23355,102,1041.195266,125,0.249964828,6399.833043,658,27385.43915,423,1214.72781,517,2.085772088,13713.92795,850,58683.08389,546,2602.988164,668,0.016905182,0.016598722,0,0.6,0.73,0.26,0.01,0.52,0.44,0.04,1,1,0.02,0.686,0.147,0.147,1,0.74,0.26,0.92,0.08,0.96,0.04,0.15,0.85,1,1,0,0.01,0.99,0.35,0.65
Jinan City,Extra-large-cities,5,山东省,257.8872,226.7894912,5430.667142,132,11725.39229,85,843.9405715,104,0.444902823,9443.326753,159,20389.15436,102,1467.518883,125,1.468955953,17498.81635,415,37781.81959,267,2719.364064,326,18.89893936,9051.111904,159,19542.32048,102,1406.567619,125,0.886477195,10559.63055,658,22799.37389,423,1640.995556,517,9.398433444,22627.77976,850,48855.80119,546,3516.419048,668,0.023284222,0.014147199,0.454290124,0.6,0.744975781,0.219524219,0.0355,0.55403267,0.33646733,0.1095,1,1,0.02,0.014,0.9358125,0.0301875,1,0.74,0.26,0.92,0.08,0.96,0.04,0.15,0.85,1,1,0,0.01,0.99,0.35,0.65
Jining City,Largecities,5,山东省,155.2222,136.5045018,2910.365667,132,14516.9129,85,572.72143,104,0.267786827,5060.802521,159,25243.29855,102,995.898931,125,0.884163986,9377.844928,415,46776.71935,267,1845.435719,326,11.37526385,4850.609445,159,24194.85484,102,954.5357166,125,0.533570261,5659.044353,658,28227.33064,423,1113.625003,517,5.656913238,12126.52361,850,60487.13709,546,2386.339292,668,0.011530913,0.016171906,0.02350887,0.6,0.756,0.234,0.01,0.572903158,0.378596842,0.0485,1,1,0.02,0.471221579,0.466494402,0.042284019,1,0.74,0.26,0.92,0.08,0.96,0.04,0.15,0.85,1,1,0,0.01,0.99,0.35,0.65
Jiamusi City,Medium-small-cities,5,黑龙江省,29.8106,25.4188287,3298.768732,132,14240.36823,85,460.8630355,104,0.121993647,5736.192296,159,24762.41809,102,801.3896118,125,0.296270286,10629.36592,415,45885.63097,267,1485.003114,326,2.53688694,5497.947887,159,23733.94705,102,768.1050592,125,0.243406372,6414.272535,658,27689.6049,423,896.1225691,517,1.193214054,13744.86972,850,59334.86763,546,1920.262648,668,0.01585163,0.032839422,0.0399504,0.6,0.743,0.247,0.01,0.542,0.418,0.04,1,1,0.02,0.686,0.147,0.147,1,0.74,0.26,0.92,0.08,0.96,0.04,0.15,0.85,1,1,0,0.01,0.99,0.35,0.65
Jiaxing City,Largecities,5,浙江省,147.8138,133.6928498,6936.776062,132,10153.23359,85,909.9903475,104,0.285668483,12062.28282,159,17655.34508,102,1582.372104,125,0.669535506,22351.83398,415,32715.9749,267,2932.19112,326,10.50992202,11561.29344,159,16922.05598,102,1516.650579,125,0.349051177,13488.17568,658,19742.39865,423,1769.425676,517,2.306772996,28903.23359,850,42305.13996,546,3791.626448,668,0.015850687,0.011693269,0,0.6,0.717,0.273,0.01,0.509803684,0.441696316,0.0485,1,1,0.02,0.471221579,0.466494402,0.042284019,1,0.74,0.26,0.92,0.08,0.96,0.04,0.15,0.85,1,0.9,0.1,0.01,0.99,0.35,0.65
Jiayuguan City,Medium-small-cities,5,甘肃省,7.31,5.966725887,4412.39369,132,8416.945573,85,5170.660737,104,0.023145119,7672.66236,159,14636.13314,102,8991.204504,125,0.051219291,14217.713,415,27121.26907,267,16661.01793,326,0.982381706,7353.989483,159,14028.24262,102,8617.767895,125,0.055505424,8579.654396,658,16366.28306,423,10054.06254,517,0.231022574,18384.97371,850,35070.60656,546,21544.41974,668,0.013434747,0.018381404,0.034358909,0.6,0.743,0.247,0.01,0.542,0.418,0.04,1,1,0.02,0.686,0.147,0.147,1,0.74,0.26,0.92,0.08,0.96,0.04,0.15,0.85,1,1,0,0.01,0.99,0.35,0.65
Jiangmen City,Largecities,5,广东省,88.0028,78.12855227,6377.693905,132,10699.54708,85,922.7590111,104,0.195101228,11090.10107,159,18605.32354,102,1604.575392,125,0.664634726,20550.34703,415,34476.31838,267,2973.334591,326,6.982650159,10629.48984,159,17832.57847,102,1537.931685,125,0.422466277,12401.07148,658,20804.67489,423,1794.253633,517,1.60939534,26573.7246,850,44581.44618,546,3844.829213,668,0.018485882,0.021053518,0,0.6,0.704,0.286,0.01,0.488770526,0.462729474,0.0485,1,1,0.02,0.471221579,0.466494402,0.042284019,1,0.74,0.26,0.92,0.08,0.96,0.04,0.15,0.85,1,0.9,0.1,0.01,0.99,0.35,0.65
Jiaozuo City,Medium-small-cities,5,河南省,59.0428,52.11285764,6199.087209,132,11268.03997,85,532.872826,104,0.134244187,10779.52387,159,19593.8695,102,926.6066362,125,0.291291495,19974.83656,415,36308.12878,267,1717.034661,326,4.234392657,10331.81201,159,18780.06661,102,888.1213766,125,0.145645748,12053.78068,658,21910.07771,423,1036.141606,517,2.124368278,25829.53004,850,46950.16652,546,2220.303441,668,0.010966941,0.009887718,0,0.6,0.743,0.247,0.01,0.542,0.418,0.04,1,1,0.02,0.686,0.147,0.147,1,0.74,0.26,0.92,0.08,0.96,0.04,0.15,0.85,1,1,0,0.01,0.99,0.35,0.65
Jieyang City,Medium-small-cities,5,广东省,59.0227,52.40012934,4041.793569,132,13304.53395,85,653.6724777,104,0.130852669,7028.229928,159,23135.10626,102,1136.663808,125,0.445764636,13023.55705,415,42870.16496,267,2106.277984,326,4.683201734,6736.322615,159,22174.22326,102,1089.45413,125,0.283344397,7859.04305,658,25869.92713,423,1271.029818,517,1.079407227,16840.80654,850,55435.55814,546,2723.635324,668,0.020388376,0.013113172,0.193798796,0.6,0.704,0.286,0.01,0.476,0.484,0.04,1,1,0.02,0.686,0.147,0.147,1,0.74,0.26,0.92,0.08,0.96,0.04,0.15,0.85,1,0.9,0.1,0.01,0.99,0.35,0.65
Jinchang City,Medium-small-cities,5,甘肃省,8.51,6.946215773,4154.724307,132,13297.7645,85,547.5111884,104,0.026944591,7224.603935,159,23123.33494,102,952.0611221,125,0.059627382,13387.44499,415,42848.35229,267,1764.202718,326,1.143648197,6924.540512,159,22162.94084,102,912.5186474,125,0.064617121,8078.630598,658,25856.76431,423,1064.605089,517,0.268946936,17311.35128,850,55407.3521,546,2281.296618,668,0.015468428,0.022728495,0.030541783,0.6,0.756,0.234,0.01,0.564,0.396,0.04,1,1,0.02,0.686,0.147,0.147,1,0.74,0.26,0.92,0.08,0.96,0.04,0.15,0.85,1,1,0,0.01,0.99,0.35,0.65
Jinhua City,Largecities,5,浙江省,207.2702,187.4692601,4169.568744,132,13236.1739,85,594.257351,104,0.400575342,7250.41676,159,23016.23573,102,1033.347505,125,0.938848458,13435.27706,415,42649.89369,267,1914.829242,326,14.7374172,6949.28124,159,22060.28984,102,990.4289184,125,0.489452996,8107.49478,658,25737.00482,423,1155.500405,517,3.234645888,17373.2031,850,55150.7246,546,2476.072296,668,0.015471028,0.009841082,0.047469484,0.6,0.704,0.286,0.01,0.488770526,0.462729474,0.0485,1,1,0.02,0.471221579,0.466494402,0.042284019,1,0.74,0.26,0.92,0.08,0.96,0.04,0.15,0.85,1,1,0,0.01,0.99,0.35,0.65
Jinzhou City,Medium-small-cities,5,辽宁省,47.2959,41.18613572,3043.564768,132,14456.11504,85,500.3201934,104,0.221852158,5292.420958,159,25137.57782,102,870.0012252,125,0.41390328,9807.042031,415,46580.81512,267,1612.142845,326,3.426015416,5072.607947,159,24093.52506,102,833.866989,125,0.245030742,5918.042605,658,28109.11257,423,972.8448205,517,1.802962688,12681.51987,850,60233.81266,546,2084.667472,668,0.01789607,0.019163379,0.008553799,0.6,0.743,0.247,0.01,0.542,0.418,0.04,1,1,0.02,0.686,0.147,0.147,1,0.74,0.26,0.92,0.08,0.96,0.04,0.15,0.85,1,0.9,0.1,0.01,0.99,0.35,0.65
Jincheng City,Medium-small-cities,5,山西省,46.7224,41.35913541,4574.595939,132,12625.36262,85,800.0414422,104,0.080551309,7954.714049,159,21954.10278,102,1391.183174,125,0.238352643,14740.36469,415,40681.724,267,2577.911314,326,2.924276604,7624.326564,159,21042.27103,102,1333.402404,125,0.083852592,8895.047659,658,24549.3162,423,1555.636138,517,2.03623144,19060.81641,850,52605.67758,546,3333.506009,668,0.014522067,0.014646633,0,0.6,0.756,0.234,0.01,0.564,0.396,0.04,1,1,0.02,0.686,0.147,0.147,1,0.74,0.26,0.92,0.08,0.96,0.04,0.15,0.85,1,1,0,0.01,0.99,0.35,0.65
Jinzhong City,Medium-small-cities,5,山西省,67.4302,59.68988692,4861.689563,132,12438.988,85,699.3224343,104,0.116252394,8453.937962,159,21630.01803,102,1216.044011,125,0.343992739,15665.44415,415,40081.18356,267,2253.372288,326,4.220343053,8102.815938,159,20731.64667,102,1165.53739,125,0.121016836,9453.285261,658,24186.92112,423,1359.793622,517,2.938708055,20257.03985,850,51829.11668,546,2913.843476,668,0.022481155,0.017234238,0,0.6,0.756,0.234,0.01,0.564,0.396,0.04,1,1,0.02,0.686,0.147,0.147,1,0.74,0.26,0.92,0.08,0.96,0.04,0.15,0.85,1,1,0,0.01,0.99,0.35,0.65
Jingmen City,Medium-small-cities,5,湖北省,37.6966,33.18576396,3526.501845,132,14473.49815,85,0,104,0.122009724,6132.194875,159,25167.80512,102,0,125,0.271328483,11363.17261,415,46636.82739,267,0,326,2.808866459,5877.503075,159,24122.49692,102,0,125,0.255912092,6857.086921,658,28142.91308,423,0,517,1.052719278,14693.75769,850,60306.24231,546,0,668,0.01553915,0.017517879,0,0.6,0.743,0.247,0.01,0.542,0.418,0.04,1,1,0.02,0.686,0.147,0.147,1,0.74,0.26,0.92,0.08,0.96,0.04,0.15,0.85,1,1,0,0.01,0.99,0.35,0.65
Jingzhou City,Medium-small-cities,5,湖北省,53.6687,47.24661668,2549.650178,132,15450.34982,85,0,104,0.173705408,4433.558365,159,26866.44163,102,0,125,0.386290726,8215.539462,415,49784.46054,267,0,326,3.998986947,4249.416963,159,25750.58304,102,0,125,0.364342389,4957.653124,658,30042.34688,423,0,517,1.498757849,10623.54241,850,64376.45759,546,0,668,0.02087948,0.018021854,0,0.6,0.73,0.26,0.01,0.52,0.44,0.04,1,1,0.02,0.686,0.147,0.147,1,0.74,0.26,0.92,0.08,0.96,0.04,0.15,0.85,1,1,0,0.01,0.99,0.35,0.65
Jingdezhen City,Medium-small-cities,5,江西省,23.4326,20.14744368,3703.444465,132,13636.76552,85,659.7900166,104,0.054857095,6439.878431,159,23712.82004,102,1147.301529,125,0.118726427,11933.32105,415,43940.68889,267,2125.990053,326,1.900798345,6172.407442,159,22727.94253,102,1099.650028,125,0.149681502,7201.142015,658,26515.93295,423,1282.925032,517,1.061092953,15431.0186,850,56819.85633,546,2749.125069,668,0.049774985,0.024396399,0.100034476,0.6,0.717,0.273,0.01,0.498,0.462,0.04,1,1,0.02,0.686,0.147,0.147,1,0.74,0.26,0.92,0.08,0.96,0.04,0.15,0.85,1,1,0,0.01,0.99,0.35,0.65
Jiujiang City,Largecities,5,江西省,61.3696,52.76582878,2421.947896,132,15066.01709,85,512.0350109,104,0.143669844,4211.498287,159,26198.12972,102,890.3719912,125,0.310942591,7804.054333,415,48546.05508,267,1649.890591,326,4.978160088,4036.579827,159,25110.02849,102,853.3916849,125,0.392013431,4709.343132,658,29295.03324,423,995.6236324,517,2.778985265,10091.44957,850,62775.07122,546,2133.479212,668,0.051026009,0.019014593,0,0.6,0.73,0.26,0.01,0.530836842,0.420663158,0.0485,1,1,0.02,0.471221579,0.466494402,0.042284019,1,0.74,0.26,0.92,0.08,0.96,0.04,0.15,0.85,1,1,0,0.01,0.99,0.35,0.65
Jiuquan City,Medium-small-cities,5,甘肃省,20.48,16.71662738,3171.549697,132,14186.68708,85,641.7632236,104,0.064844327,5514.972529,159,24669.07253,102,1115.954939,125,0.143498094,10219.43791,415,45712.65837,267,2067.903721,326,2.752281442,5285.916162,159,23644.47847,102,1069.605373,125,0.155506303,6166.902189,658,27585.22488,423,1247.872935,517,0.647242451,13214.79041,850,59111.19616,546,2674.013432,668,0.016551149,0.021946958,0.070903441,0.6,0.756,0.234,0.01,0.564,0.396,0.04,1,1,0.02,0.686,0.147,0.147,1,0.74,0.26,0.92,0.08,0.96,0.04,0.15,0.85,1,1,0,0.01,0.99,0.35,0.65
Kashgar Prefecture,Medium-small-cities,5,新疆维吾尔族自治区,60.22,49.88452083,3146.228791,132,14244.00668,85,609.7645331,104,0.309020387,5470.942287,159,24768.74494,102,1060.312771,125,0.418987102,10137.84833,415,45897.35484,267,1964.796829,326,6.783136702,5243.714652,159,23740.01113,102,1016.274222,125,0.400891313,6117.667094,658,27696.67965,423,1185.653259,517,2.423443669,13109.28663,850,59350.02782,546,2540.685554,668,0.071746944,0.064550036,0.504598621,0.6,0.756,0.234,0.01,0.564,0.396,0.04,1,1,0.02,0.686,0.147,0.147,1,0.74,0.26,0.92,0.08,0.96,0.04,0.15,0.85,1,1,0,0.01,0.99,0.35,0.65
Kaifeng City,Medium-small-cities,5,河南省,64.4348,56.87199047,3005.046257,132,14122.582,85,872.371741,104,0.146503847,5225.441548,159,24557.60093,102,1516.957527,125,0.317893278,9682.926829,415,45506.09756,267,2810.97561,326,4.621092563,5008.410429,159,23537.63667,102,1453.952902,125,0.158946639,5843.1455,658,27460.57611,423,1696.278385,517,2.318373199,12521.02607,850,58844.09167,546,3634.882254,668,0.016577348,0.014536142,0,0.6,0.743,0.247,0.01,0.542,0.418,0.04,1,1,0.02,0.686,0.147,0.147,1,0.74,0.26,0.92,0.08,0.96,0.04,0.15,0.85,1,1,0,0.01,0.99,0.35,0.65
Karamay City,Medium-small-cities,5,新疆维吾尔族自治区,15.3,12.67408118,4461.973133,132,10435.33163,85,3102.695238,104,0.07851232,7758.875503,159,18145.88222,102,5395.242274,125,0.106451389,14377.46898,415,33624.95747,267,9997.573543,326,1.723380796,7436.621888,159,17392.21938,102,5171.158729,125,0.101853821,8676.05887,658,20290.92261,423,6033.018518,517,0.615720494,18591.55472,850,43480.54846,546,12927.89682,668,0.102815111,0.040608877,0.562742079,0.6,0.756,0.234,0.01,0.564,0.396,0.04,1,1,0.02,0.686,0.147,0.147,1,0.74,0.26,0.92,0.08,0.96,0.04,0.15,0.85,1,1,0,0.01,0.99,0.35,0.65
Kizilsu Kirgiz Autonomous Prefecture,Medium-small-cities,5,新疆维吾尔族自治区,13.7546,11.39391614,2480.236313,132,15320.58141,85,199.1822798,104,0.070582063,4312.855366,159,26640.78878,102,346.3558531,125,0.095699103,7991.872563,415,49366.31787,267,641.8095681,326,1.549308072,4133.727188,159,25534.30235,102,331.9704663,125,0.091565919,4822.681719,658,29790.0194,423,387.2988773,517,0.5535287,10334.31797,850,63835.75586,546,829.9261657,668,0.018731427,0.098503819,0,0.6,0.756,0.234,0.01,0.564,0.396,0.04,1,1,0.02,0.686,0.147,0.147,1,0.74,0.26,0.92,0.08,0.96,0.04,0.15,0.85,1,1,0,0.01,0.99,0.35,0.65
Kunming City,Largecities,5,云南省,250.39,212.8633511,1634.997791,132,15438.79806,85,926.2041538,104,0.701401023,2843.079491,159,26846.3544,102,1610.566112,125,1.070737794,5268.326214,415,49747.23818,267,2984.435607,326,28.61174028,2724.996318,159,25731.33009,102,1543.67359,125,1.687428548,3179.162371,658,30019.88511,423,1800.952521,517,5.45534129,6812.490794,850,64328.32523,546,3859.183974,668,0.026603308,0.016983699,3.972247721,0.6,0.743,0.247,0.01,0.55187,0.39963,0.0485,1,1,0.02,0.471221579,0.466494402,0.042284019,1,0.74,0.26,0.92,0.08,0.96,0.04,0.15,0.85,1,1,0,0.01,0.99,0.35,0.65
Lhasa City,Medium-small-cities,5,西藏自治区,25.7008,16.79347921,2851.73181,132,14593.22006,85,555.0481277,104,0.134607766,4958.844758,159,25375.98822,102,965.167022,125,0.199590825,9188.913609,415,47022.59798,267,1788.488411,326,5.769567347,4752.88635,159,24322.03344,102,925.0802128,125,0.863346361,5545.034075,658,28375.70568,423,1079.260248,517,1.940208488,11882.21587,850,60805.08359,546,2312.700532,668,0.062797495,0.031781575,0.593480285,0.6,0.73,0.26,0.01,0.52,0.44,0.04,1,1,0.02,0.686,0.147,0.147,1,0.74,0.26,0.92,0.08,0.96,0.04,0.15,0.85,1,1,0,0.01,0.99,0.35,0.65
Laibin City,Medium-small-cities,5,广西壮族自治区,23.2455,20.1684921,3439.94746,132,14017.76891,85,542.2836289,104,0.057193455,5981.686417,159,24375.34261,102,942.970977,125,0.135877785,11084.27515,415,45168.36649,267,1747.35836,326,1.986172721,5733.245767,159,23362.94818,102,903.8060482,125,0.171926993,6688.786728,658,27256.77288,423,1054.44039,517,0.725836942,14333.11442,850,58407.37046,546,2259.515121,668,0.023880998,0.023208981,0,0.6,0.717,0.273,0.01,0.498,0.462,0.04,1,1,0.02,0.686,0.147,0.147,1,0.74,0.26,0.92,0.08,0.96,0.04,0.15,0.85,1,1,0,0.01,0.99,0.35,0.65
Lanzhou City,Medium-small-cities,5,甘肃省,92.49,75.49418294,5046.794813,132,12046.05301,85,907.1521787,104,0.292844327,8775.815425,159,20946.74773,102,1577.436844,125,0.64805365,16261.8944,415,38815.05969,267,2923.045909,326,12.42961478,8411.324689,159,20076.75501,102,1511.920298,125,0.702284081,9813.212137,658,23422.88085,423,1763.907014,517,2.923020229,21028.31172,850,50191.88753,546,3779.800745,668,0.015857349,0.0192679,0.396584846,0.6,0.756,0.234,0.01,0.564,0.396,0.04,1,1,0.02,0.686,0.147,0.147,1,0.74,0.26,0.92,0.08,0.96,0.04,0.15,0.85,1,1,0,0.01,0.99,0.35,0.65
Langfang City,Largecities,5,河北省,85.5844,74.11184146,4541.953472,132,12843.25172,85,614.794807,104,0.114751665,7897.952427,159,22332.98771,102,1069.059859,125,0.352078973,14635.18341,415,41383.8111,267,1981.005489,326,7.018629131,7569.922454,159,21405.41953,102,1024.658012,125,0.230546528,8831.576196,658,24972.98946,423,1195.434347,517,3.756552244,18924.80613,850,53513.54884,546,2561.645029,668,0.020798858,0.014355184,0,0.6,0.756,0.234,0.01,0.572903158,0.378596842,0.0485,1,1,0.02,0.471221579,0.466494402,0.042284019,1,0.74,0.26,0.92,0.08,0.96,0.04,0.15,0.85,1,1,0,0.01,0.99,0.35,0.65
Leshan City,Medium-small-cities,5,四川省,60.09,53.83262007,2749.15203,132,14712.88341,85,537.9645558,104,0.11037988,4780.469919,159,25584.06949,102,935.4605887,125,0.388597658,8858.378764,415,47408.17989,267,1733.441347,326,4.016013152,4581.92005,159,24521.47236,102,896.607593,125,0.315011072,5345.573392,658,28608.38442,423,1046.042192,517,1.427378168,11454.80013,850,61303.68089,546,2241.518983,668,0.013377283,0.030673289,0,0.6,0.717,0.273,0.01,0.498,0.462,0.04,1,1,0.02,0.686,0.147,0.147,1,0.74,0.26,0.92,0.08,0.96,0.04,0.15,0.85,1,1,0,0.01,0.99,0.35,0.65
Lijiang City,Medium-small-cities,5,云南省,20.39,17.33409373,2105.070809,132,15642.07401,85,252.855185,104,0.057117165,3660.484239,159,27199.82869,102,439.6870717,125,0.087193353,6783.005939,415,50402.23847,267,814.7555962,326,2.329938833,3508.451348,159,26070.12334,102,421.4253084,125,0.137412309,4093.193239,658,30415.1439,423,491.6628598,517,0.444244614,8771.128369,850,65175.30836,546,1053.563271,668,0.044908704,0.033145729,0.670077528,0.6,0.73,0.26,0.01,0.52,0.44,0.04,1,1,0.02,0.686,0.147,0.147,1,0.74,0.26,0.92,0.08,0.96,0.04,0.15,0.85,1,1,0,0.01,0.99,0.35,0.65
Lishui City,Medium-small-cities,5,浙江省,42.852,38.75826209,2019.081024,132,15500.39858,85,480.5203916,104,0.082816799,3510.957559,159,26953.47087,102,835.5715698,125,0.194101873,6505.927745,415,49945.72877,267,1548.343484,326,3.046881808,3365.13504,159,25833.99764,102,800.8673193,125,0.101191777,3925.99088,658,30139.66391,423,934.3452058,517,0.668745655,8412.837601,850,64584.9941,546,2002.168298,668,0.011405107,0.015594388,0,0.6,0.704,0.286,0.01,0.476,0.484,0.04,1,1,0.02,0.686,0.147,0.147,1,0.74,0.26,0.92,0.08,0.96,0.04,0.15,0.85,1,1,0,0.01,0.99,0.35,0.65
Lianyungang City,Largecities,5,江苏省,73.41,67.95450006,5264.810378,132,12208.70858,85,526.4810378,104,0.152302105,9154.920268,159,21229.58771,102,915.4920268,125,0.444182341,16964.38899,415,39339.17211,267,1696.438899,326,2.491199742,8774.683963,159,20347.84764,102,877.4683963,125,0.431072792,10237.13129,658,23739.15558,423,1023.713129,517,1.936742966,21936.70991,850,50869.6191,546,2193.670991,668,0.014677592,0.016585505,0.060450497,0.6,0.743,0.247,0.01,0.55187,0.39963,0.0485,1,1,0.02,0.471221579,0.466494402,0.042284019,1,0.74,0.26,0.92,0.08,0.96,0.04,0.15,0.85,1,0.9,0.1,0.01,0.99,0.35,0.65
Liaoyang City,Medium-small-cities,5,辽宁省,27.5223,23.96692278,3909.83386,132,13542.93779,85,547.228345,104,0.129099597,6798.766657,159,23549.66405,102,951.5692888,125,0.240857458,12598.35355,415,43638.35512,267,1763.291334,326,1.993657465,6516.389767,159,22571.56299,102,912.0472417,125,0.142587615,7602.454728,658,26333.49016,423,1064.055115,517,1.049175087,16290.97442,850,56428.90748,546,2280.118104,668,0.013333249,0.028211166,0,0.6,0.743,0.247,0.01,0.542,0.418,0.04,1,1,0.02,0.686,0.147,0.147,1,0.74,0.26,0.92,0.08,0.96,0.04,0.15,0.85,1,1,0,0.01,0.99,0.35,0.65
Liaoyuan City,Medium-small-cities,5,吉林省,15.2145,13.45694774,2775.798262,132,14587.82957,85,636.3721665,104,0.04540428,4826.804756,159,25366.61475,102,1106.580489,125,0.122320487,8944.238844,415,47005.22862,267,2050.532536,326,1.010414659,4626.330437,159,24313.04929,102,1060.620277,125,0.062007338,5397.38551,658,28365.22417,423,1237.390324,517,0.517405494,11565.82609,850,60782.62321,546,2651.550694,668,0.017860753,0.023635642,0,0.6,0.73,0.26,0.01,0.52,0.44,0.04,1,1,0.02,0.686,0.147,0.147,1,0.74,0.26,0.92,0.08,0.96,0.04,0.15,0.85,1,1,0,0.01,0.99,0.35,0.65
Liaocheng City,Medium-small-cities,5,山东省,107.7707,94.77501102,2581.586507,132,14946.32717,85,472.0863199,104,0.185924267,4489.092092,159,25990.00225,102,820.9056563,125,0.613874637,8318.44541,415,48160.38756,267,1521.167031,326,7.89784031,4302.644178,159,24910.54529,102,786.8105332,125,0.370457579,5019.751541,658,29062.30284,423,917.945622,517,3.927592184,10756.61044,850,62276.36322,546,1967.026333,668,0.011605573,0.015049648,0,0.6,0.756,0.234,0.01,0.564,0.396,0.04,1,1,0.02,0.686,0.147,0.147,1,0.74,0.26,0.92,0.08,0.96,0.04,0.15,0.85,1,1,0,0.01,0.99,0.35,0.65
Nyingchi City,Medium-small-cities,5,西藏自治区,13.7757,9.001351382,2545.567995,132,15263.57552,85,190.8564814,104,0.072150135,4426.459902,159,26541.66188,102,331.8782149,125,0.106981235,8202.385761,415,49182.63224,267,614.9819957,326,3.092504082,4242.613324,159,25439.29254,102,318.0941357,125,0.462756041,4949.715545,658,29679.17463,423,371.109825,517,1.039957125,10606.53331,850,63598.23135,546,795.2353392,668,0.050770186,0.043484519,0.111118265,0.6,0.756,0.234,0.01,0.564,0.396,0.04,1,1,0.02,0.686,0.147,0.147,1,0.74,0.26,0.92,0.08,0.96,0.04,0.15,0.85,1,1,0,0.01,0.99,0.35,0.65
Lincang City,Medium-small-cities,5,云南省,22.2,18.87282397,1343.955626,132,16590.46169,85,65.5826853,104,0.062187399,2336.989505,159,28848.96949,102,114.0410028,125,0.09493342,4330.523683,415,53458.15433,267,211.321986,326,2.536765184,2239.926043,159,27650.76948,102,109.3044755,125,0.149610263,2613.24705,658,32259.23106,423,127.5218881,517,0.483679766,5599.815107,850,69126.9237,546,273.2611888,668,0.043041549,0.033267666,0.061481801,0.6,0.73,0.26,0.01,0.52,0.44,0.04,1,1,0.02,0.686,0.147,0.147,1,0.74,0.26,0.92,0.08,0.96,0.04,0.15,0.85,1,1,0,0.01,0.99,0.35,0.65
Linfen City,Medium-small-cities,5,山西省,72.5605,64.23127975,5307.872907,132,12069.49444,85,622.6326499,104,0.125097239,9229.801221,159,20987.50978,102,1082.688997,125,0.37016478,17103.14603,415,38890.59321,267,2006.260761,326,4.54143992,8846.454844,159,20115.82407,102,1037.721083,125,0.130224175,10320.86398,658,23468.46142,423,1210.674597,517,3.162294133,22116.13711,850,50289.56018,546,2594.302708,668,0.015018881,0.012758825,0.032078518,0.6,0.756,0.234,0.01,0.564,0.396,0.04,1,1,0.02,0.686,0.147,0.147,1,0.74,0.26,0.92,0.08,0.96,0.04,0.15,0.85,1,1,0,0.01,0.99,0.35,0.65
Linyi City,Largecities,5,山东省,262.1406,230.5299887,3319.76594,132,14132.46772,85,547.7663443,104,0.45224072,5772.704107,159,24574.79108,102,952.5048097,125,1.493183822,10697.02358,415,45537.95153,267,1765.024887,326,19.21064443,5532.943233,159,23554.11286,102,912.9439071,125,0.901098092,6455.100439,658,27479.79834,423,1065.101225,517,9.553444227,13832.35808,850,58885.28215,546,2282.359768,668,0.009827692,0.009468404,0.04988948,0.6,0.73,0.26,0.01,0.530836842,0.420663158,0.0485,1,1,0.02,0.471221579,0.466494402,0.042284019,1,0.74,0.26,0.92,0.08,0.96,0.04,0.15,0.85,1,1,0,0.01,0.99,0.35,0.65
Liuzhou City,Largecities,5,广西壮族自治区,79.6307,69.08998061,5159.904166,132,11995.3408,85,844.7550318,104,0.195924152,8972.500021,159,20858.56484,102,1468.935139,125,0.465468289,16626.35787,415,38651.6537,267,2721.988436,326,6.80391147,8599.840276,159,19992.23467,102,1407.925053,125,0.588959876,10033.14699,658,23324.27378,423,1642.579228,517,2.486455605,21499.60069,850,49980.58668,546,3519.812632,668,0.029534472,0.018056219,0.028761386,0.6,0.704,0.286,0.01,0.488770526,0.462729474,0.0485,1,1,0.02,0.471221579,0.466494402,0.042284019,1,0.74,0.26,0.92,0.08,0.96,0.04,0.15,0.85,1,1,0,0.01,0.99,0.35,0.65
Lu'an City,Medium-small-cities,5,安徽省,59.2794,50.77051138,2747.855918,132,14986.03284,85,266.1112472,104,0.162080318,4778.216123,159,26059.04599,102,462.737891,125,0.372719113,8854.202401,415,48288.32802,267,857.4695745,326,5.050081498,4579.759863,159,24976.72139,102,443.5187454,125,0.208014012,5343.053173,658,29139.50829,423,517.4385363,517,2.715993675,11449.39966,850,62441.80348,546,1108.796864,668,0.012448582,0.016001244,0,0.6,0.73,0.26,0.01,0.52,0.44,0.04,1,1,0.02,0.686,0.147,0.147,1,0.74,0.26,0.92,0.08,0.96,0.04,0.15,0.85,1,1,0,0.01,0.99,0.35,0.65
Liupanshui City,Medium-small-cities,5,贵州省,55.52,48.07030321,3213.295677,132,14107.79152,85,678.912802,104,0.198113507,5587.56415,159,24531.88192,102,1180.553928,125,0.3259963,10353.95274,415,45458.43934,267,2187.607918,326,5.647807273,5355.492795,159,23512.98587,102,1131.521337,125,0.307128346,6248.074928,658,27431.81685,423,1320.108226,517,0.970651361,13388.73199,850,58782.46467,546,2828.803342,668,0.015315029,0.034717764,0.031077791,0.6,0.73,0.26,0.01,0.52,0.44,0.04,1,1,0.02,0.686,0.147,0.147,1,0.74,0.26,0.92,0.08,0.96,0.04,0.15,0.85,1,1,0,0.01,0.99,0.35,0.65
Longyan City,Medium-small-cities,5,福建省,109,95.31367775,3736.171367,132,13421.90889,85,841.9197397,104,0.355468001,6496.786876,159,23339.20824,102,1464.004881,125,0.572609087,12038.7744,415,43248.3731,267,2712.852495,326,10.1670282,6226.952278,159,22369.84816,102,1403.199566,125,0.323298951,7264.777657,658,26098.15618,423,1637.066161,517,2.267918013,15567.38069,850,55924.62039,546,3507.998915,668,0.00659692,0.008917948,0.003549559,0.6,0.73,0.26,0.01,0.52,0.44,0.04,1,1,0.02,0.686,0.147,0.147,1,0.74,0.26,0.92,0.08,0.96,0.04,0.15,0.85,1,1,0,0.01,0.99,0.35,0.65
Longnan City,Medium-small-cities,5,甘肃省,19.11,15.59837643,3091.765073,132,14582.572,85,325.662923,104,0.060506596,5376.235932,159,25357.47243,102,566.2916384,125,0.133898857,9962.354123,415,46988.28757,267,1049.358308,326,2.568168865,5152.941788,159,24304.28667,102,542.7715384,125,0.145103782,6011.765419,658,28355.00112,423,633.2334615,517,0.603945471,12882.35447,850,60760.71668,546,1356.928846,668,0.015394015,0.045721186,0.032120541,0.6,0.756,0.234,0.01,0.564,0.396,0.04,1,1,0.02,0.686,0.147,0.147,1,0.74,0.26,0.92,0.08,0.96,0.04,0.15,0.85,1,1,0,0.01,0.99,0.35,0.65
Loudi City,Medium-small-cities,5,湖南省,40.8804,36.53540449,1503.178808,132,16128.47682,85,368.3443709,104,0.198528664,2613.860927,159,28045.62914,102,640.5099338,125,0.290483746,4843.576159,415,51969.53642,267,1186.887417,326,2.788832585,2505.298013,159,26880.7947,102,613.9072848,125,0.232481309,2922.847682,658,31360.92715,423,716.2251656,517,0.834669204,6263.245033,850,67201.98675,546,1534.768212,668,0.024765292,0.024279157,0,0.6,0.704,0.286,0.01,0.476,0.484,0.04,1,1,0.02,0.686,0.147,0.147,1,0.74,0.26,0.92,0.08,0.96,0.04,0.15,0.85,1,1,0,0.01,0.99,0.35,0.65
Luzhou City,Medium-small-cities,5,四川省,73.38,65.73868632,2635.624612,132,14744.91256,85,619.4628291,104,0.134792404,4583.058353,159,25639.76462,102,1077.177031,125,0.474543121,8492.568194,415,47511.38491,267,1996.046894,326,4.904227743,4392.707687,159,24574.85427,102,1032.438048,125,0.384681519,5124.825634,658,28670.66331,423,1204.511056,517,1.743068897,10981.76922,850,61437.13566,546,2581.095121,668,0.020059347,0.034387354,0.223956584,0.6,0.73,0.26,0.01,0.52,0.44,0.04,1,1,0.02,0.686,0.147,0.147,1,0.74,0.26,0.92,0.08,0.96,0.04,0.15,0.85,1,1,0,0.01,0.99,0.35,0.65
Luoyang City,Largecities,5,河南省,119.8284,105.7639602,3912.330431,132,13613.88945,85,473.7801174,104,0.272450935,6803.107917,159,23673.0411,102,823.850982,125,0.591181208,12606.39806,415,43866.97712,267,1526.624823,326,8.593774297,6520.550719,159,22689.81575,102,789.6335291,125,0.295590604,7607.309172,658,26471.45171,423,921.2391172,517,4.311442746,16301.3768,850,56724.53938,546,1974.083823,668,0.008163706,0.010750679,0.373567561,0.6,0.743,0.247,0.01,0.55187,0.39963,0.0485,1,1,0.02,0.471221579,0.466494402,0.042284019,1,0.74,0.26,0.92,0.08,0.96,0.04,0.15,0.85,1,1,0,0.01,0.99,0.35,0.65
Luohe City,Medium-small-cities,5,河南省,36.537,32.24859728,3798.895028,132,13783.42541,85,417.679558,104,0.083073293,6605.856354,159,23967.8453,102,726.2983425,125,0.180257667,12240.88398,415,44413.25967,267,1345.856354,326,2.62033651,6331.491713,159,22972.37569,102,696.1325967,125,0.090128833,7386.740331,658,26801.10497,423,812.1546961,517,1.314606417,15828.72928,850,57430.93923,546,1740.331492,668,0.025681446,0.013052654,0,0.6,0.743,0.247,0.01,0.542,0.418,0.04,1,1,0.02,0.686,0.147,0.147,1,0.74,0.26,0.92,0.08,0.96,0.04,0.15,0.85,1,1,0,0.01,0.99,0.35,0.65
Lüliang City,Medium-small-cities,5,山西省,46,40.71965971,4745.473298,132,12703.75888,85,550.7678203,104,0.079305862,8251.850791,159,22090.42517,102,957.7240431,125,0.234667345,15290.96952,415,40934.33417,267,1774.69631,326,2.8790628,7909.122164,159,21172.93147,102,917.9463672,125,0.082556102,9227.309191,658,24701.75338,423,1070.937428,517,2.004748177,19772.80541,850,52932.32867,546,2294.865918,668,0.007374411,0.014642492,0.029002858,0.6,0.756,0.234,0.01,0.564,0.396,0.04,1,1,0.02,0.686,0.147,0.147,1,0.74,0.26,0.92,0.08,0.96,0.04,0.15,0.85,1,1,0,0.01,0.99,0.35,0.65
Ma'anshan City,Medium-small-cities,5,安徽省,30.7566,26.34183731,4462.56648,132,13009.68226,85,527.7512614,104,0.08409396,7759.907269,159,22622.39193,102,917.7008046,125,0.193382063,14379.38088,415,41920.08728,267,1700.531842,326,2.620190768,7437.6108,159,21682.80376,102,879.5854357,125,0.107926257,8677.212601,658,25296.60439,423,1026.183008,517,1.409169645,18594.027,850,54207.00941,546,2198.963589,668,0.032309297,0.01756154,0,0.6,0.743,0.247,0.01,0.542,0.418,0.04,1,1,0.02,0.686,0.147,0.147,1,0.74,0.26,0.92,0.08,0.96,0.04,0.15,0.85,1,1,0,0.01,0.99,0.35,0.65
Maoming City,Largecities,5,广东省,71.5422,63.51489398,2920.427549,132,14566.75528,85,512.8171662,104,0.158608261,5078.299016,159,25329.96891,102,891.7320724,125,0.540317246,9410.266547,415,46937.32258,267,1652.410869,326,5.676571134,4867.379248,159,24277.92547,102,854.695277,125,0.343445514,5678.609123,658,28324.24639,423,997.1444899,517,1.308363862,12168.44812,850,60694.81369,546,2136.738193,668,0.01323191,0.022476008,0,0.6,0.717,0.273,0.01,0.509803684,0.441696316,0.0485,1,1,0.02,0.471221579,0.466494402,0.042284019,1,0.74,0.26,0.92,0.08,0.96,0.04,0.15,0.85,1,0.9,0.1,0.01,0.99,0.35,0.65
Meishan City,Medium-small-cities,5,四川省,59.77,53.54594278,2228.840294,132,15138.4093,85,632.7504038,104,0.109792069,3875.705622,159,26324.01173,102,1100.282647,125,0.386528241,7181.818724,415,48779.31886,267,2038.862412,326,3.994626495,3714.733823,159,25230.68217,102,1054.584006,125,0.313333529,4333.856127,658,29435.79587,423,1230.348007,517,1.419776887,9286.834557,850,63076.70543,546,2636.460016,668,0.027069753,0.034163802,0,0.6,0.717,0.273,0.01,0.498,0.462,0.04,1,1,0.02,0.686,0.147,0.147,1,0.74,0.26,0.92,0.08,0.96,0.04,0.15,0.85,1,1,0,0.01,0.99,0.35,0.65
Meizhou City,Medium-small-cities,5,广东省,57.8645,51.37188377,3350.75983,132,14030.12599,85,619.1141799,104,0.128284952,5826.599038,159,24396.83019,102,1076.570768,125,0.437017415,10796.89279,415,45208.18375,267,1994.923468,326,4.59130346,5584.599717,159,23383.54332,102,1031.856966,125,0.277784342,6515.366336,658,27280.80054,423,1203.833127,517,1.058226064,13961.49929,850,58458.85829,546,2579.642416,668,0.028638774,0.019042249,0.030254958,0.6,0.717,0.273,0.01,0.498,0.462,0.04,1,1,0.02,0.686,0.147,0.147,1,0.74,0.26,0.92,0.08,0.96,0.04,0.15,0.85,1,1,0,0.01,0.99,0.35,0.65
Mianyang City,Medium-small-cities,5,四川省,85.25,76.37262208,2223.80315,132,15206.05291,85,570.1439433,104,0.156596517,3866.946588,159,26441.63644,102,991.4169681,125,0.551305548,7165.587927,415,48997.28159,267,1837.130484,326,5.697539045,3706.338583,159,25343.42151,102,950.2399055,125,0.446907869,4324.06168,658,29567.3251,423,1108.613223,517,2.025028938,9265.846458,850,63358.55378,546,2375.599764,668,0.015011166,0.025113496,1.472678363,0.6,0.73,0.26,0.01,0.52,0.44,0.04,1,1,0.02,0.686,0.147,0.147,1,0.74,0.26,0.92,0.08,0.96,0.04,0.15,0.85,1,1,0,0.01,0.99,0.35,0.65
Mudanjiang City,Medium-small-cities,5,黑龙江省,28.9631,24.6961845,3610.849565,132,13901.63573,85,487.514702,104,0.118525431,6278.866188,159,24173.39991,102,847.7338985,125,0.287847474,11634.95971,415,44794.15958,267,1570.880707,326,2.464764551,6018.082608,159,23169.39289,102,812.5245034,125,0.236486455,7021.096376,658,27030.95837,423,947.945254,517,1.159291593,15045.20652,850,57923.48222,546,2031.311258,668,0.019985133,0.025420612,0.03119777,0.6,0.73,0.26,0.01,0.52,0.44,0.04,1,1,0.02,0.686,0.147,0.147,1,0.74,0.26,0.92,0.08,0.96,0.04,0.15,0.85,1,1,0,0.01,0.99,0.35,0.65
Nagqu City,Medium-small-cities,5,西藏自治区,13.7757,9.001351382,1880.700584,132,15846.17389,85,273.1255256,104,0.072150135,3270.32935,159,27554.73571,102,474.9349417,125,0.106981235,6060.035217,415,51059.89365,267,880.0711379,326,3.092504082,3134.500974,159,26410.28982,102,455.2092093,125,0.462756041,3656.917803,658,30812.00479,423,531.0774108,517,1.039957125,7836.252435,850,66025.72454,546,1138.023023,668,0.038138526,0.047352499,0,0.6,0.743,0.247,0.01,0.542,0.418,0.04,1,1,0.02,0.686,0.147,0.147,1,0.74,0.26,0.92,0.08,0.96,0.04,0.15,0.85,1,1,0,0.01,0.99,0.35,0.65
Nanchang City,Largecities,5,江西省,116.5112,100.1767981,2446.134559,132,14908.48308,85,645.3823652,104,0.272759573,4253.556206,159,25924.19557,102,1122.248224,125,0.590329648,7881.989135,415,48038.44547,267,2079.565399,326,9.451119213,4076.890932,159,24847.47179,102,1075.637275,125,0.744243978,4756.372754,658,28988.71709,423,1254.910155,517,5.27594946,10192.22733,850,62118.67948,546,2689.093188,668,0.032441885,0.013342234,0.433077124,0.6,0.717,0.273,0.01,0.509803684,0.441696316,0.0485,1,1,0.02,0.471221579,0.466494402,0.042284019,1,0.74,0.26,0.92,0.08,0.96,0.04,0.15,0.85,1,1,0,0.01,0.99,0.35,0.65
Nanchong City,Medium-small-cities,5,四川省,83.57,74.8675663,2232.821635,132,15187.67255,85,579.5058185,104,0.15351051,3882.628731,159,26409.67504,102,1007.696229,125,0.54044111,7194.64749,415,48938.05598,267,1867.296526,326,5.585259096,3721.369391,159,25312.78758,102,965.8430309,125,0.43810077,4341.597623,658,29531.58551,423,1126.816869,517,1.985122209,9303.423478,850,63281.96894,546,2414.607577,668,0.015536351,0.035712498,0.22904667,0.6,0.73,0.26,0.01,0.52,0.44,0.04,1,1,0.02,0.686,0.147,0.147,1,0.74,0.26,0.92,0.08,0.96,0.04,0.15,0.85,1,1,0,0.01,0.99,0.35,0.65
Nanjing City,Extra-large-cities,5,江苏省,269.94,249.8792773,7277.461191,132,9801.139713,85,921.3990961,104,0.560038552,12654.6964,159,17043.09295,102,1602.21065,125,1.633327626,23449.59717,415,31581.45019,267,2968.952643,326,9.160529332,12129.10198,159,16335.23286,102,1535.66516,125,1.585121776,14150.61898,658,19057.77166,423,1791.609354,517,7.121705438,30322.75496,850,40838.08214,546,3839.1629,668,0.019518591,0.016942421,0.46417985,0.6,0.744975781,0.219524219,0.0355,0.55403267,0.33646733,0.1095,1,1,0.02,0.014,0.9358125,0.0301875,1,0.74,0.26,0.92,0.08,0.96,0.04,0.15,0.85,1,1,0,0.01,0.99,0.35,0.65
Nanning City,Largecities,5,广西壮族自治区,176.1627,152.8440354,4883.750662,132,12308.89621,85,807.3531301,104,0.433432428,8492.299763,159,21403.80285,102,1403.897387,125,1.029730375,15736.52991,415,39661.99889,267,2601.471197,326,15.05192614,8139.584437,159,20514.82701,102,1345.58855,125,1.302924148,9496.181844,658,23933.96485,423,1569.853308,517,5.500651543,20348.96109,850,51287.06753,546,3363.971375,668,0.035944752,0.014783648,0.370585483,0.6,0.73,0.26,0.01,0.530836842,0.420663158,0.0485,1,1,0.02,0.471221579,0.466494402,0.042284019,1,0.74,0.26,0.92,0.08,0.96,0.04,0.15,0.85,1,1,0,0.01,0.99,0.35,0.65
Nanping City,Medium-small-cities,5,福建省,29.25,25.57729426,3347.172609,132,13388.69044,85,1264.136955,104,0.095389349,5820.361259,159,23281.44504,102,2198.193705,125,0.153658861,10785.33396,415,43141.33585,267,4073.330188,326,2.728308026,5578.621015,159,22314.48406,102,2106.894925,125,0.086756829,6508.391184,658,26033.56474,423,2458.044079,517,0.608592678,13946.55254,850,55786.21015,546,5267.237312,668,0.018506945,0.01452373,0.026220327,0.6,0.704,0.286,0.01,0.476,0.484,0.04,1,1,0.02,0.686,0.147,0.147,1,0.74,0.26,0.92,0.08,0.96,0.04,0.15,0.85,1,1,0,0.01,0.99,0.35,0.65
Nantong City,Extra-large-cities,5,江苏省,181.23,167.7618042,3129.873106,132,14295.01534,85,575.1115583,104,0.375993876,5442.501567,159,24857.44333,102,1000.055099,125,1.096569481,10085.14667,415,46061.71608,267,1853.137244,326,6.150117548,5216.455176,159,23825.02556,102,958.5192639,125,1.064205451,6085.864372,658,27795.86315,423,1118.272475,517,4.781309463,13041.13794,850,59562.5639,546,2396.29816,668,0.01048034,0.014271139,0.1229244,0.6,0.733421875,0.231078125,0.0355,0.536323864,0.354176136,0.1095,1,1,0.02,0.014,0.9358125,0.0301875,1,0.74,0.26,0.92,0.08,0.96,0.04,0.15,0.85,1,0.9,0.1,0.01,0.99,0.35,0.65
Nanyang City,Largecities,5,河南省,114.3854,100.9598133,3139.654786,132,14505.26788,85,355.0773369,104,0.260075318,5459.510822,159,25223.04914,102,617.4400359,125,0.564327813,10116.66542,415,46739.19649,267,1144.138086,326,8.203416807,5232.757977,159,24175.44646,102,591.7955615,125,0.282163906,6104.884306,658,28204.68754,423,690.4281551,517,4.115602838,13081.89494,850,60438.61615,546,1479.488904,668,0.01567394,0.01283605,0.155833309,0.6,0.756,0.234,0.01,0.572903158,0.378596842,0.0485,1,1,0.02,0.471221579,0.466494402,0.042284019,1,0.74,0.26,0.92,0.08,0.96,0.04,0.15,0.85,1,1,0,0.01,0.99,0.35,0.65
Neijiang City,Medium-small-cities,5,四川省,47.01,42.1146858,1365.546549,132,16199.57504,85,434.8784135,104,0.086353106,2374.533722,159,28169.26104,102,756.2052412,125,0.30401025,4400.094436,415,52198.63068,267,1401.274888,326,3.141833554,2275.910915,159,26999.29173,102,724.7973558,125,0.246441512,2655.229401,658,31499.17368,423,845.5969151,517,1.116675781,5689.777288,850,67498.22932,546,1811.993389,668,0.098990947,0.034610456,0,0.6,0.73,0.26,0.01,0.52,0.44,0.04,1,1,0.02,0.686,0.147,0.147,1,0.74,0.26,0.92,0.08,0.96,0.04,0.15,0.85,1,1,0,0.01,0.99,0.35,0.65
Ningbo City,Extra-large-cities,5,浙江省,277.0211,250.5567161,5973.626374,132,11129.14286,85,897.2307692,104,0.535377598,10387.47253,159,19352.34286,102,1560.184615,125,1.254791246,19248.35165,415,35860.57143,267,2891.076923,326,19.69687646,9956.043956,159,18548.57143,102,1495.384615,125,0.654164503,11615.38462,658,21640,423,1744.615385,517,4.323174108,24890.10989,850,46371.42857,546,3738.461538,668,0.015172843,0.01409004,0.320989432,0.6,0.710314063,0.254185938,0.0355,0.50090625,0.38959375,0.1095,1,1,0.02,0.014,0.9358125,0.0301875,1,0.74,0.26,0.92,0.08,0.96,0.04,0.15,0.85,1,0.9,0.1,0.01,0.99,0.35,0.65
Ningde City,Medium-small-cities,5,福建省,27.78,24.29187126,3955.652857,132,13416.97402,85,627.3731199,104,0.090595423,6878.440801,159,23330.62705,102,1090.932147,125,0.145936518,12745.99254,415,43232.47185,267,2021.535609,326,2.591193059,6592.754761,159,22361.62337,102,1045.621867,125,0.082396742,7691.547221,658,26088.5606,423,1219.892178,517,0.578006995,16481.8869,850,55904.05843,546,2614.054666,668,0.008541621,0.010625503,0,0.6,0.717,0.273,0.01,0.498,0.462,0.04,1,1,0.02,0.686,0.147,0.147,1,0.74,0.26,0.92,0.08,0.96,0.04,0.15,0.85,1,0.9,0.1,0.01,0.99,0.35,0.65
Panzhihua City,Medium-small-cities,5,四川省,25.2,22.57583667,2394.851291,132,14988.93276,85,616.2159532,104,0.046290114,4164.3803,159,26064.08863,102,1071.531074,125,0.162966567,7716.743048,415,48297.67221,267,1985.584738,326,1.684199225,3991.418818,159,24981.55459,102,1027.026589,125,0.13210649,4656.655288,658,29145.14703,423,1198.197687,517,0.598600929,9978.547045,850,62453.88648,546,2567.566471,668,0.094114817,0.046637778,8.73E-02,0.6,0.73,0.26,0.01,0.52,0.44,0.04,1,1,0.02,0.686,0.147,0.147,1,0.74,0.26,0.92,0.08,0.96,0.04,0.15,0.85,1,1,0,0.01,0.99,0.35,0.65
Panjin City,Medium-small-cities,5,辽宁省,36.0316,31.37697702,3393.777463,132,14104.7176,85,501.5049333,104,0.169014401,5901.401922,159,24526.53672,102,872.0613562,125,0.315325375,10935.50516,415,45448.5345,267,1615.960341,326,2.610053241,5656.295772,159,23507.86267,102,835.8415555,125,0.186672622,6599.011734,658,27425.83978,423,975.1484814,517,1.373557335,14140.73943,850,58769.65668,546,2089.603889,668,0.013507422,0.01816077,0,0.6,0.756,0.234,0.01,0.564,0.396,0.04,1,1,0.02,0.686,0.147,0.147,1,0.74,0.26,0.92,0.08,0.96,0.04,0.15,0.85,1,0.9,0.1,0.01,0.99,0.35,0.65
Pingdingshan City,Medium-small-cities,5,河南省,71.3472,62.97307167,4066.522151,132,13382.33302,85,551.1448313,104,0.162220403,7071.230186,159,23270.39019,102,958.3796234,125,0.351996053,13103.23804,415,43120.85083,267,1775.911123,326,5.116831515,6777.536919,159,22303.88836,102,918.5747189,125,0.175998027,7907.126406,658,26021.20309,423,1071.670505,517,2.567082327,16943.8423,850,55759.72091,546,2296.436797,668,0.011206406,0.013062913,0,0.6,0.743,0.247,0.01,0.542,0.418,0.04,1,1,0.02,0.686,0.147,0.147,1,0.74,0.26,0.92,0.08,0.96,0.04,0.15,0.85,1,1,0,0.01,0.99,0.35,0.65
Pingliang City,Medium-small-cities,5,甘肃省,23.89,19.50001114,3125.07054,132,14260.15181,85,614.7776497,104,0.075641161,5434.150439,159,24796.81954,102,1069.030024,125,0.167391088,10069.67174,415,45949.37806,267,1980.950205,326,3.210547054,5208.4509,159,23766.91968,102,1024.629416,125,0.18139871,6076.52605,658,27728.07296,423,1195.400986,517,0.755010847,13021.12725,850,59417.29921,546,2561.573541,668,0.031878202,0.029830203,0,0.6,0.756,0.234,0.01,0.564,0.396,0.04,1,1,0.02,0.686,0.147,0.147,1,0.74,0.26,0.92,0.08,0.96,0.04,0.15,0.85,1,1,0,0.01,0.99,0.35,0.65
Pingxiang City,Medium-small-cities,5,江西省,24.34,20.92762985,2369.365776,132,15418.82728,85,211.8069406,104,0.056981372,4120.063821,159,26811.62744,102,368.3087355,125,0.123323969,7634.623055,415,49682.88791,267,682.4890307,326,1.974404535,3948.94296,159,25698.04547,102,353.0115676,125,0.155477743,4607.10012,658,29981.05305,423,411.8468289,517,1.102182536,9872.357399,850,64245.11368,546,882.528919,668,0.047108934,0.021243914,0,0.6,0.704,0.286,0.01,0.476,0.484,0.04,1,1,0.02,0.686,0.147,0.147,1,0.74,0.26,0.92,0.08,0.96,0.04,0.15,0.85,1,1,0,0.01,0.99,0.35,0.65
Putian City,Medium-small-cities,5,福建省,38.77,33.90193841,2922.184925,132,14355.50809,85,722.3069881,104,0.126435728,5081.354898,159,24962.63351,102,1256.011596,125,0.203670223,9415.929204,415,46256.63717,267,2327.433628,326,3.616290672,4870.308209,159,23925.84681,102,1203.84498,125,0.114993581,5682.026244,658,27913.48795,423,1404.48581,517,0.806671389,12175.77052,850,59814.61703,546,3009.61245,668,0.007989979,0.009010046,0,0.6,0.73,0.26,0.01,0.52,0.44,0.04,1,1,0.02,0.686,0.147,0.147,1,0.74,0.26,0.92,0.08,0.96,0.04,0.15,0.85,1,0.9,0.1,0.01,0.99,0.35,0.65
Puyang City,Medium-small-cities,5,河南省,68.6431,60.58635596,5197.01963,132,12240.72217,85,562.2582032,104,0.156072157,9037.039691,159,21285.25577,102,977.7045422,125,0.3386552,16745.95214,415,39442.32698,267,1811.720877,326,4.922900652,8661.699384,159,20401.20361,102,937.0970053,125,0.1693276,10105.31595,658,23801.40421,423,1093.27984,517,2.469788427,21654.24846,850,51003.00903,546,2342.742513,668,0.016190379,0.013828796,0,0.6,0.756,0.234,0.01,0.564,0.396,0.04,1,1,0.02,0.686,0.147,0.147,1,0.74,0.26,0.92,0.08,0.96,0.04,0.15,0.85,1,1,0,0.01,0.99,0.35,0.65
Pu'er City,Medium-small-cities,5,云南省,29.6,25.16376529,1452.67353,132,16375.45666,85,171.8698107,104,0.082916531,2526.037861,159,28475.09963,102,298.8625042,125,0.126577893,4680.836931,415,52765.36035,267,553.8027233,326,3.382353578,2421.122551,159,27292.42776,102,286.4496845,125,0.199480351,2824.642976,658,31841.16573,423,334.1912986,517,0.644906355,6052.806377,850,68231.06941,546,716.1242112,668,0.039646248,0.029286098,0.170229137,0.6,0.73,0.26,0.01,0.52,0.44,0.04,1,1,0.02,0.686,0.147,0.147,1,0.74,0.26,0.92,0.08,0.96,0.04,0.15,0.85,1,1,0,0.01,0.99,0.35,0.65
Qitaihe City,Medium-small-cities,5,黑龙江省,14.1179,12.03801607,3791.540327,132,13598.68505,85,609.7746234,104,0.057774554,6593.067346,159,23646.60234,102,1060.330317,125,0.140309631,12217.1855,415,43817.98516,267,1964.829342,326,1.201435601,6319.233878,159,22664.47508,102,1016.291039,125,0.115273991,7372.439524,658,26441.8876,423,1185.672879,517,0.565090159,15798.08469,850,56661.18771,546,2540.727598,668,0.021877402,0.042142045,0,0.6,0.743,0.247,0.01,0.542,0.418,0.04,1,1,0.02,0.686,0.147,0.147,1,0.74,0.26,0.92,0.08,0.96,0.04,0.15,0.85,1,1,0,0.01,0.99,0.35,0.65
Qiqihar City,Medium-small-cities,5,黑龙江省,7.8219,6.669558352,2939.433873,132,14479.93477,85,580.6313567,104,0.03200949,5111.348901,159,25178.99768,102,1009.653415,125,0.077737333,9471.509146,415,46657.56759,267,1870.92326,326,0.66564497,4899.056455,159,24133.22462,102,967.7189278,125,0.063866554,5715.565864,658,28155.42872,423,1129.005416,517,0.3130833,12247.64114,850,60333.06154,546,2419.297319,668,0.015755978,0.028121808,0.022882954,0.6,0.743,0.247,0.01,0.542,0.418,0.04,1,1,0.02,0.686,0.147,0.147,1,0.74,0.26,0.92,0.08,0.96,0.04,0.15,0.85,1,1,0,0.01,0.99,0.35,0.65
Qinzhou City,Medium-small-cities,5,广西壮族自治区,75.1807,65.22902731,3499.455826,132,13639.54465,85,860.9995198,104,0.184975329,6085.164853,159,23717.65265,102,1497.182498,125,0.439456539,11276.02433,415,43949.64389,267,2774.331786,326,6.423688691,5832.426376,159,22732.57442,102,1434.9992,125,0.556047049,6804.497439,658,26521.33683,423,1674.165733,517,2.347505082,14581.06594,850,56831.43606,546,3587.497999,668,0.02266474,0.024463962,0,0.6,0.73,0.26,0.01,0.52,0.44,0.04,1,1,0.02,0.686,0.147,0.147,1,0.74,0.26,0.92,0.08,0.96,0.04,0.15,0.85,1,0.9,0.1,0.01,0.99,0.35,0.65
Qinhuangdao City,Medium-small-cities,5,河北省,71.2,61.65566519,3813.279264,132,13485.09549,85,701.6252489,104,0.095465045,6630.868942,159,23449.08271,102,1220.04835,125,0.292904114,12287.23318,415,43451.97435,267,2260.792469,326,5.83898928,6355.46544,159,22475.15915,102,1169.375415,125,0.191797953,7414.709679,658,26221.019,423,1364.271317,517,3.125178418,15888.6636,850,56187.89786,546,2923.438537,668,0.01793468,0.020919716,0.094396115,0.6,0.743,0.247,0.01,0.542,0.418,0.04,1,1,0.02,0.686,0.147,0.147,1,0.74,0.26,0.92,0.08,0.96,0.04,0.15,0.85,1,0.9,0.1,0.01,0.99,0.35,0.65
Qingdao City,Extra-large-cities,5,山东省,291.0938,255.9918243,6001.288464,132,11124.7394,85,873.972137,104,0.502190311,10435.57383,159,19344.68573,102,1519.740438,125,1.658104669,19337.48505,415,35846.38251,267,2816.132441,326,21.3324433,10002.14744,159,18541.23233,102,1456.620228,125,1.000623588,11669.17201,658,21631.43772,423,1699.390266,517,10.60861379,25005.3686,850,46353.08083,546,3641.550571,668,0.015020771,0.013125091,0.828988589,0.6,0.756529688,0.207970313,0.0355,0.571741477,0.318758523,0.1095,1,1,0.02,0.014,0.9358125,0.0301875,1,0.74,0.26,0.92,0.08,0.96,0.04,0.15,0.85,1,0.9,0.1,0.01,0.99,0.35,0.65
Qingyuan City,Medium-small-cities,5,广东省,68.8998,61.16898128,2973.07071,132,14433.07097,85,593.8583224,104,0.152750089,5169.839624,159,25097.50674,102,1032.653638,125,0.520360713,9579.894511,415,46506.56201,267,1913.543483,326,5.466907865,4955.11785,159,24055.11828,102,989.7638706,125,0.330760407,5780.970826,658,28064.30466,423,1154.724516,517,1.260039647,12387.79463,850,60137.7957,546,2474.409677,668,0.013966138,0.024344148,0,0.6,0.704,0.286,0.01,0.476,0.484,0.04,1,1,0.02,0.686,0.147,0.147,1,0.74,0.26,0.92,0.08,0.96,0.04,0.15,0.85,1,1,0,0.01,0.99,0.35,0.65
Qingyang City,Medium-small-cities,5,甘肃省,31.7,25.87485781,2975.093417,132,14482.95058,85,541.9560024,104,0.100369393,5173.356885,159,25184.24184,102,942.4012709,125,0.22211375,9586.41212,415,46667.28521,267,1746.302674,326,4.260123131,4958.489028,159,24138.25097,102,903.260004,125,0.240700674,5784.903866,658,28161.2928,423,1053.803338,517,1.001835239,12396.22257,850,60345.62742,546,2258.15001,668,0.038918258,0.031959166,0.189993967,0.6,0.756,0.234,0.01,0.564,0.396,0.04,1,1,0.02,0.686,0.147,0.147,1,0.74,0.26,0.92,0.08,0.96,0.04,0.15,0.85,1,1,0,0.01,0.99,0.35,0.65
Qujing City,Medium-small-cities,5,云南省,76.69,65.19625541,1324.827586,132,16129.65517,85,545.5172414,104,0.214826648,2303.727969,159,28047.67816,102,948.5938697,125,0.327947927,4268.888889,415,51973.33333,267,1757.777778,326,8.763266753,2208.045977,159,26882.75862,102,909.1954023,125,0.516829328,2576.05364,658,31363.21839,423,1060.727969,517,1.670873931,5520.114943,850,67206.89655,546,2272.988506,668,0.029287315,0.016532651,0,0.6,0.73,0.26,0.01,0.52,0.44,0.04,1,1,0.02,0.686,0.147,0.147,1,0.74,0.26,0.92,0.08,0.96,0.04,0.15,0.85,1,1,0,0.01,0.99,0.35,0.65
Quzhou City,Medium-small-cities,5,浙江省,46.658,42.20066724,3134.733897,132,14216.72344,85,648.5426617,104,0.090172366,5450.953943,159,24721.30243,102,1127.743628,125,0.211341483,10100.80922,415,45809.4422,267,2089.748576,326,3.317497699,5224.556495,159,23694.53907,102,1080.904436,125,0.11017936,6095.31591,658,27643.62891,423,1261.055175,517,0.728141855,13061.39124,850,59236.34767,546,2702.26109,668,0.018255025,0.017855861,0.037811236,0.6,0.704,0.286,0.01,0.476,0.484,0.04,1,1,0.02,0.686,0.147,0.147,1,0.74,0.26,0.92,0.08,0.96,0.04,0.15,0.85,1,1,0,0.01,0.99,0.35,0.65
Quanzhou City,Extra-large-cities,5,福建省,160.18,140.0673844,3106.877114,132,14230.55242,85,662.5704622,104,0.522374902,5402.514092,159,24745.34949,102,1152.136415,125,0.841472693,10011.04848,415,45854.00225,267,2134.949267,326,14.94086768,5178.128523,159,23717.58737,102,1104.284104,125,0.475101155,6041.149944,658,27670.5186,423,1288.331454,517,3.33279915,12945.32131,850,59293.96843,546,2760.710259,668,0.012834935,0.009499054,0.166367672,0.6,0.721867969,0.242632031,0.0355,0.518615057,0.371884943,0.1095,1,1,0.02,0.014,0.9358125,0.0301875,1,0.74,0.26,0.92,0.08,0.96,0.04,0.15,0.85,1,0.9,0.1,0.01,0.99,0.35,0.65
Shigatse City,Medium-small-cities,5,西藏自治区,13.6951,8.948685534,1749.551761,132,15964.62293,85,285.8253076,104,0.071727993,3042.276117,159,27760.70543,102,497.0184516,125,0.106355301,5637.444563,415,51441.56278,267,920.9926579,326,3.074410204,2915.919601,159,26607.70489,102,476.3755127,125,0.46004851,3401.906202,658,31042.32237,423,555.7714315,517,1.033872458,7289.799003,850,66519.26222,546,1190.938782,668,0.065977453,0.048766375,0.057158448,0.6,0.704,0.286,0.01,0.476,0.484,0.04,1,1,0.02,0.686,0.147,0.147,1,0.74,0.26,0.92,0.08,0.96,0.04,0.15,0.85,1,1,0,0.01,0.99,0.35,0.65
Rizhao City,Medium-small-cities,5,山东省,70.3935,61.90499587,3909.934142,132,13478.50295,85,611.562911,104,0.121441727,6798.941036,159,23437.61901,102,1063.439951,125,0.400969691,12598.67668,415,43430.73172,267,1970.591602,326,5.158699181,6516.556903,159,22464.17158,102,1019.271518,125,0.241974912,7602.64972,658,26208.20017,423,1189.150105,517,2.56541862,16291.39226,850,56160.42895,546,2548.178796,668,0.010097335,0.013182371,0.770980609,0.6,0.743,0.247,0.01,0.542,0.418,0.04,1,1,0.02,0.686,0.147,0.147,1,0.74,0.26,0.92,0.08,0.96,0.04,0.15,0.85,1,0.9,0.1,0.01,0.99,0.35,0.65
Sanmenxia City,Medium-small-cities,5,河南省,32.4525,28.6435012,3797.513321,132,13642.98401,85,559.5026643,104,0.073786464,6603.45372,159,23723.63331,102,972.9129663,125,0.16010652,12236.43181,415,43960.72627,267,1802.841918,326,2.327407028,6329.188869,159,22738.30669,102,932.5044405,125,0.08005326,7384.053681,658,26528.02447,423,1087.921847,517,1.167645531,15822.97217,850,56845.76673,546,2331.261101,668,0.01052857,0.015987976,0,0.6,0.743,0.247,0.01,0.542,0.418,0.04,1,1,0.02,0.686,0.147,0.147,1,0.74,0.26,0.92,0.08,0.96,0.04,0.15,0.85,1,1,0,0.01,0.99,0.35,0.65
Sanming City,Medium-small-cities,5,福建省,31.08,27.17751472,3363.313656,132,13931.99095,85,704.6953918,104,0.101357298,5848.428746,159,24226.18427,102,1225.386987,125,0.163272389,10837.344,415,44891.97085,267,2270.685151,326,2.899002169,5605.522759,159,23219.98492,102,1174.49232,125,0.092184692,6539.776553,658,27089.98241,423,1370.24104,517,0.646668733,14013.8069,850,58049.9623,546,2936.230799,668,0.009580658,0.011666787,0.005930836,0.6,0.704,0.286,0.01,0.476,0.484,0.04,1,1,0.02,0.686,0.147,0.147,1,0.74,0.26,0.92,0.08,0.96,0.04,0.15,0.85,1,1,0,0.01,0.99,0.35,0.65
Sanya City,Medium-small-cities,5,海南省,21.6115,18.57366902,2083.773391,132,14984.15791,85,932.0687003,104,0.090232603,3623.450397,159,26055.7857,102,1620.763907,125,0.264365697,6714.380928,415,48282.28659,267,3003.332479,326,2.214656351,3472.955652,159,24973.59651,102,1553.447834,125,0.178882178,4051.781594,658,29135.8626,423,1812.355806,517,0.289694147,8682.389131,850,62433.99128,546,3883.619585,668,0.01437499,0.023137447,0.986833555,0.6,0.73,0.26,0.01,0.52,0.44,0.04,1,1,0.02,0.686,0.147,0.147,1,0.74,0.26,0.92,0.08,0.96,0.04,0.15,0.85,1,0.9,0.1,0.01,0.99,0.35,0.65
Xiamen City,Largecities,5,福建省,140.53,122.8846893,6883.963849,132,10081.11177,85,1034.924383,104,0.458292827,11970.44825,159,17529.93324,102,1799.618511,125,0.738245459,22181.66129,415,32483.58236,267,3334.756347,326,13.10800434,11473.27308,159,16801.85295,102,1724.873972,125,0.416818363,13385.48526,658,19602.16177,423,2012.352968,517,2.92394971,28683.18271,850,42004.63236,546,4312.184931,668,0.009663261,0.01229738,1.342845337,0.6,0.73,0.26,0.01,0.530836842,0.420663158,0.0485,1,1,0.02,0.471221579,0.466494402,0.042284019,1,0.74,0.26,0.92,0.08,0.96,0.04,0.15,0.85,1,0.9,0.1,0.01,0.99,0.35,0.65
Shannan City,Medium-small-cities,5,西藏自治区,13.6951,8.948685534,2495.666996,132,15294.68369,85,209.6493101,104,0.071727993,4339.687609,159,26595.75554,102,364.5568559,125,0.106355301,8041.593652,415,49282.86968,267,675.5366658,326,3.074410204,4159.444993,159,25491.13949,102,349.4155168,125,0.46004851,4852.685825,658,29739.66274,423,407.6514363,517,1.033872458,10398.61248,850,63727.84873,546,873.538792,668,0.091001949,0.036733065,0,0.6,0.717,0.273,0.01,0.498,0.462,0.04,1,1,0.02,0.686,0.147,0.147,1,0.74,0.26,0.92,0.08,0.96,0.04,0.15,0.85,1,1,0,0.01,0.99,0.35,0.65
Shantou City,Medium-small-cities,5,广东省,79.0098,70.14460096,6190.96145,132,10590.06079,85,1218.977765,104,0.175163847,10765.39408,159,18414.93903,102,2119.666891,125,0.59671575,19948.65356,415,34123.5292,267,3927.817243,326,6.269093626,10318.26908,159,17650.10131,102,2031.629608,125,0.379294477,12037.9806,658,20591.78486,423,2370.234543,517,1.444931342,25795.67271,850,44125.25327,546,5079.074021,668,0.015553753,0.015497722,0,0.6,0.717,0.273,0.01,0.498,0.462,0.04,1,1,0.02,0.686,0.147,0.147,1,0.74,0.26,0.92,0.08,0.96,0.04,0.15,0.85,1,0.9,0.1,0.01,0.99,0.35,0.65
Shanwei City,Medium-small-cities,5,广东省,28.4348,25.24430766,3786.803785,132,13533.71399,85,679.4822228,104,0.063039635,6584.831026,159,23533.62489,102,1181.544087,125,0.214751752,12201.92331,415,43608.63397,267,2189.442718,326,2.256181175,6311.339642,159,22556.18999,102,1132.470371,125,0.136504112,7363.229582,658,26315.55498,423,1321.215433,517,0.520015666,15778.3491,850,56390.47497,546,2831.175928,668,0.028415956,0.019309241,0,0.6,0.717,0.273,0.01,0.498,0.462,0.04,1,1,0.02,0.686,0.147,0.147,1,0.74,0.26,0.92,0.08,0.96,0.04,0.15,0.85,1,0.9,0.1,0.01,0.99,0.35,0.65
Shangluo City,Medium-small-cities,5,陕西省,10.6124,9.516446099,2012.406417,132,15408.77005,85,578.8235294,104,0.027189394,3499.351159,159,26794.13904,102,1006.509804,125,0.067499252,6484.420677,415,49650.48128,267,1865.098039,326,0.697439581,3354.010695,159,25681.28342,102,964.7058824,125,0.026082849,3913.012478,658,29961.49733,423,1125.490196,517,0.277742825,8385.026738,850,64203.20856,546,2411.764706,668,0.064735184,0.035472338,0,0.6,0.743,0.247,0.01,0.542,0.418,0.04,1,1,0.02,0.686,0.147,0.147,1,0.74,0.26,0.92,0.08,0.96,0.04,0.15,0.85,1,1,0,0.01,0.99,0.35,0.65
Shangqiu City,Medium-small-cities,5,河南省,111.034,98.00177218,2444.221186,132,15186.14371,85,369.6351069,104,0.252455321,4250.229063,159,26407.01656,102,642.7543803,125,0.547793463,7875.823823,415,48933.12972,267,1191.046456,326,7.963063308,4073.701977,159,25310.23951,102,616.0585115,125,0.273896732,4752.652307,658,29528.61276,423,718.7349301,517,3.995018993,10184.25494,850,63275.59878,546,1540.146279,668,0.008420828,0.014334731,0,0.6,0.756,0.234,0.01,0.564,0.396,0.04,1,1,0.02,0.686,0.147,0.147,1,0.74,0.26,0.92,0.08,0.96,0.04,0.15,0.85,1,1,0,0.01,0.99,0.35,0.65
Shanghai,Megacities,5,上海市,411.22,370.8034168,9438.098888,132,7395.937141,85,1165.963971,104,2.437984255,16411.80529,159,12860.71292,102,2027.481794,125,4.945910681,30411.65197,415,23831.35301,267,3756.995017,326,7.733605793,15730.16481,159,12326.5619,102,1943.273285,125,4.566224609,18351.85895,658,14380.98888,423,2267.152166,517,20.73285791,39325.41204,850,30816.40475,546,4858.183212,668,0.042019946,0.021197258,8.529502269,0.6,0.523410821,0.190089179,0.2865,0.423438158,0.193061842,0.3835,1,1,0.02,0.121363934,0.519066128,0.339569937,1,0.74,0.26,0.92,0.08,0.96,0.04,0.15,0.85,1,0.9,0.1,0.01,0.99,0.35,0.65
Shangrao City,Medium-small-cities,5,江西省,67.1715,57.75432572,3042.689076,132,14499.4958,85,457.8151261,104,0.157252433,5290.898226,159,25213.01214,102,796.0896359,125,0.340339194,9804.220355,415,46720.59757,267,1475.182073,326,5.448796804,5071.148459,159,24165.82633,102,763.0252101,125,0.429074496,5916.339869,658,28193.46405,423,890.1960784,517,3.041711347,12677.87115,850,60414.56583,546,1907.563025,668,0.01440687,0.024052211,0.016041905,0.6,0.704,0.286,0.01,0.476,0.484,0.04,1,1,0.02,0.686,0.147,0.147,1,0.74,0.26,0.92,0.08,0.96,0.04,0.15,0.85,1,1,0,0.01,0.99,0.35,0.65
Shaoguan City,Medium-small-cities,5,广东省,42.2016,37.46642052,2658.982089,132,14607.9092,85,733.1087072,104,0.093560477,4623.67441,159,25401.531,102,1274.794585,125,0.318724505,8567.831176,415,47069.92966,267,2362.239168,326,3.348518558,4431.636815,159,24346.51534,102,1221.847845,125,0.202593018,5170.242951,658,28404.2679,423,1425.489153,517,0.771782925,11079.09204,850,60866.28835,546,3054.619613,668,0.03317688,0.027948867,0,0.6,0.704,0.286,0.01,0.476,0.484,0.04,1,1,0.02,0.686,0.147,0.147,1,0.74,0.26,0.92,0.08,0.96,0.04,0.15,0.85,1,1,0,0.01,0.99,0.35,0.65
Shaoyang City,Medium-small-cities,5,湖南省,60.6648,54.2170088,1754.173124,132,15781.97919,85,463.8476865,104,0.294608215,3050.312154,159,27443.10826,102,806.5795882,125,0.431065702,5652.335621,415,50853.04406,267,1494.620323,326,4.138510655,2923.621873,159,26303.29865,102,773.0794775,125,0.344992518,3410.892185,658,30687.18176,423,901.9260571,517,1.238614112,7309.054682,850,65758.24662,546,1932.698694,668,0.01002185,0.022652785,0.014931133,0.6,0.717,0.273,0.01,0.498,0.462,0.04,1,1,0.02,0.686,0.147,0.147,1,0.74,0.26,0.92,0.08,0.96,0.04,0.15,0.85,1,1,0,0.01,0.99,0.35,0.65
Shaoxing City,Largecities,5,浙江省,153.3721,138.7201542,3431.813224,132,13792.28418,85,775.9026008,104,0.296410586,5967.541883,159,23983.24971,102,1349.208411,125,0.694712311,11058.06483,415,44441.80457,267,2500.130603,326,10.90513071,5719.688706,159,22987.14029,102,1293.171001,125,0.362176685,6672.970157,658,26818.33034,423,1508.699502,517,2.393515482,14299.22177,850,57467.85073,546,3232.927503,668,0.016899882,0.00835195,0,0.6,0.717,0.273,0.01,0.509803684,0.441696316,0.0485,1,1,0.02,0.471221579,0.466494402,0.042284019,1,0.74,0.26,0.92,0.08,0.96,0.04,0.15,0.85,1,1,0,0.01,0.99,0.35,0.65
Shenzhen City,Megacities,5,广东省,341.4152,303.1071204,7346.938776,132,220.4081633,85,10432.65306,104,0.756913696,12775.5102,159,383.2653061,102,18141.22449,125,2.578513389,23673.46939,415,710.2040816,267,33616.32653,326,27.08985283,12244.89796,159,367.3469388,102,17387.7551,125,1.638997945,14285.71429,658,428.5714286,423,20285.71429,517,6.243801696,30612.2449,850,918.3673469,546,43469.38776,668,0.01967189,0.02593995,1.352291476,0.6,0.523410821,0.190089179,0.2865,0.423438158,0.193061842,0.3835,1,1,0.02,0.121363934,0.519066128,0.339569937,1,0.74,0.26,0.92,0.08,0.96,0.04,0.15,0.85,1,0.9,0.1,0.01,0.99,0.35,0.65
Shenyang City,Largecities,5,辽宁省,257.9958,224.6674666,8851.440803,132,8253.63914,85,894.920057,104,1.210187881,15391.67206,159,14352.16139,102,1556.166544,125,2.257813211,28521.30925,415,26595.05945,267,2883.631295,326,18.68867255,14752.40134,159,13756.06523,102,1491.533428,125,1.336625421,17211.13489,658,16048.74277,423,1740.122333,517,9.835034347,36881.00334,850,34390.16309,546,3728.833571,668,0.02142136,0.015623782,0.438512504,0.6,0.743,0.247,0.01,0.55187,0.39963,0.0485,1,1,0.02,0.471221579,0.466494402,0.042284019,1,0.74,0.26,0.92,0.08,0.96,0.04,0.15,0.85,1,1,0,0.01,0.99,0.35,0.65
Shiyan City,Medium-small-cities,5,湖北省,39.0369,34.3656815,2256.822231,132,15446.65687,85,296.5208965,104,0.126347771,3924.363102,159,26860.02001,102,515.6168923,125,0.280975549,7271.982745,415,49772.56103,267,955.4562221,326,2.908735512,3761.370385,159,25744.42812,102,494.2014942,125,0.265011029,4388.26545,658,30035.16614,423,576.5684099,517,1.090148639,9403.425964,850,64361.0703,546,1235.503735,668,0.016525382,0.015926588,0.059211008,0.6,0.743,0.247,0.01,0.542,0.418,0.04,1,1,0.02,0.686,0.147,0.147,1,0.74,0.26,0.92,0.08,0.96,0.04,0.15,0.85,1,1,0,0.01,0.99,0.35,0.65
Shijiazhuang City,Largecities,5,河北省,287.6,249.0473217,3893.337501,132,13427.64833,85,679.0141721,104,0.385614422,6770.081322,159,23349.18848,102,1180.730199,125,1.183135159,12545.19862,415,43266.86683,267,2187.934555,326,23.58558029,6488.895836,159,22379.41388,102,1131.690287,125,0.77473443,7570.378475,658,26109.31619,423,1320.305335,517,12.62361395,16222.23959,850,55948.53469,546,2829.225717,668,0.018153585,0.013328028,0.223024917,0.6,0.756,0.234,0.01,0.572903158,0.378596842,0.0485,1,1,0.02,0.471221579,0.466494402,0.042284019,1,0.74,0.26,0.92,0.08,0.96,0.04,0.15,0.85,1,1,0,0.01,0.99,0.35,0.65
Shizuishan City,Medium-small-cities,5,宁夏回族自治区,12.2,9.498921712,3689.368015,132,13739.29804,85,571.3339425,104,0.028801123,6415.401048,159,23891.11271,102,993.4862445,125,0.077062464,11887.9636,415,44271.07147,267,1840.964926,326,1.918777515,6148.946692,159,22898.83007,102,952.2232375,125,0.063829516,7173.77114,658,26715.30175,423,1110.92711,517,0.612607669,15372.36673,850,57247.07518,546,2380.558094,668,0.057161286,0.033723702,0,0.6,0.756,0.234,0.01,0.564,0.396,0.04,1,1,0.02,0.686,0.147,0.147,1,0.74,0.26,0.92,0.08,0.96,0.04,0.15,0.85,1,1,0,0.01,0.99,0.35,0.65
Shuangyashan City,Medium-small-cities,5,黑龙江省,22.4332,19.12828551,3381.130226,132,14167.54062,85,451.3291519,104,0.09180318,5879.409781,159,24635.77897,102,784.8112475,125,0.222950581,10894.75295,415,45650.96423,267,1454.282823,326,1.909068992,5635.217043,159,23612.5677,102,752.2152532,125,0.183169203,6574.419883,658,27547.99565,423,877.5844621,517,0.897922535,14088.04261,850,59031.41926,546,1880.538133,668,0.024255329,0.040338328,0,0.6,0.743,0.247,0.01,0.542,0.418,0.04,1,1,0.02,0.686,0.147,0.147,1,0.74,0.26,0.92,0.08,0.96,0.04,0.15,0.85,1,1,0,0.01,0.99,0.35,0.65
Shuozhou City,Medium-small-cities,5,山西省,25.9063,22.93251566,4929.133858,132,12278.21522,85,792.6509186,104,0.04466351,8571.216098,159,21350.45203,102,1378.331875,125,0.132160057,15882.76465,415,39563.13794,267,2554.097404,326,1.62143184,8215.223097,159,20463.69204,102,1321.084864,125,0.046493981,9584.426947,658,23874.30738,423,1541.265675,517,1.12903495,20538.05774,850,51159.2301,546,3302.712161,668,0.018267805,0.022249351,0,0.6,0.756,0.234,0.01,0.564,0.396,0.04,1,1,0.02,0.686,0.147,0.147,1,0.74,0.26,0.92,0.08,0.96,0.04,0.15,0.85,1,1,0,0.01,0.99,0.35,0.65
Siping City,Medium-small-cities,5,吉林省,42.0783,37.21748885,2710.471766,132,15289.52823,85,0,104,0.125573297,4713.209238,159,26586.79076,102,0,125,0.338298212,8733.742359,415,49266.25764,267,0,326,2.794474424,4517.452944,159,25482.54706,102,0,125,0.171491891,5270.361768,658,29729.63823,423,0,517,1.430973322,11293.63236,850,63706.36764,546,0,668,0.014207335,0.023266605,0,0.6,0.73,0.26,0.01,0.52,0.44,0.04,1,1,0.02,0.686,0.147,0.147,1,0.74,0.26,0.92,0.08,0.96,0.04,0.15,0.85,1,1,0,0.01,0.99,0.35,0.65
Songyuan City,Medium-small-cities,5,吉林省,45.6072,40.33873654,3240.479099,132,14349.8883,85,409.6326012,104,0.136104512,5634.833099,159,24952.86132,102,712.3055787,125,0.366669618,10441.54376,415,46238.52897,267,1319.92727,326,3.028833246,5400.798498,159,23916.4805,102,682.721002,125,0.185874072,6300.93158,658,27902.56058,423,796.5078356,517,1.550982014,13501.99624,850,59791.20125,546,1706.802505,668,0.021689557,0.017522516,0.105644091,0.6,0.756,0.234,0.01,0.564,0.396,0.04,1,1,0.02,0.686,0.147,0.147,1,0.74,0.26,0.92,0.08,0.96,0.04,0.15,0.85,1,1,0,0.01,0.99,0.35,0.65
Suzhou City (Jiangsu),Extra-large-cities,5,江苏省,419.1,387.9543791,6476.357729,132,10593.76108,85,929.881194,104,0.869497508,11261.6665,159,18421.37343,102,1616.960076,125,2.535850959,20868.26379,415,34135.45236,267,2996.283847,326,14.22233772,10793.92955,159,17656.26846,102,1549.80199,125,2.461008136,12592.91781,658,20598.97987,423,1808.102322,517,11.05692654,26984.82387,850,44140.67115,546,3874.504975,668,0.015938264,0.012596421,0,0.6,0.733421875,0.231078125,0.0355,0.536323864,0.354176136,0.1095,1,1,0.02,0.014,0.9358125,0.0301875,1,0.74,0.26,0.92,0.08,0.96,0.04,0.15,0.85,1,1,0,0.01,0.99,0.35,0.65
Suqian City,Largecities,5,江苏省,107.5,99.51108508,4789.456233,132,12842.00928,85,368.5344828,104,0.223027874,8328.332228,159,22330.82725,102,640.8405172,125,0.650450914,15432.69231,415,41379.80769,267,1187.5,326,3.648058469,7982.427056,159,21403.34881,102,614.2241379,125,0.631253578,9312.831565,658,24970.57361,423,716.5948276,517,2.836124081,19956.06764,850,53508.37202,546,1535.560345,668,0.026087602,0.01566572,0,0.6,0.743,0.247,0.01,0.55187,0.39963,0.0485,1,1,0.02,0.471221579,0.466494402,0.042284019,1,0.74,0.26,0.92,0.08,0.96,0.04,0.15,0.85,1,1,0,0.01,0.99,0.35,0.65
Suzhou City (Anhui),Medium-small-cities,5,安徽省,58.2996,49.93135061,2995.621808,132,14667.5701,85,336.8080892,104,0.159401373,5209.053476,159,25505.27468,102,585.6718441,125,0.366558622,9652.559158,415,47262.17033,267,1085.27051,326,4.966611189,4992.703013,159,24445.95017,102,561.3468154,125,0.204575851,5824.820181,658,28520.2752,423,654.904618,517,2.671102353,12481.75753,850,61114.87543,546,1403.367038,668,0.019276988,0.018290821,0,0.6,0.743,0.247,0.01,0.542,0.418,0.04,1,1,0.02,0.686,0.147,0.147,1,0.74,0.26,0.92,0.08,0.96,0.04,0.15,0.85,1,1,0,0.01,0.99,0.35,0.65
Suihua City,Medium-small-cities,5,黑龙江省,33.2348,28.33856709,2448.473817,132,15122.3569,85,429.1692856,104,0.13600647,4257.623915,159,26296.09838,102,746.2777022,125,0.330301426,7889.526743,415,48727.59445,267,1382.878809,326,2.82828692,4080.789695,159,25203.92816,102,715.2821426,125,0.27136529,4760.92131,658,29404.58286,423,834.4958331,517,1.330272804,10201.97424,850,63009.82041,546,1788.205357,668,0.016379902,0.031536225,0,0.6,0.73,0.26,0.01,0.52,0.44,0.04,1,1,0.02,0.686,0.147,0.147,1,0.74,0.26,0.92,0.08,0.96,0.04,0.15,0.85,1,1,0,0.01,0.99,0.35,0.65
Suizhou City,Medium-small-cities,5,湖北省,23.3725,20.5757089,2527.561222,132,14944.14381,85,528.2949647,104,0.075647997,4395.148124,159,25986.20563,102,918.6462442,125,0.168228036,8144.363937,415,48153.35229,267,1702.283775,326,1.741542508,4212.602036,159,24906.90636,102,880.4916078,125,0.158669625,4914.702375,658,29058.05742,423,1027.240209,517,0.652702932,10531.50509,850,62267.26589,546,2201.22902,668,0.028985437,0.017515258,0,0.6,0.756,0.234,0.01,0.564,0.396,0.04,1,1,0.02,0.686,0.147,0.147,1,0.74,0.26,0.92,0.08,0.96,0.04,0.15,0.85,1,1,0,0.01,0.99,0.35,0.65
Suining City,Medium-small-cities,5,四川省,44.72,40.06315143,1889.743027,132,15400.61498,85,709.6419943,104,0.082146584,3286.053152,159,26779.95827,102,1233.988579,125,0.289200986,6089.171975,415,49624.20382,267,2286.624204,326,2.988785291,3149.571711,159,25667.69163,102,1182.736657,125,0.234436597,3674.500329,658,29945.64024,423,1379.859433,517,1.06227911,7873.929277,850,64169.22908,546,2956.841643,668,0.050429697,0.039207892,0,0.6,0.73,0.26,0.01,0.52,0.44,0.04,1,1,0.02,0.686,0.147,0.147,1,0.74,0.26,0.92,0.08,0.96,0.04,0.15,0.85,1,1,0,0.01,0.99,0.35,0.65
Tacheng Prefecture,Medium-small-cities,5,新疆维吾尔族自治区,23.1583,19.18367152,2474.124682,132,15264.00676,85,261.8685623,104,0.118837377,4302.227918,159,26542.41175,102,455.3603334,125,0.161126353,7972.179529,415,49184.02177,267,843.7987009,326,2.608533954,4123.541136,159,25440.01126,102,436.4476039,125,0.154167408,4810.797992,658,29680.01314,423,509.1888712,517,0.931963393,10308.85284,850,63600.02815,546,1091.11901,668,0.039144526,0.033351345,0.068595833,0.6,0.73,0.26,0.01,0.52,0.44,0.04,1,1,0.02,0.686,0.147,0.147,1,0.74,0.26,0.92,0.08,0.96,0.04,0.15,0.85,1,1,0,0.01,0.99,0.35,0.65
Taizhou City (Zhejiang),Largecities,5,浙江省,175.2182,158.4792523,3618.945923,132,13768.7438,85,612.3102738,104,0.338630881,6292.944855,159,23942.31561,102,1064.739532,125,0.793666127,11661.04797,415,44365.95225,267,1972.999771,326,12.45844175,6031.576539,159,22947.90634,102,1020.517123,125,0.413764608,7036.839295,658,26772.55739,423,1190.60331,517,2.734444363,15078.94135,850,57369.76585,546,2551.292808,668,0.021661629,0.012315668,0.040727906,0.6,0.704,0.286,0.01,0.488770526,0.462729474,0.0485,1,1,0.02,0.471221579,0.466494402,0.042284019,1,0.74,0.26,0.92,0.08,0.96,0.04,0.15,0.85,1,0.9,0.1,0.01,0.99,0.35,0.65
Taiyuan City,Largecities,5,山西省,168.37,149.0428067,5800.813542,132,11521.32266,85,677.8637974,104,0.290276694,10086.97021,159,20034.29996,102,1178.729825,125,0.858933497,18691.5103,415,37124.26191,267,2184.227792,326,10.53799573,9668.022569,159,19202.20444,102,1129.772996,125,0.30217328,11279.35966,658,22402.57184,423,1318.068495,517,7.337814143,24170.05642,850,48005.51109,546,2824.432489,668,0.02082828,0.013127852,0.367450438,0.6,0.756,0.234,0.01,0.572903158,0.378596842,0.0485,1,1,0.02,0.471221579,0.466494402,0.042284019,1,0.74,0.26,0.92,0.08,0.96,0.04,0.15,0.85,1,1,0,0.01,0.99,0.35,0.65
Tai'an City,Medium-small-cities,5,山东省,85.3328,75.04281832,3140.834262,132,14249.5804,85,609.5853388,104,0.147214765,5461.5618,159,24778.43703,102,1060.001173,125,0.486065708,10120.46596,415,45915.31462,267,1964.219425,326,6.253507007,5234.72377,159,23749.30066,102,1015.975565,125,0.293328173,6107.177732,658,27707.51744,423,1185.304826,517,3.109866024,13086.80943,850,59373.25166,546,2539.938912,668,0.00782633,0.016443873,0,0.6,0.743,0.247,0.01,0.542,0.418,0.04,1,1,0.02,0.686,0.147,0.147,1,0.74,0.26,0.92,0.08,0.96,0.04,0.15,0.85,1,1,0,0.01,0.99,0.35,0.65
Taizhou City (Jiangsu),Largecities,5,江苏省,82.87,76.71147554,3983.383495,132,13374.81476,85,641.8017491,104,0.171928558,6926.661299,159,23257.31677,102,1116.02193,125,0.501422021,12835.34682,415,43096.62533,267,2068.027858,326,2.812228887,6638.972491,159,22291.35793,102,1069.669582,125,0.486623107,7745.467906,658,26006.58425,423,1247.947845,517,2.186321885,16597.43123,850,55728.39482,546,2674.173954,668,0.015911849,0.014509347,0,0.6,0.743,0.247,0.01,0.55187,0.39963,0.0485,1,1,0.02,0.471221579,0.466494402,0.042284019,1,0.74,0.26,0.92,0.08,0.96,0.04,0.15,0.85,1,1,0,0.01,0.99,0.35,0.65
Tangshan City,Largecities,5,河北省,213.8,185.1401856,3950.672099,132,13442.34603,85,606.9818706,104,0.286663294,6869.779817,159,23374.74615,102,1055.474031,125,0.879535108,12729.94343,415,43314.2261,267,1955.830472,326,17.53336949,6584.453498,159,22403.91005,102,1011.636451,125,0.575932619,7681.862415,658,26137.89506,423,1180.242526,517,9.384313845,16461.13375,850,56009.77513,546,2529.091128,668,0.018039263,0.019697893,0.015972999,0.6,0.743,0.247,0.01,0.55187,0.39963,0.0485,1,1,0.02,0.471221579,0.466494402,0.042284019,1,0.74,0.26,0.92,0.08,0.96,0.04,0.15,0.85,1,0.9,0.1,0.01,0.99,0.35,0.65
Tianjin,Extra-large-cities,5,天津市,306.93,267.33,5872.427473,132,10682.6184,85,1444.954128,104,1.2,10211.49888,159,18575.88644,102,2512.614679,125,2.74,18922.2663,415,34421.77039,267,4655.963303,326,26.57,9787.379122,159,17804.364,102,2408.256881,125,1.01,11418.60898,658,20771.758,423,2809.633028,517,8.08,24468.44781,850,44510.90999,546,6020.642202,668,0.02099888,0.01485819,0.625025515,0.6,0.756529688,0.207970313,0.0355,0.571741477,0.318758523,0.1095,1,1,0.02,0.014,0.9358125,0.0301875,1,0.74,0.26,0.92,0.08,0.96,0.04,0.15,0.85,1,0.9,0.1,0.01,0.99,0.35,0.65
Tianshui City,Medium-small-cities,5,甘肃省,30.44,24.84639343,3280.462675,132,14144.29476,85,575.2425692,104,0.096379947,5704.360096,159,24595.35699,102,1000.282912,125,0.213285254,10570.37973,415,45576.06088,267,1853.55939,326,4.090793316,5467.437792,159,23573.82459,102,958.7376153,125,0.231133392,6378.677424,658,27502.79536,423,1118.527218,517,0.962014658,13668.59448,850,58934.56148,546,2396.844038,668,0.020746003,0.040217694,0.055259377,0.6,0.743,0.247,0.01,0.542,0.418,0.04,1,1,0.02,0.686,0.147,0.147,1,0.74,0.26,0.92,0.08,0.96,0.04,0.15,0.85,1,1,0,0.01,0.99,0.35,0.65
Tieling City,Medium-small-cities,5,辽宁省,37.023,32.2403063,3349.463476,132,14174.77601,85,475.7605189,104,0.173664788,5824.344822,159,24648.3605,102,827.2946801,125,0.32400147,10792.71564,415,45674.27824,267,1533.006117,326,2.68186817,5582.439126,159,23624.62668,102,792.9341982,125,0.19180887,6512.845648,658,27562.06445,423,925.0898979,517,1.411350404,13956.09782,850,59061.56669,546,1982.335496,668,0.030511496,0.025753812,0,0.6,0.743,0.247,0.01,0.542,0.418,0.04,1,1,0.02,0.686,0.147,0.147,1,0.74,0.26,0.92,0.08,0.96,0.04,0.15,0.85,1,1,0,0.01,0.99,0.35,0.65
Tonghua City,Medium-small-cities,5,吉林省,25.0754,22.17873393,3066.361534,132,14431.97186,85,501.6666072,104,0.074831936,5332.062,159,25095.59551,102,872.3424891,125,0.20159947,9880.498275,415,46503.02044,267,1616.48129,326,1.665289804,5110.602556,159,24053.28643,102,836.1110119,125,0.102195853,5962.369649,658,28062.1675,423,975.4628473,517,0.852749004,12776.50639,850,60133.21608,546,2090.27753,668,0.01783024,0.020230664,0.007167312,0.6,0.743,0.247,0.01,0.542,0.418,0.04,1,1,0.02,0.686,0.147,0.147,1,0.74,0.26,0.92,0.08,0.96,0.04,0.15,0.85,1,1,0,0.01,0.99,0.35,0.65
Tongliao City,Largecities,5,内蒙古自治区,133.838,117.3420898,3022.894631,132,14270.18342,85,706.921944,104,0.282240545,5256.477886,159,24814.2634,102,1229.258714,125,0.709100213,9740.438256,415,45981.70215,267,2277.859597,326,10.35659521,5038.157719,159,23783.63904,102,1178.20324,125,0.342887274,5877.850672,658,27747.57888,423,1374.570447,517,4.805086967,12595.3943,850,59459.0976,546,2945.5081,668,0.036306443,0.015738043,0.156684216,0.6,0.756,0.234,0.01,0.572903158,0.378596842,0.0485,1,1,0.02,0.471221579,0.466494402,0.042284019,1,0.74,0.26,0.92,0.08,0.96,0.04,0.15,0.85,1,1,0,0.01,0.99,0.35,0.65
Tongchuan City,Medium-small-cities,5,陕西省,9.8757,8.855825896,3202.027516,132,13781.31789,85,1016.654598,104,0.025301939,5567.97007,159,23964.18055,102,1767.849385,125,0.062813536,10317.64422,415,44406.46874,267,3275.887038,326,0.649024167,5336.712527,159,22968.86314,102,1694.42433,125,0.024272209,6226.164615,658,26797.007,423,1976.828385,517,0.258462253,13341.78132,850,57422.15786,546,4236.060825,668,0.018620864,0.030955689,0.00E+00,0.6,0.756,0.234,0.01,0.564,0.396,0.04,1,1,0.02,0.686,0.147,0.147,1,0.74,0.26,0.92,0.08,0.96,0.04,0.15,0.85,1,1,0,0.01,0.99,0.35,0.65
Tongling City,Medium-small-cities,5,安徽省,19.7746,16.93617942,3753.720078,132,13691.17964,85,555.1002804,104,0.054067239,6527.302135,159,23807.44016,102,965.2577097,125,0.124332759,12095.32025,415,44116.02329,267,1788.656459,326,1.684621329,6256.200129,159,22818.63274,102,925.1671339,125,0.069389938,7298.900151,658,26621.73819,423,1079.361656,517,0.906009314,15640.50032,850,57046.58184,546,2312.917835,668,0.019679577,0.019593755,0,0.6,0.73,0.26,0.01,0.52,0.44,0.04,1,1,0.02,0.686,0.147,0.147,1,0.74,0.26,0.92,0.08,0.96,0.04,0.15,0.85,1,1,0,0.01,0.99,0.35,0.65
Tongren City,Medium-small-cities,5,贵州省,34.9589,30.2681002,2557.963056,132,14943.14901,85,498.8879294,104,0.124744782,4448.013536,159,25984.47579,102,867.5106772,125,0.205267868,8242.325402,415,48150.14683,267,1607.527773,326,3.556216312,4263.27176,159,24905.24836,102,831.4798823,125,0.193387413,4973.817053,658,29056.12308,423,970.0598627,517,0.611183427,10658.1794,850,62263.1209,546,2078.699706,668,0.026250811,0.036093694,0.102251048,0.6,0.717,0.273,0.01,0.498,0.462,0.04,1,1,0.02,0.686,0.147,0.147,1,0.74,0.26,0.92,0.08,0.96,0.04,0.15,0.85,1,1,0,0.01,0.99,0.35,0.65
Turpan City,Medium-small-cities,5,新疆维吾尔族自治区,10.01,8.291996903,2511.189766,132,15233.95906,85,254.8511704,104,0.051366557,4366.679982,159,26490.16215,102,443.1578686,125,0.069645647,8091.611469,415,49087.20143,267,821.1871047,326,1.12751907,4185.316277,159,25389.93177,102,424.7519507,125,0.066637696,4882.86899,658,29621.58707,423,495.5439425,517,0.402834127,10463.29069,850,63474.82943,546,1061.879877,668,0.030999415,0.046222308,0.145346861,0.6,0.756,0.234,0.01,0.564,0.396,0.04,1,1,0.02,0.686,0.147,0.147,1,0.74,0.26,0.92,0.08,0.96,0.04,0.15,0.85,1,1,0,0.01,0.99,0.35,0.65
Weihai City,Largecities,5,山东省,80.9722,71.20804771,4453.251666,132,12842.99095,85,703.7573796,104,0.139691929,7743.709842,159,22332.53427,102,1223.755888,125,0.461227216,14349.36648,415,41382.97085,267,2267.662667,326,5.933945916,7422.086111,159,21404.98492,102,1172.928966,125,0.27833878,8659.100462,658,24972.48241,423,1368.417127,517,2.950948448,18555.21528,850,53512.46231,546,2932.322415,668,0.020086236,0.02286353,0.16137768,0.6,0.756,0.234,0.01,0.572903158,0.378596842,0.0485,1,1,0.02,0.471221579,0.466494402,0.042284019,1,0.74,0.26,0.92,0.08,0.96,0.04,0.15,0.85,1,0.9,0.1,0.01,0.99,0.35,0.65
Weifang City,Largecities,5,山东省,246.0261,216.3586795,3336.153397,132,14126.10438,85,537.7422264,104,0.424440245,5801.200073,159,24563.72594,102,935.0739826,125,1.401393727,10749.82761,415,45517.44744,267,1732.724952,326,18.02971355,5560.255661,159,23543.50729,102,896.237044,125,0.845705127,6486.964938,658,27467.42518,423,1045.609885,517,8.966167868,13900.63915,850,58858.76824,546,2240.59261,668,0.010547654,0.013842292,0.008706274,0.6,0.743,0.247,0.01,0.55187,0.39963,0.0485,1,1,0.02,0.471221579,0.466494402,0.042284019,1,0.74,0.26,0.92,0.08,0.96,0.04,0.15,0.85,1,0.9,0.1,0.01,0.99,0.35,0.65
Weinan City,Medium-small-cities,5,陕西省,59.7456,53.57560797,2273.408051,132,15367.44233,85,359.1496205,104,0.153070623,3953.204001,159,26722.27471,102,624.5212846,125,0.380006721,7325.425944,415,49517.31417,267,1157.259888,326,3.926439467,3789.013419,159,25612.40388,102,598.5827009,125,0.146841005,4420.515656,658,29881.13786,423,698.3464844,517,1.563634212,9472.533548,850,64031.0097,546,1496.456752,668,0.034786835,0.025842409,0,0.6,0.756,0.234,0.01,0.564,0.396,0.04,1,1,0.02,0.686,0.147,0.147,1,0.74,0.26,0.92,0.08,0.96,0.04,0.15,0.85,1,1,0,0.01,0.99,0.35,0.65
Wenzhou City,Largecities,5,浙江省,234.9526,212.5071047,3026.124377,132,14354.7164,85,619.1592187,104,0.45407501,5262.094056,159,24961.25686,102,1076.649086,125,1.064238305,9750.845216,415,46254.08619,267,1995.068594,326,16.70570341,5043.540629,159,23924.52734,102,1031.932031,125,0.554822903,5884.130734,658,27911.94856,423,1203.920703,517,3.666655705,12608.85157,850,59811.31835,546,2579.830078,668,0.017423573,0.009748837,0.334953547,0.6,0.704,0.286,0.01,0.488770526,0.462729474,0.0485,1,1,0.02,0.471221579,0.466494402,0.042284019,1,0.74,0.26,0.92,0.08,0.96,0.04,0.15,0.85,1,0.9,0.1,0.01,0.99,0.35,0.65
Wuhai City,Medium-small-cities,5,内蒙古自治区,21.65,18.98157656,4893.926174,132,9947.399329,85,3158.674497,104,0.045656001,8509.993848,159,17297.42217,102,5492.583986,125,0.114705985,15769.31767,415,32052.73117,267,10177.95116,326,1.675311095,8156.543624,159,16578.99888,102,5264.457494,125,0.055466381,9515.967562,658,19342.16536,423,6141.867077,517,0.777283976,20391.35906,850,41447.4972,546,13161.14374,668,0.031805979,0.01609482,0.015846745,0.6,0.743,0.247,0.01,0.542,0.418,0.04,1,1,0.02,0.686,0.147,0.147,1,0.74,0.26,0.92,0.08,0.96,0.04,0.15,0.85,1,1,0,0.01,0.99,0.35,0.65
Ulanqab City,Medium-small-cities,5,内蒙古自治区,15.4501,13.54583169,2982.654877,132,14578.28445,85,439.0606721,104,0.032581514,5186.505425,159,25350.01685,102,763.4777242,125,0.081857688,9610.776826,415,46974.47212,267,1414.751054,326,1.195553069,4971.091462,159,24297.14075,102,731.7677868,125,0.0395825,5799.606705,658,28346.66421,423,853.7290845,517,0.554693541,12427.72865,850,60742.85188,546,1829.419467,668,0.028446029,0.019024214,0.020868095,0.6,0.756,0.234,0.01,0.564,0.396,0.04,1,1,0.02,0.686,0.147,0.147,1,0.74,0.26,0.92,0.08,0.96,0.04,0.15,0.85,1,1,0,0.01,0.99,0.35,0.65
ürümqi City,Largecities,5,新疆维吾尔族自治区,123.58,102.3701276,8627.79661,132,7682.033898,85,1690.169492,104,0.634153761,15002.77966,159,13358.20339,102,2939.016949,125,0.85982109,27800.67797,415,24753.22034,267,5446.101695,326,13.9199607,14379.66102,159,12803.38983,102,2816.949153,125,0.82268596,16776.27119,658,14937.28814,423,3286.440678,517,4.97325089,35949.15254,850,32008.47458,546,7042.372881,668,0.042589637,0.022622739,1.283064111,0.6,0.756,0.234,0.01,0.572903158,0.378596842,0.0485,1,1,0.02,0.471221579,0.466494402,0.042284019,1,0.74,0.26,0.92,0.08,0.96,0.04,0.15,0.85,1,1,0,0.01,0.99,0.35,0.65
Wuxi City,Extra-large-cities,5,江苏省,209.71,194.1252991,6111.603303,132,10760.66071,85,1127.735988,104,0.435080702,10627.39908,159,18711.59334,102,1961.007579,125,1.268893593,19692.94398,415,34673.24006,267,3633.81596,326,7.116598526,10186.00551,159,17934.43451,102,1879.55998,125,1.231443608,11883.67309,658,20923.50693,423,2192.819976,517,5.532684476,25465.01376,850,44836.08629,546,4698.899949,668,0.014037689,0.015211051,0.193592394,0.6,0.733421875,0.231078125,0.0355,0.536323864,0.354176136,0.1095,1,1,0.02,0.014,0.9358125,0.0301875,1,0.74,0.26,0.92,0.08,0.96,0.04,0.15,0.85,1,1,0,0.01,0.99,0.35,0.65
Wuhu City,Largecities,5,安徽省,61.5052,52.67682292,3554.497161,132,13990.47445,85,455.0283935,104,0.168166048,6180.875618,159,24327.88056,102,791.2438175,125,0.386713826,11453.37974,415,45080.41766,267,1466.202601,326,5.239700007,5924.161934,159,23317.45741,102,758.3806558,125,0.215824442,6911.522257,658,27203.70031,423,884.7774318,517,2.817972756,14810.40484,850,58293.64352,546,1895.951639,668,0.014819241,0.01648913,0,0.6,0.73,0.26,0.01,0.530836842,0.420663158,0.0485,1,1,0.02,0.471221579,0.466494402,0.042284019,1,0.74,0.26,0.92,0.08,0.96,0.04,0.15,0.85,1,1,0,0.01,0.99,0.35,0.65
Wuzhong City,Medium-small-cities,5,宁夏回族自治区,32.2,25.07092452,5444.501678,132,11717.63403,85,837.8642889,104,0.076016079,9467.383473,159,20375.66362,102,1456.952902,125,0.203394372,17543.39429,415,37756.82077,267,2699.784931,326,5.064314426,9074.169463,159,19529.39006,102,1396.440481,125,0.168468066,10586.53104,658,22784.2884,423,1629.180562,517,1.616882537,22685.42366,850,48823.47514,546,3491.101204,668,0.050199498,0.017052462,0,0.6,0.756,0.234,0.01,0.564,0.396,0.04,1,1,0.02,0.686,0.147,0.147,1,0.74,0.26,0.92,0.08,0.96,0.04,0.15,0.85,1,1,0,0.01,0.99,0.35,0.65
Wuzhou City,Medium-small-cities,5,广西壮族自治区,27.4065,23.77870034,3273.725685,132,14042.73649,85,683.5378293,104,0.06743122,5692.645219,159,24418.75844,102,1188.596336,125,0.160200233,10548.67165,415,45248.81756,267,2202.510783,326,2.34170238,5456.209475,159,23404.56081,102,1139.229715,125,0.202702335,6365.577721,658,27305.32094,423,1329.101335,517,0.855763488,13640.52369,850,58511.40202,546,2848.074289,668,0.055028229,0.030599987,0.333873578,0.6,0.717,0.273,0.01,0.498,0.462,0.04,1,1,0.02,0.686,0.147,0.147,1,0.74,0.26,0.92,0.08,0.96,0.04,0.15,0.85,1,1,0,0.01,0.99,0.35,0.65
Wuhan City,Extra-large-cities,5,湖北省,334.439,294.4194891,6342.295014,132,10654.25671,85,1003.448275,104,1.082453326,11028.54633,159,18526.56861,102,1744.885056,125,2.407188624,20436.28393,415,34330.38274,267,3233.33333,326,24.91987314,10570.49169,159,17757.09452,102,1672.413791,125,2.270416543,12332.24031,658,20716.61027,423,1951.149423,517,9.339579239,26426.22923,850,44392.7363,546,4181.034478,668,0.021877149,0.012504058,0.452336536,0.6,0.733421875,0.231078125,0.0355,0.536323864,0.354176136,0.1095,1,1,0.02,0.014,0.9358125,0.0301875,1,0.74,0.26,0.92,0.08,0.96,0.04,0.15,0.85,1,1,0,0.01,0.99,0.35,0.65
Wuwei City,Medium-small-cities,5,甘肃省,21.96,17.92466491,3159.468012,132,14207.0805,85,633.4514921,104,0.069530343,5493.963821,159,24704.53442,102,1101.501761,125,0.153868074,10180.50804,415,45778.37049,267,2041.121475,326,2.951176781,5265.78002,159,23678.46749,102,1055.752487,125,0.166744063,6143.410024,658,27624.87874,423,1231.711235,517,0.694015831,13164.45005,850,59196.16873,546,2639.381217,668,0.031275415,0.027160064,0,0.6,0.756,0.234,0.01,0.564,0.396,0.04,1,1,0.02,0.686,0.147,0.147,1,0.74,0.26,0.92,0.08,0.96,0.04,0.15,0.85,1,1,0,0.01,0.99,0.35,0.65
Xi'an City,Extra-large-cities,5,陕西省,341.2616,306.0191495,3816.225908,132,13415.95697,85,767.8171224,104,0.874325903,6635.992828,159,23328.85851,102,1335.148663,125,2.170564888,12296.72792,415,43229.19468,267,2474.077394,326,22.42747608,6360.376513,159,22359.92828,102,1279.695204,125,0.838742872,7420.439265,658,26086.583,423,1492.977738,517,8.931340769,15900.94128,850,55899.82071,546,3199.23801,668,0.027384593,0.016060761,1.861875169,0.6,0.744975781,0.219524219,0.0355,0.55403267,0.33646733,0.1095,1,1,0.02,0.014,0.9358125,0.0301875,1,0.74,0.26,0.92,0.08,0.96,0.04,0.15,0.85,1,1,0,0.01,0.99,0.35,0.65
Xining City,Medium-small-cities,5,青海省,49.0554,40.5603497,3162.472111,132,14311.06507,85,526.4628203,104,0.239879707,5499.187615,159,24885.35204,102,915.4603486,125,0.384634702,10190.18791,415,46113.43189,267,1696.380199,326,6.133475946,5270.786852,159,23851.77511,102,877.4380338,125,0.306053419,6149.251327,658,27827.07097,423,1023.677706,517,1.431006526,13176.96713,850,59629.43779,546,2193.595084,668,0.092675641,0.024437743,0.600177562,0.6,0.743,0.247,0.01,0.542,0.418,0.04,1,1,0.02,0.686,0.147,0.147,1,0.74,0.26,0.92,0.08,0.96,0.04,0.15,0.85,1,1,0,0.01,0.99,0.35,0.65
Xishuangbanna Dai Autonomous Prefecture,Medium-small-cities,5,云南省,20.74,17.63163825,1876.57563,132,15539.65336,85,583.7710084,104,0.058097597,3263.156513,159,27021.73057,102,1015.11292,125,0.088690051,6046.743697,415,50072.21639,267,1881.039916,326,2.369932879,3127.62605,159,25899.42227,102,972.9516807,125,0.13977103,3648.897059,658,30215.99265,423,1135.110294,517,0.451870196,7819.065126,850,64748.55567,546,2432.379202,668,0.035955607,0.023620001,0.729608702,0.6,0.73,0.26,0.01,0.52,0.44,0.04,1,1,0.02,0.686,0.147,0.147,1,0.74,0.26,0.92,0.08,0.96,0.04,0.15,0.85,1,1,0,0.01,0.99,0.35,0.65
Xianning City,Medium-small-cities,5,湖北省,26.43,23.26734351,2812.923363,132,14717.59064,85,469.4859948,104,0.085543975,4891.361181,159,25592.25484,102,816.3839799,125,0.190234977,9063.86417,415,47423.34762,267,1512.788206,326,1.96936436,4688.205605,159,24529.31774,102,782.476658,125,0.179426171,5469.573206,658,28617.53736,423,912.8894344,517,0.738087003,11720.51401,850,61323.29434,546,1956.191645,668,0.011680822,0.015618467,0,0.6,0.73,0.26,0.01,0.52,0.44,0.04,1,1,0.02,0.686,0.147,0.147,1,0.74,0.26,0.92,0.08,0.96,0.04,0.15,0.85,1,1,0,0.01,0.99,0.35,0.65
Xianyang City,Medium-small-cities,5,陕西省,45.2991,40.62101348,3177.837774,132,14260.12443,85,562.0377979,104,0.116058111,5525.906797,159,24796.77192,102,977.3212818,125,0.288121007,10239.6995,415,45949.28982,267,1811.010682,326,2.977025489,5296.396291,159,23766.87405,102,936.7296631,125,0.111334815,6179.129006,658,27728.01972,423,1092.851274,517,1.185547095,13240.99073,850,59417.18512,546,2341.824158,668,0.030102381,0.02376231,0,0.6,0.756,0.234,0.01,0.564,0.396,0.04,1,1,0.02,0.686,0.147,0.147,1,0.74,0.26,0.92,0.08,0.96,0.04,0.15,0.85,1,1,0,0.01,0.99,0.35,0.65
Xiangtan City,Medium-small-cities,5,湖南省,38.4975,34.40577231,1814.954683,132,15539.27492,85,645.7703927,104,0.186956518,3156.004532,159,27021.07251,102,1122.922961,125,0.27355158,5848.187311,415,50070.99698,267,2080.81571,326,2.626272796,3024.924471,159,25898.79154,102,1076.283988,125,0.218930079,3529.07855,658,30215.2568,423,1255.664653,517,0.786016715,7562.311178,850,64746.97885,546,2690.70997,668,0.01474721,0.019798025,0,0.6,0.717,0.273,0.01,0.498,0.462,0.04,1,1,0.02,0.686,0.147,0.147,1,0.74,0.26,0.92,0.08,0.96,0.04,0.15,0.85,1,1,0,0.01,0.99,0.35,0.65
Xiangyang City,Largecities,5,湖北省,79.7164,70.17740683,2596.206347,132,14997.77337,85,406.0202784,104,0.258012021,4514.51437,159,26079.46148,102,706.0241508,125,0.573774025,8365.553784,415,48326.15865,267,1308.287564,326,5.939865193,4327.010578,159,24996.28896,102,676.700464,125,0.541173228,5048.179008,658,29162.33712,423,789.4838747,517,2.226168702,10817.52645,850,62490.72239,546,1691.75116,668,0.013041019,0.012979408,0.182741218,0.6,0.743,0.247,0.01,0.55187,0.39963,0.0485,1,1,0.02,0.471221579,0.466494402,0.042284019,1,0.74,0.26,0.92,0.08,0.96,0.04,0.15,0.85,1,1,0,0.01,0.99,0.35,0.65
Xiaogan City,Medium-small-cities,5,湖北省,31.4296,27.6686833,2619.584771,132,14973.46336,85,406.9518663,104,0.101725801,4555.166851,159,26037.18907,102,707.6440786,125,0.226220553,8440.884261,415,48247.82639,267,1311.289347,326,2.341896863,4365.974618,159,24955.77227,102,678.2531104,125,0.213367113,5093.637054,658,29115.06765,423,791.2952955,517,0.877706367,10914.93654,850,62389.43068,546,1695.632776,668,0.032719406,0.024305539,0,0.6,0.743,0.247,0.01,0.542,0.418,0.04,1,1,0.02,0.686,0.147,0.147,1,0.74,0.26,0.92,0.08,0.96,0.04,0.15,0.85,1,1,0,0.01,0.99,0.35,0.65
Xinzhou City,Medium-small-cities,5,山西省,40.2784,35.65484221,3799.965748,132,13284.46652,85,915.5677342,104,0.069441592,6607.718217,159,23100.21122,102,1592.07056,125,0.205478808,12244.33408,415,42805.50323,267,2950.162699,326,2.520957459,6333.276246,159,22140.77753,102,1525.946224,125,0.072287559,7388.822287,658,25830.90712,423,1780.270594,517,1.755392369,15833.19061,850,55351.94383,546,3814.865559,668,0.020317051,0.020012754,0.061514559,0.6,0.756,0.234,0.01,0.564,0.396,0.04,1,1,0.02,0.686,0.147,0.147,1,0.74,0.26,0.92,0.08,0.96,0.04,0.15,0.85,1,1,0,0.01,0.99,0.35,0.65
Xinxiang City,Medium-small-cities,5,河南省,105.0265,92.69938151,4945.34712,132,12697.04579,85,357.6070901,104,0.238796213,8599.409158,159,22078.75185,102,621.8389956,125,0.518155071,15935.00739,415,40912.7031,267,1152.289513,326,7.532221378,8242.245199,159,21161.74298,102,596.0118168,125,0.259077535,9615.952733,658,24688.70015,423,695.3471196,517,3.778868295,20605.613,850,52904.35746,546,1490.029542,668,0.014310579,0.011785128,0,0.6,0.756,0.234,0.01,0.564,0.396,0.04,1,1,0.02,0.686,0.147,0.147,1,0.74,0.26,0.92,0.08,0.96,0.04,0.15,0.85,1,1,0,0.01,0.99,0.35,0.65
Xinyu City,Medium-small-cities,5,江西省,19.2386,16.54142562,3059.04059,132,14468.63469,85,472.3247232,104,0.045038694,5319.331693,159,25159.34809,102,821.3202132,125,0.097476603,9856.908569,415,46621.15621,267,1521.935219,326,1.56059076,5098.400984,159,24114.39114,102,787.2078721,125,0.122891295,5948.134481,658,28133.45633,423,918.4091841,517,0.871177031,12746.00246,850,60285.97786,546,1968.01968,668,0.045800021,0.025161793,0,0.6,0.704,0.286,0.01,0.476,0.484,0.04,1,1,0.02,0.686,0.147,0.147,1,0.74,0.26,0.92,0.08,0.96,0.04,0.15,0.85,1,1,0,0.01,0.99,0.35,0.65
Xinyang City,Medium-small-cities,5,河南省,66.5127,58.70600422,2815.016403,132,14787.72741,85,397.2561885,104,0.151228318,4895.000746,159,25714.21488,102,690.7843722,125,0.328144733,9070.60841,415,47649.34387,267,1280.047718,326,4.770114027,4691.694005,159,24646.21235,102,662.0936475,125,0.164072366,5473.643006,658,28753.91441,423,772.4425887,517,2.393136335,11729.23501,850,61615.53087,546,1655.234119,668,0.013876607,0.022486194,0.042123952,0.6,0.743,0.247,0.01,0.542,0.418,0.04,1,1,0.02,0.686,0.147,0.147,1,0.74,0.26,0.92,0.08,0.96,0.04,0.15,0.85,1,1,0,0.01,0.99,0.35,0.65
Xingtai City,Medium-small-cities,5,河北省,141.2,122.27219,2427.314684,132,15108.35435,85,464.330962,104,0.189321128,4220.830534,159,26271.74952,102,807.4199506,125,0.580871643,7821.347315,415,48682.47514,267,1496.177544,326,11.57956863,4045.524473,159,25180.59059,102,773.8849366,125,0.380363357,4719.778552,658,29377.35569,423,902.8657594,517,6.19768529,10113.81118,850,62951.47647,546,1934.712342,668,0.018533442,0.019417992,0,0.6,0.756,0.234,0.01,0.564,0.396,0.04,1,1,0.02,0.686,0.147,0.147,1,0.74,0.26,0.92,0.08,0.96,0.04,0.15,0.85,1,1,0,0.01,0.99,0.35,0.65
Xuzhou City,Largecities,5,江苏省,151.4,140.1486352,3448.237052,132,13890.54183,85,661.2211215,104,0.314106234,5996.101096,159,24154.10884,102,1149.790061,125,0.916076915,11110.98606,415,44758.41255,267,2130.601391,326,5.137823742,5747.061753,159,23150.90304,102,1102.035202,125,0.889039923,6704.905379,658,27009.38689,423,1285.707736,517,3.994318009,14367.65438,850,57877.25761,546,2755.088006,668,0.013196152,0.015241798,0.192407158,0.6,0.73,0.26,0.01,0.530836842,0.420663158,0.0485,1,1,0.02,0.471221579,0.466494402,0.042284019,1,0.74,0.26,0.92,0.08,0.96,0.04,0.15,0.85,1,1,0,0.01,0.99,0.35,0.65
Xuchang City,Largecities,5,河南省,70.6631,62.36926552,4035.133247,132,13460.02595,85,504.8408025,104,0.160664982,7016.648368,159,23405.48957,102,877.8620621,125,0.348621001,13002.09602,415,43371.19473,267,1626.709252,326,5.067769682,6725.222078,159,22433.37658,102,841.4013375,125,0.174310501,7846.092424,658,26172.27268,423,981.6348937,517,2.542468312,16813.0552,850,56083.44146,546,2103.503344,668,0.011779341,0.009628303,0,0.6,0.73,0.26,0.01,0.530836842,0.420663158,0.0485,1,1,0.02,0.471221579,0.466494402,0.042284019,1,0.74,0.26,0.92,0.08,0.96,0.04,0.15,0.85,1,1,0,0.01,0.99,0.35,0.65
Xuancheng City,Medium-small-cities,5,安徽省,43.3812,37.15431851,5051.580699,132,12440.69408,85,507.7252199,104,0.11861184,8784.137549,159,21632.98471,102,882.8777434,125,0.272759211,16277.31559,415,40086.68093,267,1636.003486,326,3.695695225,8419.301165,159,20734.49014,102,846.2086998,125,0.152226531,9822.518026,658,24190.23849,423,987.2434831,517,1.987588687,21048.25291,850,51836.22534,546,2115.521749,668,0.032786276,0.017112676,0,0.6,0.717,0.273,0.01,0.498,0.462,0.04,1,1,0.02,0.686,0.147,0.147,1,0.74,0.26,0.92,0.08,0.96,0.04,0.15,0.85,1,1,0,0.01,0.99,0.35,0.65
Ya'an City,Medium-small-cities,5,四川省,32.12,28.77523309,2486.06063,132,14886.73481,85,627.2045593,104,0.059001527,4322.983206,159,25886.37775,102,1090.639039,125,0.207717703,8010.639807,415,47968.36772,267,2020.992469,326,2.146685679,4143.434383,159,24811.22468,102,1045.340932,125,0.168383352,4834.00678,658,28946.4288,423,1219.564421,517,0.762978645,10358.58596,850,62028.06171,546,2613.35233,668,0.019584351,0.040526761,0,0.6,0.717,0.273,0.01,0.498,0.462,0.04,1,1,0.02,0.686,0.147,0.147,1,0.74,0.26,0.92,0.08,0.96,0.04,0.15,0.85,1,1,0,0.01,0.99,0.35,0.65
Yantai City,Largecities,5,山东省,174.1372,153.1386086,3239.599538,132,14113.59176,85,646.8086992,104,0.300418678,5633.30364,159,24541.9679,102,1124.72846,125,0.991906061,10438.70962,415,45477.12901,267,2084.161364,326,12.76142586,5399.332563,159,23522.65294,102,1078.014499,125,0.598589836,6299.221323,658,27443.09509,423,1257.683582,517,6.346250936,13498.33141,850,58806.63235,546,2695.036247,668,0.011297682,0.014730206,0.238869102,0.6,0.756,0.234,0.01,0.572903158,0.378596842,0.0485,1,1,0.02,0.471221579,0.466494402,0.042284019,1,0.74,0.26,0.92,0.08,0.96,0.04,0.15,0.85,1,0.9,0.1,0.01,0.99,0.35,0.65
Yan'an City,Medium-small-cities,5,陕西省,37.3688,33.50968405,4153.316201,132,13017.98896,85,828.6948439,104,0.095740364,7222.155394,159,22636.83635,102,1441.008256,125,0.23768102,13382.90776,415,41946.8533,267,2670.238941,326,2.455851664,6922.193668,159,21696.64826,102,1381.158073,125,0.091843954,8075.892613,658,25312.7563,423,1611.351085,517,0.977998951,17305.48417,850,54241.62065,546,3452.895183,668,0.026937774,0.019976181,0.045181441,0.6,0.756,0.234,0.01,0.564,0.396,0.04,1,1,0.02,0.686,0.147,0.147,1,0.74,0.26,0.92,0.08,0.96,0.04,0.15,0.85,1,1,0,0.01,0.99,0.35,0.65
Yancheng City,Largecities,5,江苏省,136.38,126.2448538,2738.151701,132,14731.49986,85,530.3484372,104,0.282944572,4761.341568,159,25616.44143,102,922.2170048,125,0.825195309,8822.933258,415,47468.16622,267,1708.90052,326,4.628113619,4563.586168,159,24552.49977,102,883.9140621,125,0.800840586,5324.183863,658,28644.58307,423,1031.233072,517,3.598052114,11408.96542,850,61381.24943,546,2209.785155,668,0.011066497,0.01634119,0.045770651,0.6,0.743,0.247,0.01,0.55187,0.39963,0.0485,1,1,0.02,0.471221579,0.466494402,0.042284019,1,0.74,0.26,0.92,0.08,0.96,0.04,0.15,0.85,1,0.9,0.1,0.01,0.99,0.35,0.65
Yangzhou City,Largecities,5,江苏省,82.73,76.58187971,4736.212373,132,12537.37217,85,726.4154598,104,0.171638103,8235.747071,159,21801.09716,102,1263.155772,125,0.500574922,15261.12876,415,40398.19921,267,2340.672037,326,2.807477927,7893.687288,159,20895.62028,102,1210.692433,125,0.48580101,9209.301836,658,24378.22366,423,1412.474505,517,2.182628328,19734.21822,850,52239.0507,546,3026.731083,668,0.014936337,0.017283999,0.518481452,0.6,0.756,0.234,0.01,0.572903158,0.378596842,0.0485,1,1,0.02,0.471221579,0.466494402,0.042284019,1,0.74,0.26,0.92,0.08,0.96,0.04,0.15,0.85,1,1,0,0.01,0.99,0.35,0.65
Yangjiang City,Medium-small-cities,5,广东省,42.9027,38.08885444,3458.124968,132,13721.161,85,820.7140363,104,0.095114808,6013.295083,159,23859.5744,102,1427.130519,125,0.324019512,11142.84712,415,44212.62988,267,2644.523006,326,3.404147879,5763.541613,159,22868.60166,102,1367.856727,125,0.205958719,6724.131882,658,26680.03527,423,1595.832848,517,0.784604643,14408.85403,850,57171.50415,546,3419.641818,668,0.036895022,0.020958193,0,0.6,0.704,0.286,0.01,0.476,0.484,0.04,1,1,0.02,0.686,0.147,0.147,1,0.74,0.26,0.92,0.08,0.96,0.04,0.15,0.85,1,0.9,0.1,0.01,0.99,0.35,0.65
Yangquan City,Medium-small-cities,5,山西省,25.2758,22.37439076,3635.918082,132,13475.58201,85,888.4999125,104,0.043576502,6322.457553,159,23432.53982,102,1545.002626,125,0.128943584,11715.73604,415,43421.3198,267,2862.944162,326,1.581969903,6059.863469,159,22459.30334,102,1480.833187,125,0.045362424,7069.840714,658,26202.52057,423,1727.638719,517,1.101556826,15149.65867,850,56148.25836,546,3702.082969,668,0.028691816,0.022210334,0,0.6,0.743,0.247,0.01,0.542,0.418,0.04,1,1,0.02,0.686,0.147,0.147,1,0.74,0.26,0.92,0.08,0.96,0.04,0.15,0.85,1,1,0,0.01,0.99,0.35,0.65
Yichun City (Heilongjiang),Medium-small-cities,5,黑龙江省,8.5064,7.25321612,3562.86611,132,13971.92696,85,465.2069302,104,0.034810663,6195.42829,159,24295.62855,102,808.943162,125,0.084540182,11480.34635,415,45020.65354,267,1499.000108,326,0.723896032,5938.110183,159,23286.54493,102,775.3448837,125,0.069455562,6927.795213,658,27167.63576,423,904.569031,517,0.34048144,14845.27546,850,58216.36233,546,1938.362209,668,0.017334758,0.02336173,0.021682473,0.6,0.73,0.26,0.01,0.52,0.44,0.04,1,1,0.02,0.686,0.147,0.147,1,0.74,0.26,0.92,0.08,0.96,0.04,0.15,0.85,1,1,0,0.01,0.99,0.35,0.65
Yibin City,Medium-small-cities,5,四川省,79.81,71.49910813,1961.703767,132,15441.6759,85,596.6203312,104,0.146603731,3411.184884,159,26851.35865,102,1037.456465,125,0.516125463,6321.045472,415,49756.51124,267,1922.443289,326,5.333965879,3269.506279,159,25736.1265,102,994.3672187,125,0.418389643,3814.423992,658,30025.48092,423,1160.095088,517,1.89580715,8173.765697,850,64340.31626,546,2485.918047,668,0.017204388,0.028838947,0.104605069,0.6,0.73,0.26,0.01,0.52,0.44,0.04,1,1,0.02,0.686,0.147,0.147,1,0.74,0.26,0.92,0.08,0.96,0.04,0.15,0.85,1,1,0,0.01,0.99,0.35,0.65
Yichang City,Largecities,5,湖北省,69.3144,61.02012695,2650.214758,132,14927.54892,85,422.2363219,104,0.224344657,4608.428995,159,25957.34896,102,734.2220487,125,0.498903642,8539.580886,415,48099.87985,267,1360.53926,326,5.164786567,4417.024596,159,24879.2482,102,703.7272032,125,0.470556844,5153.195362,658,29025.78957,423,821.0150704,517,1.935681339,11042.56149,850,62198.1205,546,1759.318008,668,0.034913417,0.015919132,0.20695267,0.6,0.73,0.26,0.01,0.530836842,0.420663158,0.0485,1,1,0.02,0.471221579,0.466494402,0.042284019,1,0.74,0.26,0.92,0.08,0.96,0.04,0.15,0.85,1,1,0,0.01,0.99,0.35,0.65
Yichun City (Jiangxi),Medium-small-cities,5,江西省,78.1102,67.15946396,2819.31645,132,14670.63348,85,510.0500689,104,0.182860573,4902.478049,159,25510.60155,102,886.9203976,125,0.395762526,9084.464117,415,47272.04122,267,1643.494667,326,6.336118862,4698.86075,159,24451.0558,102,850.0834482,125,0.498948136,5482.004209,658,28526.23177,423,991.7640229,517,3.537045945,11747.15188,850,61127.6395,546,2125.208621,668,0.045160466,0.019239531,0.032884515,0.6,0.704,0.286,0.01,0.476,0.484,0.04,1,1,0.02,0.686,0.147,0.147,1,0.74,0.26,0.92,0.08,0.96,0.04,0.15,0.85,1,1,0,0.01,0.99,0.35,0.65
Yiyang City,Medium-small-cities,5,湖南省,45.4055,40.57955178,1690.919138,132,15830.53969,85,478.5411678,104,0.220504037,2940.320501,159,27527.54958,102,832.1299196,125,0.322637736,5448.517222,415,51009.51679,267,1541.965985,326,3.097531774,2818.198563,159,26384.23282,102,797.568613,125,0.258214942,3287.898324,658,30781.60496,423,930.4967152,517,0.927059729,7045.496408,850,65960.58206,546,1993.921533,668,0.030238371,0.024117415,0,0.6,0.717,0.273,0.01,0.498,0.462,0.04,1,1,0.02,0.686,0.147,0.147,1,0.74,0.26,0.92,0.08,0.96,0.04,0.15,0.85,1,1,0,0.01,0.99,0.35,0.65
Yinchuan City,Medium-small-cities,5,宁夏回族自治区,92.7,72.17623301,4598.461568,132,12675.79024,85,725.7481947,104,0.218841319,7996.213727,159,22041.7908,102,1261.995472,125,0.585548395,14817.26505,415,40844.21299,267,2338.521961,326,14.57956358,7664.102614,159,21126.31706,102,1209.580324,125,0.484999681,8941.453049,658,24647.36991,423,1411.177045,517,4.654814011,19160.25653,850,52815.79265,546,3023.950811,668,0.037814608,0.016118408,0.626525209,0.6,0.756,0.234,0.01,0.564,0.396,0.04,1,1,0.02,0.686,0.147,0.147,1,0.74,0.26,0.92,0.08,0.96,0.04,0.15,0.85,1,1,0,0.01,0.99,0.35,0.65
Yingtan City,Medium-small-cities,5,江西省,14.3315,12.32228131,2770.320803,132,14871.87562,85,357.803582,104,0.033550885,4817.280063,159,25860.53926,102,622.1806731,125,0.0726137,8926.589254,415,47920.48809,267,1152.922653,326,1.162538151,4617.201338,159,24786.45936,102,596.3393033,125,0.091545985,5386.734895,658,28917.53592,423,695.7291872,517,0.648969968,11543.00335,850,61966.1484,546,1490.848258,668,0.031436068,0.02259079,0,0.6,0.704,0.286,0.01,0.476,0.484,0.04,1,1,0.02,0.686,0.147,0.147,1,0.74,0.26,0.92,0.08,0.96,0.04,0.15,0.85,1,1,0,0.01,0.99,0.35,0.65
Yingkou City,Medium-small-cities,5,辽宁省,46.1484,40.18687171,3918.839761,132,13502.58247,85,578.5777716,104,0.216469549,6814.426918,159,23479.49062,102,1006.082458,125,0.403861098,12627.37256,415,43508.32128,267,1864.306153,326,3.342892932,6531.399602,159,22504.30411,102,964.296286,125,0.23908577,7619.966202,658,26255.02146,423,1125.012334,517,1.759218945,16328.49901,850,56260.76028,546,2410.740715,668,0.011311426,0.014831901,0.008150454,0.6,0.743,0.247,0.01,0.542,0.418,0.04,1,1,0.02,0.686,0.147,0.147,1,0.74,0.26,0.92,0.08,0.96,0.04,0.15,0.85,1,0.9,0.1,0.01,0.99,0.35,0.65
Yongzhou City,Medium-small-cities,5,湖南省,47.2512,42.22908056,1545.2617,132,16071.34508,85,383.3932205,104,0.229467363,2687.0384,159,27946.28339,102,666.6782112,125,0.335752722,4979.176588,415,51785.44526,267,1235.378155,326,3.22344415,2575.436166,159,26785.57513,102,638.9887008,125,0.268711188,3004.675527,658,31249.83766,423,745.4868176,517,0.964744022,6438.590415,850,66963.93783,546,1597.471752,668,0.022223078,0.025999939,0.004341992,0.6,0.704,0.286,0.01,0.476,0.484,0.04,1,1,0.02,0.686,0.147,0.147,1,0.74,0.26,0.92,0.08,0.96,0.04,0.15,0.85,1,1,0,0.01,0.99,0.35,0.65
Yulin City (Shaanxi),Largecities,5,陕西省,72.868,65.34284369,3313.347802,132,13986.50298,85,700.1492132,104,0.186690738,5761.543679,159,24320.97463,102,1217.481687,125,0.463470611,10676.34292,415,45067.62073,267,2256.036354,326,4.78883451,5522.246337,159,23310.83831,102,1166.915355,125,0.179092859,6442.620727,658,27195.97802,423,1361.401248,517,1.907067596,13805.61584,850,58277.09577,546,2917.288388,668,0.026214145,0.020578784,0.23587445,0.6,0.756,0.234,0.01,0.572903158,0.378596842,0.0485,1,1,0.02,0.471221579,0.466494402,0.042284019,1,0.74,0.26,0.92,0.08,0.96,0.04,0.15,0.85,1,1,0,0.01,0.99,0.35,0.65
Yulin City (Guangxi),Medium-small-cities,5,广西壮族自治区,66.94,58.07914915,3738.541098,132,13652.41565,85,609.043247,104,0.16469983,6500.907577,159,23740.03389,102,1059.058535,125,0.391286869,12046.41021,415,43991.11711,267,1962.472685,326,5.719575915,6230.901831,159,22754.02609,102,1015.072078,125,0.495097671,7269.385469,658,26546.36377,423,1184.250758,517,2.09019057,15577.25458,850,56885.06523,546,2537.680196,668,0.021642667,0.022827296,0,0.6,0.717,0.273,0.01,0.498,0.462,0.04,1,1,0.02,0.686,0.147,0.147,1,0.74,0.26,0.92,0.08,0.96,0.04,0.15,0.85,1,1,0,0.01,0.99,0.35,0.65
Yuxi City,Medium-small-cities,5,云南省,46.8,39.78595323,1701.652369,132,15835.10853,85,463.2391042,104,0.131097759,2958.984397,159,27535.49427,102,805.5213311,125,0.200129912,5483.102078,415,51024.23859,267,1492.659336,326,5.347775252,2836.087282,159,26391.84754,102,772.0651736,125,0.315394609,3308.768496,658,30790.4888,423,900.7427025,517,1.019649237,7090.218205,850,65979.61886,546,1930.162934,668,0.028490355,0.018010018,0,0.6,0.743,0.247,0.01,0.542,0.418,0.04,1,1,0.02,0.686,0.147,0.147,1,0.74,0.26,0.92,0.08,0.96,0.04,0.15,0.85,1,1,0,0.01,0.99,0.35,0.65
Yueyang City,Largecities,5,湖南省,64.0815,57.27056298,1611.315637,132,15964.05735,85,424.6270103,104,0.311200834,2801.898857,159,27759.72195,102,738.3791901,125,0.455343738,5192.017051,415,51439.74036,267,1368.242589,326,4.371595564,2685.526061,159,26606.76226,102,707.7116838,125,0.364422829,3133.113738,658,31041.22263,423,825.6636311,517,1.308374053,6713.815152,850,66516.90564,546,1769.279209,668,0.015120431,0.0245836,0.034980295,0.6,0.73,0.26,0.01,0.530836842,0.420663158,0.0485,1,1,0.02,0.471221579,0.466494402,0.042284019,1,0.74,0.26,0.92,0.08,0.96,0.04,0.15,0.85,1,1,0,0.01,0.99,0.35,0.65
Yunfu City,Medium-small-cities,5,广东省,35.9123,31.88280382,3037.773472,132,14171.0528,85,791.173725,104,0.079617169,5282.350537,159,24641.88626,102,1375.7632,125,0.271225026,9788.381186,415,45662.28126,267,2549.337558,326,2.84948919,5062.955786,159,23618.42134,102,1318.622875,125,0.172400602,5906.78175,658,27554.8249,423,1538.393354,517,0.656764197,12657.38946,850,59046.05335,546,3296.557188,668,0.014388818,0.022054022,0,0.6,0.717,0.273,0.01,0.498,0.462,0.04,1,1,0.02,0.686,0.147,0.147,1,0.74,0.26,0.92,0.08,0.96,0.04,0.15,0.85,1,1,0,0.01,0.99,0.35,0.65
Yuncheng City,Medium-small-cities,5,山西省,91.3089,80.8275508,4985.274767,132,12334.60743,85,680.1178019,104,0.157420239,8668.8389,159,21448.51181,102,1182.649289,125,0.465809068,16063.66314,415,39744.84617,267,2191.490695,326,5.714870811,8308.791278,159,20557.67905,102,1133.52967,125,0.163871888,9693.589824,658,23983.95889,423,1322.451281,517,3.979377192,20771.97819,850,51394.19763,546,2833.824174,668,0.009821502,0.0118419,0.104361552,0.6,0.756,0.234,0.01,0.564,0.396,0.04,1,1,0.02,0.686,0.147,0.147,1,0.74,0.26,0.92,0.08,0.96,0.04,0.15,0.85,1,1,0,0.01,0.99,0.35,0.65
Zaozhuang City,Medium-small-cities,5,山东省,83.1533,73.12613655,4080.476334,132,13232.03037,85,687.4932923,104,0.143454727,7095.494959,159,23009.03059,102,1195.474447,125,0.473651019,13148.20152,415,42636.54231,267,2215.256164,326,6.093785089,6800.79389,159,22053.38396,102,1145.822154,125,0.285836227,7934.259538,658,25728.94795,423,1336.792513,517,3.030436391,17001.98473,850,55133.45989,546,2864.555385,668,0.0245532,0.018904863,0,0.6,0.743,0.247,0.01,0.542,0.418,0.04,1,1,0.02,0.686,0.147,0.147,1,0.74,0.26,0.92,0.08,0.96,0.04,0.15,0.85,1,1,0,0.01,0.99,0.35,0.65
Zhanjiang City,Largecities,5,广东省,67.64,60.05053561,2404.206818,132,15068.14143,85,527.6517551,104,0.149957127,4180.648522,159,26201.8237,102,917.5277741,125,0.510846165,7746.888636,415,48552.90015,267,1700.211211,326,5.36694806,4007.011363,159,25113.56904,102,879.4195918,125,0.324712611,4674.846591,658,29299.16389,423,1025.989524,517,1.237000423,10017.52841,850,62783.92261,546,2198.54898,668,0.017247486,0.02440669,0.13912901,0.6,0.73,0.26,0.01,0.530836842,0.420663158,0.0485,1,1,0.02,0.471221579,0.466494402,0.042284019,1,0.74,0.26,0.92,0.08,0.96,0.04,0.15,0.85,1,0.9,0.1,0.01,0.99,0.35,0.65
Zhangjiajie City,Medium-small-cities,5,湖南省,16.9139,15.11619696,1899.966876,132,15776.0848,85,323.9483273,104,0.08213946,3303.831291,159,27432.85856,102,563.3101468,125,0.120185053,6122.115491,415,50834.05101,267,1043.833499,326,1.153854548,3166.611461,159,26293.47466,102,539.9138788,125,0.096187063,3694.380038,658,30675.72044,423,629.8995252,517,0.345336921,7916.528652,850,65733.68665,546,1349.784697,668,0.031013565,0.026864902,0.09837676,0.6,0.717,0.273,0.01,0.498,0.462,0.04,1,1,0.02,0.686,0.147,0.147,1,0.74,0.26,0.92,0.08,0.96,0.04,0.15,0.85,1,1,0,0.01,0.99,0.35,0.65
Zhangjiakou City,Medium-small-cities,5,河北省,64.41,55.77586229,4771.969154,132,12225.69943,85,1002.33142,104,0.086361005,8297.924139,159,21259.13289,102,1742.94297,125,0.264971264,15376.34505,415,39393.92037,267,3229.734577,326,5.282153083,7953.281923,159,20376.16571,102,1670.552367,125,0.173507109,9278.82891,658,23772.19333,423,1948.977762,517,2.827145251,19883.20481,850,50940.41428,546,4176.380918,668,0.032763473,0.023510451,0.016357003,0.6,0.756,0.234,0.01,0.564,0.396,0.04,1,1,0.02,0.686,0.147,0.147,1,0.74,0.26,0.92,0.08,0.96,0.04,0.15,0.85,1,1,0,0.01,0.99,0.35,0.65
Zhangye City,Medium-small-cities,5,甘肃省,20.5,16.73295221,3320.67416,132,14074.61154,85,604.7143004,104,0.064907652,5774.2834,159,24474.18562,102,1051.530978,125,0.143638229,10699.95007,415,45351.52607,267,1948.523857,326,2.754969217,5534.456933,159,23457.6859,102,1007.857167,125,0.155658165,6456.866421,658,27367.30022,423,1175.833362,517,0.647874524,13836.14233,850,58644.21475,546,2519.642918,668,0.080216827,0.022798857,0.01777807,0.6,0.756,0.234,0.01,0.564,0.396,0.04,1,1,0.02,0.686,0.147,0.147,1,0.74,0.26,0.92,0.08,0.96,0.04,0.15,0.85,1,1,0,0.01,0.99,0.35,0.65
Zhangzhou City,Largecities,5,福建省,60.88,53.23574955,4387.107018,132,12762.62305,85,850.269927,104,0.198540292,7628.691648,159,22192.78342,102,1478.524929,125,0.319820562,14136.23372,415,41124.00762,267,2739.758654,326,5.678611714,7311.84503,159,21271.03842,102,1417.116545,125,0.180572845,8530.485869,658,24816.2115,423,1653.302636,517,1.266705033,18279.61258,850,53177.59606,546,3542.791362,668,0.008107871,0.008533016,0.00E+00,0.6,0.704,0.286,0.01,0.488770526,0.462729474,0.0485,1,1,0.02,0.471221579,0.466494402,0.042284019,1,0.74,0.26,0.92,0.08,0.96,0.04,0.15,0.85,1,0.9,0.1,0.01,0.99,0.35,0.65
Changchun City,Largecities,5,吉林省,181.7334,160.7398775,5201.91525,132,11970.05633,85,828.0284219,104,0.542342782,9045.552628,159,20814.59795,102,1439.849423,125,1.461087644,16761.72692,415,38570.1815,267,2668.091582,326,12.06915057,8669.858749,159,19950.09388,102,1380.04737,125,0.740662158,10114.83521,658,23275.10953,423,1610.055265,517,6.180279315,21674.64687,850,49875.2347,546,3450.118425,668,0.015904358,0.014476696,0.406038243,0.6,0.73,0.26,0.01,0.530836842,0.420663158,0.0485,1,1,0.02,0.471221579,0.466494402,0.042284019,1,0.74,0.26,0.92,0.08,0.96,0.04,0.15,0.85,1,1,0,0.01,0.99,0.35,0.65
Changsha City,Extra-large-cities,5,湖南省,263.0833,235.1213486,2429.706263,132,14802.14299,85,768.1507482,104,1.277619007,4224.989223,159,25739.28198,102,1335.728801,125,1.86939028,7829.053513,415,47695.79408,267,2475.152411,326,17.94736058,4049.510438,159,24670.23832,102,1280.251247,125,1.496119169,4724.428844,658,28781.9447,423,1493.626455,517,5.371462332,10123.77609,850,61675.59579,546,3200.628117,668,0.013973956,0.016528921,0.858600965,0.6,0.721867969,0.242632031,0.0355,0.518615057,0.371884943,0.1095,1,1,0.02,0.014,0.9358125,0.0301875,1,0.74,0.26,0.92,0.08,0.96,0.04,0.15,0.85,1,1,0,0.01,0.99,0.35,0.65
Changzhi City,Medium-small-cities,5,山西省,60.5,53.55520462,4969.782267,132,12460.96531,85,569.2524216,104,0.104304449,8641.899164,159,21668.23413,102,989.8667108,125,0.308638573,16013.74286,415,40151.99934,267,1834.257803,326,3.786593466,8282.970445,159,20768.27552,102,948.7540359,125,0.108579221,9663.465519,658,24229.65477,423,1106.879709,517,2.636679668,20707.42611,850,51920.6888,546,2371.88509,668,0.022208486,0.025097065,0.05212935,0.6,0.756,0.234,0.01,0.564,0.396,0.04,1,1,0.02,0.686,0.147,0.147,1,0.74,0.26,0.92,0.08,0.96,0.04,0.15,0.85,1,1,0,0.01,0.99,0.35,0.65
Zhaotong City,Medium-small-cities,5,云南省,38.37,32.61938089,1864.623244,132,15739.4636,85,395.9131545,104,0.107483355,3242.372641,159,27369.17837,102,688.4489854,125,0.16408087,6008.230453,415,50716.04938,267,1275.720165,326,4.384490094,3107.705407,159,26232.43934,102,659.8552576,125,0.258583144,3625.656308,658,30604.51256,423,769.8311338,517,0.83598165,7769.263516,850,65581.09834,546,1649.638144,668,0.032490594,0.031557351,0.035073309,0.6,0.73,0.26,0.01,0.52,0.44,0.04,1,1,0.02,0.686,0.147,0.147,1,0.74,0.26,0.92,0.08,0.96,0.04,0.15,0.85,1,1,0,0.01,0.99,0.35,0.65
Zhaoqing City,Medium-small-cities,5,广东省,60.1702,53.41887549,3328.261036,132,14017.82031,85,653.9186522,104,0.133396663,5787.476135,159,24375.43199,102,1137.091879,125,0.454431046,10724.39667,415,45168.53211,267,2107.071213,326,4.774251008,5547.101727,159,23363.03385,102,1089.86442,125,0.288853086,6471.618682,658,27256.87283,423,1271.50849,517,1.100392709,13867.75432,850,58407.58463,546,2724.661051,668,0.01602,0.020280289,0,0.6,0.717,0.273,0.01,0.498,0.462,0.04,1,1,0.02,0.686,0.147,0.147,1,0.74,0.26,0.92,0.08,0.96,0.04,0.15,0.85,1,1,0,0.01,0.99,0.35,0.65
Zhenjiang City,Largecities,5,江苏省,64.75,59.93807218,4499.334649,132,12825.6681,85,674.997256,104,0.134335394,7823.843028,159,22302.41174,102,1173.745229,125,0.391783225,14497.85609,415,41327.15275,267,2174.991158,326,2.197318938,7498.891081,159,21376.11349,102,1124.995427,125,0.380220178,8748.706261,658,24938.79907,423,1312.494665,517,1.708270086,18747.2277,850,53440.28373,546,2812.488567,668,0.015279906,0.016027713,0,0.6,0.743,0.247,0.01,0.55187,0.39963,0.0485,1,1,0.02,0.471221579,0.466494402,0.042284019,1,0.74,0.26,0.92,0.08,0.96,0.04,0.15,0.85,1,1,0,0.01,0.99,0.35,0.65
Zhengzhou City,Extra-large-cities,5,河南省,379.4752,334.9356242,5412.887828,132,11765.67585,85,821.4363202,104,0.862803586,9412.410501,159,20459.20301,102,1428.38649,125,1.872165588,17441.52745,415,37911.62219,267,2646.850365,326,27.21495255,9021.479714,159,19609.45975,102,1369.060534,125,0.936082794,10525.05967,658,22877.70304,423,1597.237289,517,13.65357126,22553.69928,850,49023.64938,546,3422.651334,668,0.014587188,0.008403853,0.674112194,0.6,0.744975781,0.219524219,0.0355,0.55403267,0.33646733,0.1095,1,1,0.02,0.014,0.9358125,0.0301875,1,0.74,0.26,0.92,0.08,0.96,0.04,0.15,0.85,1,1,0,0.01,0.99,0.35,0.65
Zhongshan City,Largecities,5,广东省,120.6398,107.1035572,5391.278793,132,11864.47092,85,744.250289,104,0.267457093,9374.83479,159,20630.99665,102,1294.168558,125,0.911123288,17371.89833,415,38229.96185,267,2398.13982,326,9.57225814,8985.464655,159,19774.1182,102,1240.417148,125,0.579143472,10483.0421,658,23069.80456,423,1447.15334,517,2.206260846,22463.66164,850,49435.29549,546,3101.042871,668,0.051242053,0.017147386,0,0.6,0.717,0.273,0.01,0.509803684,0.441696316,0.0485,1,1,0.02,0.471221579,0.466494402,0.042284019,1,0.74,0.26,0.92,0.08,0.96,0.04,0.15,0.85,1,0.9,0.1,0.01,0.99,0.35,0.65
Zhongwei City,Medium-small-cities,5,宁夏回族自治区,15.42,12.00601416,3272.570215,132,14269.70006,85,457.7297281,104,0.036402731,5690.635985,159,24813.42288,102,795.9411383,125,0.097401901,10544.94847,415,45980.14463,267,1474.906902,326,2.425208958,5454.283691,159,23782.83343,102,762.8828801,125,0.080676322,6363.330973,658,27746.639,423,890.0300268,517,0.774295923,13635.70923,850,59457.08357,546,1907.2072,668,0.03046057,0.018987003,0.682608115,0.6,0.756,0.234,0.01,0.564,0.396,0.04,1,1,0.02,0.686,0.147,0.147,1,0.74,0.26,0.92,0.08,0.96,0.04,0.15,0.85,1,1,0,0.01,0.99,0.35,0.65
Chongqing,Megacities,5,重庆市,459.5,411.9610346,1593.296,132,16072.80072,85,333.9032843,104,1.089976279,2770.56471,159,27948.81458,102,580.620711,125,3.119932102,5133.953777,415,51790.13564,267,1075.910583,326,29.06936737,2655.493333,159,26788.00119,102,556.5054738,125,2.489945812,3098.075555,658,31252.66806,423,649.2563861,517,11.76974386,6638.733332,850,66970.00298,546,1391.263685,668,0.020276081,0.019961705,1.447619274,0.6,0.532462687,0.181037313,0.2865,0.432631579,0.183868421,0.3835,1,1,0.02,0.121363934,0.519066128,0.339569937,1,0.74,0.26,0.92,0.08,0.96,0.04,0.15,0.85,1,1,0,0.01,0.99,0.35,0.65
Zhoushan City,Medium-small-cities,5,浙江省,19.5935,17.72169346,7227.937706,132,10376.59273,85,395.4695611,104,0.037866866,12568.58057,159,18043.74181,102,687.6776257,125,0.088750468,23290.0215,415,33435.68769,267,1274.290808,326,1.393145681,12046.56284,159,17294.32122,102,659.1159352,125,0.046268577,14054.32332,658,20176.70809,423,768.9685911,517,0.305774946,30116.40711,850,43235.80305,546,1647.789838,668,0.057617227,0.018535976,0.075109508,0.6,0.717,0.273,0.01,0.498,0.462,0.04,1,1,0.02,0.686,0.147,0.147,1,0.74,0.26,0.92,0.08,0.96,0.04,0.15,0.85,1,0.9,0.1,0.01,0.99,0.35,0.65
Zhoukou City,Largecities,5,河南省,98.4355,86.8819771,2382.727348,132,15233.13088,85,384.1417755,104,0.223810416,4143.298111,159,26488.72202,102,667.9798652,125,0.485637944,7677.677011,415,49084.53282,267,1237.790166,326,7.05953238,3971.212247,159,25388.55146,102,640.2362925,125,0.242818972,4633.080955,658,29619.9767,423,746.9423413,517,3.541723185,9928.030618,850,63471.37865,546,1600.590731,668,0.014508413,0.019199606,0,0.6,0.743,0.247,0.01,0.55187,0.39963,0.0485,1,1,0.02,0.471221579,0.466494402,0.042284019,1,0.74,0.26,0.92,0.08,0.96,0.04,0.15,0.85,1,1,0,0.01,0.99,0.35,0.65
Zhuhai City,Largecities,5,广东省,68.8579,61.13178262,11130.47519,132,4803.378388,85,2066.146424,104,0.152657197,19354.65963,159,8352.541307,102,3592.79906,125,0.520044266,35864.8645,415,15477.55258,267,6657.582922,326,5.463583277,18550.79198,159,8005.630646,102,3443.577374,125,0.330559262,21642.59064,658,9339.90242,423,4017.506936,517,1.25927338,46376.97995,850,20014.07662,546,8608.943434,668,0.027125092,0.015866085,0.22725513,0.6,0.717,0.273,0.01,0.509803684,0.441696316,0.0485,1,1,0.02,0.471221579,0.466494402,0.042284019,1,0.74,0.26,0.92,0.08,0.96,0.04,0.15,0.85,1,0.9,0.1,0.01,0.99,0.35,0.65
Zhuzhou City,Largecities,5,湖南省,54.8513,49.0213998,1717.675823,132,15649.35999,85,632.9641881,104,0.266375948,2986.847404,159,27212.4982,102,1100.654394,125,0.389756731,5534.733209,415,50425.71552,267,2039.551273,326,3.74191771,2862.793039,159,26082.26665,102,1054.940314,125,0.311931929,3339.925212,658,30429.31109,423,1230.763699,517,1.119917881,7156.982597,850,65205.66662,546,2637.350784,668,0.027699873,0.019217756,0,0.6,0.704,0.286,0.01,0.488770526,0.462729474,0.0485,1,1,0.02,0.471221579,0.466494402,0.042284019,1,0.74,0.26,0.92,0.08,0.96,0.04,0.15,0.85,1,1,0,0.01,0.99,0.35,0.65
Zhumadian City,Medium-small-cities,5,河南省,74.3745,65.64505291,2644.310717,132,14872.80077,85,482.8885112,104,0.169103502,4598.162525,159,25862.14801,102,839.6894667,125,0.366931435,8520.556755,415,47923.46915,267,1555.974092,326,5.333941423,4407.184528,159,24788.00129,102,804.8141853,125,0.183465717,5141.715283,658,28919.33483,423,938.9498829,517,2.676005008,11017.96132,850,61970.00322,546,2012.035463,668,0.014672373,0.01833174,0,0.6,0.756,0.234,0.01,0.564,0.396,0.04,1,1,0.02,0.686,0.147,0.147,1,0.74,0.26,0.92,0.08,0.96,0.04,0.15,0.85,1,1,0,0.01,0.99,0.35,0.65
Ziyang City,Medium-small-cities,5,四川省,32.24,28.88273708,2451.733681,132,15002.46158,85,545.8047387,104,0.059221956,4263.292457,159,26087.61375,102,949.0937955,125,0.208493734,7900.030751,415,48341.26509,267,1758.704158,326,2.154705675,4086.222802,159,25004.10263,102,909.6745644,125,0.169012431,4767.259936,658,29171.45307,423,1061.286992,517,0.765829125,10215.55701,850,62510.25658,546,2274.186411,668,0.025752062,0.040587498,0,0.6,0.73,0.26,0.01,0.52,0.44,0.04,1,1,0.02,0.686,0.147,0.147,1,0.74,0.26,0.92,0.08,0.96,0.04,0.15,0.85,1,1,0,0.01,0.99,0.35,0.65
Zibo City,Largecities,5,山东省,112.4472,98.88758837,4173.018946,132,13177.58512,85,649.39593,104,0.193992089,7256.416279,159,22914.35635,102,1129.227367,125,0.640512534,13446.39438,415,42461.10762,267,2092.497997,326,8.240551735,6955.031577,159,21962.64187,102,1082.32655,125,0.386532866,8114.203507,658,25623.08219,423,1262.714308,517,4.098022411,17387.57894,850,54906.60468,546,2705.816375,668,0.028770712,0.013711344,0,0.6,0.743,0.247,0.01,0.55187,0.39963,0.0485,1,1,0.02,0.471221579,0.466494402,0.042284019,1,0.74,0.26,0.92,0.08,0.96,0.04,0.15,0.85,1,1,0,0.01,0.99,0.35,0.65
Zigong City,Medium-small-cities,5,四川省,44.04,39.45396219,1696.42048,132,15661.98459,85,641.5949252,104,0.080897485,2949.886724,159,27234.45099,102,1115.662287,125,0.284803476,5466.24377,415,50466.3948,267,2067.361426,326,2.943338646,2827.367467,159,26103.30766,102,1069.324875,125,0.230871819,3298.595378,658,30453.85893,423,1247.545688,517,1.046126386,7068.418668,850,65258.26914,546,2673.312188,668,0.016077632,0.034240573,0,0.6,0.73,0.26,0.01,0.52,0.44,0.04,1,1,0.02,0.686,0.147,0.147,1,0.74,0.26,0.92,0.08,0.96,0.04,0.15,0.85,1,1,0,0.01,0.99,0.35,0.65
Zunyi City,Largecities,5,贵州省,94.97,82.22688574,1475.806452,132,15940.35301,85,583.8405356,104,0.338884001,2566.263441,159,27718.50274,102,1015.23382,125,0.55763452,4755.376344,415,51363.35971,267,1881.263948,326,9.660883586,2459.677419,159,26567.25502,102,973.0675593,125,0.525359853,2869.623656,658,30995.13086,423,1135.245486,517,1.660352301,6149.193548,850,66418.13755,546,2432.668898,668,0.049744204,0.033513173,0.176580617,0.6,0.73,0.26,0.01,0.530836842,0.420663158,0.0485,1,1,0.02,0.471221579,0.466494402,0.042284019,1,0.74,0.26,0.92,0.08,0.96,0.04,0.15,0.85,1,1,0,0.01,0.99,0.35,0.65
Altay Prefecture,Medium-small-cities,6,新疆维吾尔族自治区,12.0824,10.00871362,2460.359096,132,15298.20249,85,241.4384086,104,0.062001128,4278.291096,159,26601.87434,102,419.8345661,125,0.084064592,7927.823755,415,49294.20804,267,777.9682056,326,1.360952688,4100.598494,159,25497.00416,102,402.3973477,125,0.080433896,4784.031576,658,29746.50485,423,469.4635723,517,0.486234071,10251.49624,850,63742.5104,546,1005.993369,668,0.07678433,0.062458655,1.37E+00,0.6,0.743,0.247,0.01,0.542,0.418,0.04,1,1,0.02,0.686,0.147,0.147,1,0.74,0.26,0.92,0.08,0.96,0.04,0.15,0.85,1,1,0,0.01,0.99,0.35,0.65
Ankang City,Medium-small-cities,6,陕西省,19.7762,17.73389067,1317.038723,132,16312.21311,85,370.7481659,104,0.050667417,2290.184001,159,28365.12613,102,644.6898662,125,0.125784809,4243.791439,415,52561.57558,267,1194.632979,326,1.299678172,2195.064538,159,27187.02185,102,617.9136098,125,0.048605371,2560.908627,658,31718.19216,423,720.8992114,517,0.51757356,5487.661344,850,67967.55463,546,1544.784024,668,0.044685712,0.057400395,3.997132955,0.6,0.73,0.26,0.01,0.52,0.44,0.04,1,1,0.02,0.686,0.147,0.147,1,0.74,0.26,0.92,0.08,0.96,0.04,0.15,0.85,1,1,0,0.01,0.99,0.35,0.65
Anqing City,Medium-small-cities,6,安徽省,57.3094,49.08328264,2113.94044,132,15563.22831,85,322.8312473,104,0.156693991,3675.907543,159,27062.72479,102,561.3676689,125,0.360332741,6811.585863,415,50148.18012,267,1040.234019,326,4.882254892,3523.234067,159,25938.71385,102,538.0520788,125,0.201101196,4110.439745,658,30261.83283,423,627.7274253,517,2.625734537,8808.085168,850,64846.78464,546,1345.130197,668,0.023635623,0.03247867,0.061992591,0.6,0.73,0.26,0.01,0.52,0.44,0.04,1,1,0.02,0.686,0.147,0.147,1,0.74,0.26,0.92,0.08,0.96,0.04,0.15,0.85,1,1,0,0.01,0.99,0.35,0.65
Anshun City,Medium-small-cities,6,贵州省,30.0547,26.0219478,3141.108703,132,14264.95395,85,593.9373451,104,0.107244993,5462.039023,159,24805.16993,102,1032.79105,125,0.17647192,10121.35027,415,45964.85162,267,1913.798112,326,3.057333452,5235.181172,159,23774.92325,102,989.8955751,125,0.166258111,6107.711368,658,27737.41046,423,1154.878171,517,0.525443722,13087.95293,850,59437.30813,546,2474.738938,668,0.074005133,0.065499065,0.193200274,0.6,0.717,0.273,0.01,0.498,0.462,0.04,1,1,0.02,0.686,0.147,0.147,1,0.74,0.26,0.92,0.08,0.96,0.04,0.15,0.85,1,1,0,0.01,0.99,0.35,0.65
Anyang City,Medium-small-cities,6,河南省,86.4084,76.26651595,4263.814068,132,13333.0768,85,403.1091273,104,0.19646469,7414.298907,159,23184.73911,102,700.9619825,125,0.426301463,13738.95644,415,42962.13637,267,1298.907188,326,6.19698074,7106.35678,159,22221.79467,102,671.8485455,125,0.213150732,8290.749577,658,25925.42712,423,783.8233031,517,3.108986429,17765.89195,850,55554.48669,546,1679.621364,668,0.032825216,0.02480569,0,0.6,0.756,0.234,0.01,0.564,0.396,0.04,1,1,0.02,0.686,0.147,0.147,1,0.74,0.26,0.92,0.08,0.96,0.04,0.15,0.85,1,1,0,0.01,0.99,0.35,0.65
Anshan City,Medium-small-cities,6,辽宁省,62.1968,54.16211227,3665.491148,132,13672.35752,85,662.1513331,104,0.291748213,6373.881829,159,23774.71058,102,1151.407596,125,0.544306367,11811.02703,415,44055.37423,267,2133.59874,326,4.505405239,6109.151913,159,22787.26253,102,1103.585555,125,0.32222937,7127.343898,658,26585.13962,423,1287.516481,517,2.370998537,15272.87978,850,56968.15633,546,2758.963888,668,0.041785024,0.043668138,0.021723412,0.6,0.743,0.247,0.01,0.542,0.418,0.04,1,1,0.02,0.686,0.147,0.147,1,0.74,0.26,0.92,0.08,0.96,0.04,0.15,0.85,1,1,0,0.01,0.99,0.35,0.65
Bayannur City,Medium-small-cities,6,内蒙古自治区,36.9,32.35197114,3806.314879,132,13893.16609,85,300.5190311,104,0.077815539,6618.758651,159,24158.67215,102,522.5692042,125,0.195503503,12264.79239,415,44766.86851,267,968.3391003,326,2.855380111,6343.858131,159,23155.27682,102,500.8650519,125,0.094536233,7401.16782,658,27014.48962,423,584.3425606,517,1.324793475,15859.64533,850,57888.19204,546,1252.16263,668,0.067726516,0.029535376,0.040039775,0.6,0.756,0.234,0.01,0.564,0.396,0.04,1,1,0.02,0.686,0.147,0.147,1,0.74,0.26,0.92,0.08,0.96,0.04,0.15,0.85,1,1,0,0.01,0.99,0.35,0.65
Bazhong City,Medium-small-cities,6,四川省,44.98,40.29607673,1257.48176,132,16396.60081,85,345.9174294,104,0.08262418,2186.62106,159,28511.86697,102,601.5119744,125,0.290882387,4051.885671,415,52833.4915,267,1114.622828,326,3.00616195,2095.802933,159,27327.66802,102,576.529049,125,0.235799601,2445.103422,658,31882.27935,423,672.6172238,517,1.068455151,5239.507333,850,68319.17004,546,1441.322622,668,0.07137434,0.066491241,0.040962299,0.6,0.717,0.273,0.01,0.498,0.462,0.04,1,1,0.02,0.686,0.147,0.147,1,0.74,0.26,0.92,0.08,0.96,0.04,0.15,0.85,1,1,0,0.01,0.99,0.35,0.65
Baicheng City,Medium-small-cities,6,吉林省,28.6851,25.37144774,4294.273734,132,13224.05883,85,481.6674325,104,0.08560428,7467.264882,159,22995.16897,102,837.5661465,125,0.230620487,13837.10425,415,42610.85624,267,1552.039505,326,1.905014659,7157.12289,159,22040.09806,102,802.7790541,125,0.116907338,8349.976705,658,25713.44773,423,936.5755632,517,0.975505494,17892.80722,850,55100.24514,546,2006.947635,668,0.031486769,0.029444295,0.019666977,0.6,0.756,0.234,0.01,0.564,0.396,0.04,1,1,0.02,0.686,0.147,0.147,1,0.74,0.26,0.92,0.08,0.96,0.04,0.15,0.85,1,1,0,0.01,0.99,0.35,0.65
Baishan City,Medium-small-cities,6,吉林省,14.5408,12.86107238,3177.732782,132,14210.43718,85,611.8300352,104,0.043393773,5525.724226,159,24710.37132,102,1063.90445,125,0.11690412,10239.36119,415,45789.18648,267,1971.452336,326,0.965673369,5296.221303,159,23684.06197,102,1019.716725,125,0.059261645,6178.924853,658,27631.40563,423,1189.669513,517,0.494494713,13240.55326,850,59210.15493,546,2549.291813,668,0.034826704,0.046368326,0.038020952,0.6,0.73,0.26,0.01,0.52,0.44,0.04,1,1,0.02,0.686,0.147,0.147,1,0.74,0.26,0.92,0.08,0.96,0.04,0.15,0.85,1,1,0,0.01,0.99,0.35,0.65
Baiyin City,Medium-small-cities,6,甘肃省,24.79,20.23462855,3825.158211,132,13622.1745,85,552.6672892,104,0.078490765,6651.525112,159,23687.44788,102,961.0270084,125,0.173697156,12325.50979,415,43893.67339,267,1780.816821,326,3.331496922,6375.263686,159,22703.62417,102,921.1121486,125,0.188232483,7437.807633,658,26487.56153,423,1074.63084,517,0.783454119,15938.15921,850,56759.06041,546,2302.780372,668,0.028299677,0.038524313,0,0.6,0.756,0.234,0.01,0.564,0.396,0.04,1,1,0.02,0.686,0.147,0.147,1,0.74,0.26,0.92,0.08,0.96,0.04,0.15,0.85,1,1,0,0.01,0.99,0.35,0.65
Baise City,Medium-small-cities,6,广西壮族自治区,39.4785,34.25272915,3273.166965,132,13885.34089,85,841.492145,104,0.097133287,5691.673667,159,24145.06499,102,1463.261341,125,0.230765143,10546.87133,415,44741.65398,267,2711.474689,326,3.373174152,5455.278275,159,23142.23482,102,1402.486908,125,0.291988548,6364.49132,658,26999.27395,423,1636.234726,517,1.232709716,13638.19569,850,57855.58704,546,3506.217271,668,0.066565311,0.060125575,0.0369094,0.6,0.73,0.26,0.01,0.52,0.44,0.04,1,1,0.02,0.686,0.147,0.147,1,0.74,0.26,0.92,0.08,0.96,0.04,0.15,0.85,1,1,0,0.01,0.99,0.35,0.65
Bengbu City,Medium-small-cities,6,安徽省,44.0785,37.75152896,4054.276663,132,13594.08659,85,351.6367476,104,0.120518381,7049.936642,159,23638.60612,102,611.4572334,125,0.277143483,13063.78036,415,43803.1679,267,1133.051742,326,3.755099028,6757.127772,159,22656.81098,102,586.061246,125,0.154673388,7883.315734,658,26432.94615,423,683.7381204,517,2.019536756,16892.81943,850,56642.02746,546,1465.153115,668,0.01801822,0.029409234,0,0.6,0.743,0.247,0.01,0.542,0.418,0.04,1,1,0.02,0.686,0.147,0.147,1,0.74,0.26,0.92,0.08,0.96,0.04,0.15,0.85,1,1,0,0.01,0.99,0.35,0.65
Baotou City,Medium-small-cities,6,内蒙古自治区,72.6,63.65184566,5064.302822,132,12057.65608,85,878.0411011,104,0.153100491,8806.259907,159,20966.92418,102,1526.815915,125,0.384649169,16318.30909,415,38852.44736,267,2829.243548,326,5.617902332,8440.504703,159,20096.09346,102,1463.401835,125,0.185998118,9847.255487,658,23445.44237,423,1707.302141,517,2.606504235,21101.26176,850,50240.23365,546,3658.504588,668,0.051113107,0.027830132,0.123413216,0.6,0.756,0.234,0.01,0.564,0.396,0.04,1,1,0.02,0.686,0.147,0.147,1,0.74,0.26,0.92,0.08,0.96,0.04,0.15,0.85,1,1,0,0.01,0.99,0.35,0.65
Baoji City,Medium-small-cities,6,陕西省,39.2303,35.17894495,2889.019585,132,14780.68576,85,330.2946539,104,0.100509602,5023.684056,159,25701.97024,102,574.3457037,125,0.24952093,9309.063107,415,47626.65412,267,1064.282774,326,2.578188155,4815.032641,159,24634.47627,102,550.4910898,125,0.096419095,5617.538082,658,28740.22231,423,642.2396048,517,1.026717268,12037.5816,850,61586.19067,546,1376.227725,668,0.050794205,0.041206152,0,0.6,0.743,0.247,0.01,0.542,0.418,0.04,1,1,0.02,0.686,0.147,0.147,1,0.74,0.26,0.92,0.08,0.96,0.04,0.15,0.85,1,1,0,0.01,0.99,0.35,0.65
Baoding City,Largecities,6,河北省,238,206.0961842,3178.423926,132,14255.61087,85,565.9652035,104,0.319110683,5526.926049,159,24788.92335,102,984.1506039,125,0.979089596,10241.58821,415,45934.74614,267,1823.665656,326,19.51796978,5297.37321,159,23759.35145,102,943.2753392,125,0.641122372,6180.268745,658,27719.24336,423,1100.487896,517,10.44652336,13243.43303,850,59398.37863,546,2358.188348,668,0.039492118,0.03446463,0,0.6,0.756,0.234,0.01,0.572903158,0.378596842,0.0485,1,1,0.02,0.471221579,0.466494402,0.042284019,1,0.74,0.26,0.92,0.08,0.96,0.04,0.15,0.85,1,1,0,0.01,0.99,0.35,0.65
Baoshan City,Medium-small-cities,6,云南省,28.66,24.36464572,1590.987868,132,15977.2617,85,431.7504333,104,0.080283371,2766.551127,159,27782.68284,102,750.7660312,125,0.12255819,5126.516464,415,51482.28769,267,1391.195841,326,3.274940998,2651.646447,159,26628.7695,102,719.5840555,125,0.193145502,3093.587522,658,31066.89775,423,839.5147314,517,0.624426221,6629.116118,850,66571.92374,546,1798.960139,668,0.06405325,0.043456493,0.743762599,0.6,0.73,0.26,0.01,0.52,0.44,0.04,1,1,0.02,0.686,0.147,0.147,1,0.74,0.26,0.92,0.08,0.96,0.04,0.15,0.85,1,1,0,0.01,0.99,0.35,0.65
Beihai City,Medium-small-cities,6,广西壮族自治区,30.3548,26.33673374,2599.601594,132,14348.60558,85,1051.792829,104,0.074685246,4520.418327,159,24950.63081,102,1828.950863,125,0.17743404,8376.494024,415,46234.39575,267,3389.110226,326,2.593614924,4332.669323,159,23914.34263,102,1752.988048,125,0.224508377,5054.780876,658,27900.0664,423,2045.152722,517,0.947823674,10831.67331,850,59785.85657,546,4382.47012,668,0.064455286,0.039619618,0.224208456,0.6,0.73,0.26,0.01,0.52,0.44,0.04,1,1,0.02,0.686,0.147,0.147,1,0.74,0.26,0.92,0.08,0.96,0.04,0.15,0.85,1,0.9,0.1,0.01,0.99,0.35,0.65
Beijing,Megacities,6,北京市,584.25,522.7,7707.502459,132,9352.499329,85,939.9982116,104,7.66,13402.49039,159,16262.95717,102,1634.552446,125,6.31,24835.2857,415,30135.83117,267,3028.883126,326,39.4,12845.83743,159,15587.49888,102,1566.663686,125,1.87,14986.81034,658,18185.41536,423,1827.7743,517,6.31,32114.59358,850,38968.74721,546,3916.659215,668,0.03571966,0.035667142,9.140587301,0.6,0.541514552,0.171985448,0.2865,0.441825,0.174675,0.3835,1,1,0.02,0.121363934,0.519066128,0.339569937,1,0.74,0.26,0.92,0.08,0.96,0.04,0.15,0.85,1,1,0,0.01,0.99,0.35,0.65
Benxi City,Medium-small-cities,6,辽宁省,15.1086,13.15684552,8159.6766,132,9840.3234,85,0,104,0.070870319,14188.77098,159,17111.22902,102,0,125,0.132220744,26292.29127,415,31707.70873,267,0,326,1.094435173,13599.461,159,16400.539,102,0,125,0.078274681,15866.03783,658,19133.96217,423,0,517,0.575953562,33998.6525,850,41001.3475,546,0,668,0.045565372,0.06192126,0,0.6,0.73,0.26,0.01,0.52,0.44,0.04,1,1,0.02,0.686,0.147,0.147,1,0.74,0.26,0.92,0.08,0.96,0.04,0.15,0.85,1,1,0,0.01,0.99,0.35,0.65
Bijie City,Medium-small-cities,6,贵州省,58.2,50.39069969,1444.917944,132,16017.58999,85,537.4920664,104,0.207676623,2512.551757,159,27852.80926,102,934.6389821,125,0.341732432,4655.846707,415,51612.23441,267,1731.918881,326,5.920431975,2408.196573,159,26695.98332,102,895.8201106,125,0.321953706,2809.562668,658,31145.31387,423,1045.123462,517,1.01750557,6020.491432,850,66739.95829,546,2239.550277,668,0.073452859,0.066109062,0.288537844,0.6,0.73,0.26,0.01,0.52,0.44,0.04,1,1,0.02,0.686,0.147,0.147,1,0.74,0.26,0.92,0.08,0.96,0.04,0.15,0.85,1,1,0,0.01,0.99,0.35,0.65
Binzhou City,Medium-small-cities,6,山东省,95.6195,84.08908141,2890.192846,132,14447.41907,85,662.3880883,104,0.164961213,5025.724226,159,25122.45649,102,1151.819287,125,0.544659967,9312.843613,415,46552.79477,267,2134.361618,326,7.007354889,4816.988076,159,24079.03178,102,1103.980147,125,0.328688303,5619.819422,658,28092.20374,423,1287.976838,517,3.484754213,12042.47019,850,60197.57944,546,2759.950368,668,0.02210814,0.031118441,0,0.6,0.743,0.247,0.01,0.542,0.418,0.04,1,1,0.02,0.686,0.147,0.147,1,0.74,0.26,0.92,0.08,0.96,0.04,0.15,0.85,1,0.9,0.1,0.01,0.99,0.35,0.65
Bozhou City,Medium-small-cities,6,安徽省,63.1152,54.0557256,2502.108931,132,15145.79131,85,352.0997616,104,0.172568071,4350.889419,159,26336.84822,102,612.2623632,125,0.396836698,8062.350999,415,48803.10532,267,1134.543676,326,5.376857792,4170.181551,159,25242.98551,102,586.832936,125,0.221474002,4865.21181,658,29450.14976,423,684.6384253,517,2.891737838,10425.45388,850,63107.46378,546,1467.08234,668,0.020502298,0.026126451,0,0.6,0.743,0.247,0.01,0.542,0.418,0.04,1,1,0.02,0.686,0.147,0.147,1,0.74,0.26,0.92,0.08,0.96,0.04,0.15,0.85,1,1,0,0.01,0.99,0.35,0.65
Cangzhou City,Largecities,6,河北省,85.0947,73.68778557,3144.492403,132,14282.09231,85,573.415292,104,0.114095075,5467.922901,159,24834.97162,102,997.1054799,125,0.350064435,10132.2533,415,46020.07521,267,1847.671496,326,6.978469678,5240.820672,159,23803.48718,102,955.6921533,125,0.229227378,6114.290784,658,27770.73504,423,1114.974179,517,3.735057864,13102.05168,850,59508.71794,546,2389.230383,668,0.024794422,0.035821455,0,0.6,0.756,0.234,0.01,0.572903158,0.378596842,0.0485,1,1,0.02,0.471221579,0.466494402,0.042284019,1,0.74,0.26,0.92,0.08,0.96,0.04,0.15,0.85,1,0.9,0.1,0.01,0.99,0.35,0.65
Chamdo City,Medium-small-cities,6,西藏自治区,13.7757,9.001351382,1766.100544,132,15994.48013,85,239.4193258,104,0.072150135,3071.052612,159,27812.62378,102,416.3236054,125,0.106981235,5690.768418,415,51537.76931,267,771.4622719,326,3.092504082,2943.500906,159,26657.46688,102,399.0322096,125,0.462756041,3434.08439,658,31100.37803,423,465.5375779,517,1.039957125,7358.752265,850,66643.66721,546,997.580524,668,0.08827303,0.072906773,0.233822225,0.6,0.73,0.26,0.01,0.52,0.44,0.04,1,1,0.02,0.686,0.147,0.147,1,0.74,0.26,0.92,0.08,0.96,0.04,0.15,0.85,1,1,0,0.01,0.99,0.35,0.65
Changde City,Largecities,6,湖南省,62.3495,55.72264954,1739.525849,132,15918.76738,85,341.7067679,104,0.302789673,3024.84217,159,27680.96773,102,594.190102,125,0.44303667,5605.138846,415,51293.80601,267,1101.055141,326,4.253439723,2899.209748,159,26531.27897,102,569.5112799,125,0.354573179,3382.411373,658,30953.1588,423,664.4298265,517,1.273011212,7248.02437,850,66328.19743,546,1423.7782,668,0.034839703,0.048895468,1.075181922,0.6,0.743,0.247,0.01,0.55187,0.39963,0.0485,1,1,0.02,0.471221579,0.466494402,0.042284019,1,0.74,0.26,0.92,0.08,0.96,0.04,0.15,0.85,1,1,0,0.01,0.99,0.35,0.65
Changzhou City,Largecities,6,江苏省,147.72,136.7421162,5151.340178,132,11909.36517,85,939.2946555,104,0.306471419,8957.608198,159,20709.06276,102,1633.32904,125,0.893810317,16598.76279,415,38374.62109,267,3026.616112,326,5.012941368,8585.566963,159,19848.94194,102,1565.491092,125,0.867430498,10016.49479,658,23157.09894,423,1826.406275,517,3.897230226,21463.91741,850,49622.35486,546,3913.727731,668,0.019879004,0.024516476,0.521704434,0.6,0.756,0.234,0.01,0.572903158,0.378596842,0.0485,1,1,0.02,0.471221579,0.466494402,0.042284019,1,0.74,0.26,0.92,0.08,0.96,0.04,0.15,0.85,1,1,0,0.01,0.99,0.35,0.65
Chaohu City,Medium-small-cities,6,安徽省,9.5791,8.204128341,4461.481206,132,13196.87384,85,341.6449572,104,0.026190946,7758.020097,159,22947.89728,102,594.08262,125,0.060228573,14375.88389,415,42523.26014,267,1100.855973,326,0.816054746,7435.80201,159,21994.78973,102,569.408262,125,0.033613482,8675.102345,658,25660.58802,423,664.309639,517,0.438883913,18589.50502,850,54986.97432,546,1423.520655,668,0.093295374,0.021202278,0,0.6,0.743,0.247,0.01,0.542,0.418,0.04,1,1,0.02,0.686,0.147,0.147,1,0.74,0.26,0.92,0.08,0.96,0.04,0.15,0.85,1,1,0,0.01,0.99,0.35,0.65
Chaoyang City,Medium-small-cities,6,辽宁省,41.8232,36.42040835,3214.504383,132,14183.1843,85,602.3113151,104,0.196181216,5589.665955,159,24662.98159,102,1047.352454,125,0.366009732,10357.84746,415,45701.37164,267,1940.780904,326,3.029584551,5357.507305,159,23638.6405,102,1003.852192,125,0.216677761,6250.425189,658,27578.41392,423,1171.160891,517,1.59433839,13393.76826,850,59096.60126,546,2509.63048,668,0.038005045,0.04044419,1.262026843,0.6,0.73,0.26,0.01,0.52,0.44,0.04,1,1,0.02,0.686,0.147,0.147,1,0.74,0.26,0.92,0.08,0.96,0.04,0.15,0.85,1,1,0,0.01,0.99,0.35,0.65
Chaozhou City,Medium-small-cities,6,广东省,37.4376,33.23695937,3654.915638,132,13714.93501,85,630.1493499,104,0.082998742,6355.492193,159,23848.7481,102,1095.759703,125,0.282744743,11776.95039,415,44192.56837,267,2030.481239,326,2.970515297,6091.526063,159,22858.22502,102,1050.248917,125,0.179722957,7106.780407,658,26667.92919,423,1225.290403,517,0.684658886,15228.81516,850,57145.56255,546,2625.622291,668,0.038543449,0.030136533,0,0.6,0.756,0.234,0.01,0.564,0.396,0.04,1,1,0.02,0.686,0.147,0.147,1,0.74,0.26,0.92,0.08,0.96,0.04,0.15,0.85,1,0.9,0.1,0.01,0.99,0.35,0.65
Chenzhou City,Medium-small-cities,6,湖南省,50.137,44.80816174,2075.037519,132,15349.67484,85,575.2876438,104,0.243481757,3608.259685,159,26691.37902,102,1000.361292,125,0.356258343,6686.232005,415,49460.06337,267,1853.70463,326,3.420311428,3458.395865,159,25582.7914,102,958.8127397,125,0.285122343,4034.795175,658,29846.58996,423,1118.614863,517,1.023664394,8645.989661,850,63956.97849,546,2397.031849,668,0.03128335,0.040110314,0,0.6,0.743,0.247,0.01,0.542,0.418,0.04,1,1,0.02,0.686,0.147,0.147,1,0.74,0.26,0.92,0.08,0.96,0.04,0.15,0.85,1,1,0,0.01,0.99,0.35,0.65
Chengdu City,Extra-large-cities,6,四川省,463.04,414.8220402,4230.957854,132,12714.22068,85,1054.821465,104,0.85056248,7357.165602,159,22108.61707,102,1834.217326,125,2.994445992,13633.08642,415,40968.04442,267,3398.869166,326,30.94649243,7051.596424,159,21190.3678,102,1758.035775,125,2.427404338,8226.862494,658,24722.09577,423,2051.041738,517,10.99905454,17628.99106,850,52975.9195,546,4395.089438,668,0.032940104,0.033142651,2.355774809,0.6,0.721867969,0.242632031,0.0355,0.518615057,0.371884943,0.1095,1,1,0.02,0.014,0.9358125,0.0301875,1,0.74,0.26,0.92,0.08,0.96,0.04,0.15,0.85,1,1,0,0.01,0.99,0.35,0.65
Chengde City,Medium-small-cities,6,河北省,56.9565,49.32150133,3472.735202,132,13921.25212,85,606.0126783,104,0.076367343,6038.700657,159,24207.51063,102,1053.788713,125,0.234308893,11189.92454,415,44857.36794,267,1952.707519,326,4.670904395,5787.892004,159,23202.08687,102,1010.02113,125,0.153428934,6752.540671,658,27069.10134,423,1178.357986,517,2.499989109,14469.73001,850,58005.21716,546,2525.052826,668,0.061638265,0.037565188,0.034630411,0.6,0.756,0.234,0.01,0.564,0.396,0.04,1,1,0.02,0.686,0.147,0.147,1,0.74,0.26,0.92,0.08,0.96,0.04,0.15,0.85,1,1,0,0.01,0.99,0.35,0.65
Chizhou City,Medium-small-cities,6,安徽省,18.5196,15.8613205,2882.596246,132,14621.06268,85,496.3410754,104,0.050635848,5012.514583,159,25424.40344,102,863.0819811,125,0.116441949,9288.36568,415,47112.31308,267,1599.321243,326,1.577706409,4804.327076,159,24368.4378,102,827.2351257,125,0.064986088,5605.048255,658,28429.8441,423,965.1076466,517,0.848509203,12010.81769,850,60921.0945,546,2068.087814,668,0.022501872,0.030860625,0.032893089,0.6,0.73,0.26,0.01,0.52,0.44,0.04,1,1,0.02,0.686,0.147,0.147,1,0.74,0.26,0.92,0.08,0.96,0.04,0.15,0.85,1,1,0,0.01,0.99,0.35,0.65
Chifeng City,Largecities,6,内蒙古自治区,159.421,139.771913,4186.424135,132,13394.13474,85,419.441123,104,0.336190543,7279.726412,159,23290.91208,102,729.3615083,125,0.84464401,13489.58888,415,43158.87861,267,1351.532507,326,12.33624804,6977.373558,159,22323.5579,102,699.0685383,125,0.408429834,8140.269151,658,26044.15089,423,815.5799614,517,5.723574541,17443.43389,850,55808.89476,546,1747.671346,668,0.080606698,0.037619266,0.174675731,0.6,0.756,0.234,0.01,0.572903158,0.378596842,0.0485,1,1,0.02,0.471221579,0.466494402,0.042284019,1,0.74,0.26,0.92,0.08,0.96,0.04,0.15,0.85,1,1,0,0.01,0.99,0.35,0.65
Chongzuo City,Medium-small-cities,6,广西壮族自治区,19.1722,16.63437501,3308.791801,132,14184.87932,85,506.3288782,104,0.047171468,5753.621299,159,24665.92904,102,880.4496604,125,0.112067973,10661.66247,415,45706.83337,267,1631.504163,326,1.638136441,5514.653002,159,23641.46553,102,843.8814636,125,0.141800292,6433.761836,658,27581.70979,423,984.5283743,517,0.598648815,13786.63251,850,59103.66384,546,2109.703659,668,0.065353277,0.054496236,0,0.6,0.743,0.247,0.01,0.542,0.418,0.04,1,1,0.02,0.686,0.147,0.147,1,0.74,0.26,0.92,0.08,0.96,0.04,0.15,0.85,1,1,0,0.01,0.99,0.35,0.65
Chuzhou City,Medium-small-cities,6,安徽省,47.5566,40.73038698,3203.994139,132,14255.82026,85,540.1855972,104,0.130028119,5571.389808,159,24789.28746,102,939.3227329,125,0.29901203,10323.98111,415,45935.42085,267,1740.598035,326,4.05140244,5339.990232,159,23759.70044,102,900.3093287,125,0.166878193,6229.988604,658,27719.65051,423,1050.360883,517,2.178892242,13349.97558,850,59399.2511,546,2250.773322,668,0.025507882,0.0337078,0,0.6,0.743,0.247,0.01,0.542,0.418,0.04,1,1,0.02,0.686,0.147,0.147,1,0.74,0.26,0.92,0.08,0.96,0.04,0.15,0.85,1,1,0,0.01,0.99,0.35,0.65
Chuxiong Yi Autonomous Prefecture,Medium-small-cities,6,云南省,30.49,25.9203785,1216.107781,132,16437.06969,85,346.8225271,104,0.08540963,2114.676309,159,28582.23785,102,603.0858388,125,0.130383783,3918.569518,415,52963.89123,267,1117.539254,326,3.484052723,2026.846302,159,27395.11615,102,578.0375452,125,0.20547824,2364.65402,658,31960.96884,423,674.3771361,517,0.66429712,5067.115756,850,68487.79038,546,1445.093863,668,0.044307171,0.046322288,0,0.6,0.743,0.247,0.01,0.542,0.418,0.04,1,1,0.02,0.686,0.147,0.147,1,0.74,0.26,0.92,0.08,0.96,0.04,0.15,0.85,1,1,0,0.01,0.99,0.35,0.65
Dazhou City,Medium-small-cities,6,四川省,64.69,57.95360613,1819.812539,132,15603.28706,85,576.9004059,104,0.118829662,3164.451803,159,27132.38249,102,1003.165706,125,0.418345523,5863.840403,415,50277.25829,267,1858.901308,326,4.323446344,3033.020898,159,26005.47843,102,961.5006766,125,0.339125749,3538.524381,658,30339.72483,423,1121.750789,517,1.536646592,7582.552245,850,65013.69606,546,2403.751691,668,0.031438132,0.047548459,0.059964687,0.6,0.73,0.26,0.01,0.52,0.44,0.04,1,1,0.02,0.686,0.147,0.147,1,0.74,0.26,0.92,0.08,0.96,0.04,0.15,0.85,1,1,0,0.01,0.99,0.35,0.65
Dali Bai Autonomous Prefecture,Medium-small-cities,6,云南省,49.98,42.48935775,2012.317698,132,15555.77454,85,431.9077651,104,0.140005684,3499.196886,159,27049.7635,102,751.0396137,125,0.213728483,6484.134805,415,50124.1624,267,1391.702799,326,5.711149724,3353.86283,159,25926.29089,102,719.8462751,125,0.336825268,3912.839968,658,30247.33938,423,839.8206543,517,1.088933095,8384.657075,850,64815.72724,546,1799.615688,668,0.085967452,0.042410979,0.299786348,0.6,0.743,0.247,0.01,0.542,0.418,0.04,1,1,0.02,0.686,0.147,0.147,1,0.74,0.26,0.92,0.08,0.96,0.04,0.15,0.85,1,1,0,0.01,0.99,0.35,0.65
Dalian City,Largecities,6,辽宁省,169.4615,147.5701771,7802.839461,132,9501.274117,85,695.8864216,104,0.794897644,13568.27084,159,16521.65999,102,1210.069166,125,1.483017993,25142.48271,415,30615.2166,267,2242.300692,326,12.27543427,13004.73244,159,15835.45686,102,1159.810703,125,0.877946652,15172.18784,658,18474.69967,423,1353.112486,517,6.460026377,32511.83109,850,39588.64216,546,2899.526756,668,0.032968229,0.032092362,1.20E+00,0.6,0.743,0.247,0.01,0.55187,0.39963,0.0485,1,1,0.02,0.471221579,0.466494402,0.042284019,1,0.74,0.26,0.92,0.08,0.96,0.04,0.15,0.85,1,0.9,0.1,0.01,0.99,0.35,0.65
Daqing City,Medium-small-cities,6,黑龙江省,97.5303,83.16189506,4294.283716,132,12990.46559,85,715.250692,104,0.399122359,7467.28224,159,22588.97628,102,1243.741481,125,0.969297159,13837.13642,415,41858.16691,267,2304.696674,326,8.299844495,7157.139527,159,21650.77599,102,1192.084487,125,0.796344136,8349.996115,658,25259.23865,423,1390.765234,517,3.903796792,17892.84882,850,54126.93997,546,2980.211217,668,0.032398092,0.03496842,0.076791127,0.6,0.743,0.247,0.01,0.542,0.418,0.04,1,1,0.02,0.686,0.147,0.147,1,0.74,0.26,0.92,0.08,0.96,0.04,0.15,0.85,1,1,0,0.01,0.99,0.35,0.65
Datong City,Medium-small-cities,6,山西省,78.5117,69.49934147,5284.235294,132,11922.35294,85,793.4117647,104,0.135357348,9188.698039,159,20731.64706,102,1379.654902,125,0.400524613,17026.98039,415,38416.47059,267,2556.54902,326,4.91391554,8807.058824,159,19870.58824,102,1322.352941,125,0.140904781,10274.90196,658,23182.35294,423,1542.745098,517,3.421656249,22017.64706,850,49676.47059,546,3305.882353,668,0.048681936,0.042259491,0.453838333,0.6,0.756,0.234,0.01,0.564,0.396,0.04,1,1,0.02,0.686,0.147,0.147,1,0.74,0.26,0.92,0.08,0.96,0.04,0.15,0.85,1,1,0,0.01,0.99,0.35,0.65
Dandong City,Medium-small-cities,6,辽宁省,34.6818,30.20154647,3373.178142,132,14105.71202,85,521.1098369,104,0.162682858,5865.581992,159,24528.2659,102,906.1521053,125,0.303512794,10869.12957,415,45451.73873,267,1679.131697,326,2.512276571,5621.96357,159,23509.52003,102,868.5163949,125,0.179679574,6558.957499,658,27427.77337,423,1013.269127,517,1.322101733,14054.90893,850,58773.80009,546,2171.290987,668,0.035502219,0.047339659,0.016861355,0.6,0.73,0.26,0.01,0.52,0.44,0.04,1,1,0.02,0.686,0.147,0.147,1,0.74,0.26,0.92,0.08,0.96,0.04,0.15,0.85,1,0.9,0.1,0.01,0.99,0.35,0.65
Deyang City,Medium-small-cities,6,四川省,67.79,60.73079239,2758.920456,132,14590.52863,85,650.550911,104,0.124524081,4797.456127,159,25371.30812,102,1131.235751,125,0.438392998,8889.854803,415,47013.92559,267,2096.219602,326,4.530629582,4598.20076,159,24317.54772,102,1084.251518,125,0.355376944,5364.567554,658,28370.47234,423,1264.960105,517,1.610284008,11495.5019,850,60793.8693,546,2710.628796,668,0.018360554,0.048055735,0,0.6,0.73,0.26,0.01,0.52,0.44,0.04,1,1,0.02,0.686,0.147,0.147,1,0.74,0.26,0.92,0.08,0.96,0.04,0.15,0.85,1,1,0,0.01,0.99,0.35,0.65
Dezhou City,Largecities,6,山东省,108.1157,95.07840869,2694.51356,132,14729.2358,85,576.2506377,104,0.186519455,4685.45969,159,25612.50448,102,1002.035831,125,0.615839798,8682.321471,415,47460.87092,267,1856.80761,326,7.923123201,4490.855933,159,24548.72634,102,960.4177294,125,0.371643503,5239.331922,658,28640.18073,423,1120.487351,517,3.940165354,11227.13983,850,61371.81584,546,2401.044324,668,0.032376278,0.042878488,0,0.6,0.756,0.234,0.01,0.572903158,0.378596842,0.0485,1,1,0.02,0.471221579,0.466494402,0.042284019,1,0.74,0.26,0.92,0.08,0.96,0.04,0.15,0.85,1,1,0,0.01,0.99,0.35,0.65
Diqing Tibetan Autonomous Prefecture,Medium-small-cities,6,云南省,7.96,6.767012558,2635.615028,132,15294.90479,85,69.48018528,104,0.022297824,4583.041688,159,26596.13999,102,120.8183222,125,0.03403919,8492.537313,415,49283.58209,267,223.880597,326,0.909578868,4392.691714,159,25491.50798,102,115.8003088,125,0.05364404,5124.806999,658,29740.09264,423,135.1003603,517,0.17342752,10981.72928,850,63728.76994,546,289.500772,668,0.068536129,0.069788292,0.291398461,0.6,0.73,0.26,0.01,0.52,0.44,0.04,1,1,0.02,0.686,0.147,0.147,1,0.74,0.26,0.92,0.08,0.96,0.04,0.15,0.85,1,1,0,0.01,0.99,0.35,0.65
Dingxi City,Medium-small-cities,6,甘肃省,30.58,24.96066725,2586.902241,132,14941.9649,85,471.1328548,104,0.096823219,4498.335564,159,25982.41675,102,819.2476864,125,0.214266198,8335.573888,415,48146.33136,267,1518.094754,326,4.10960774,4311.503735,159,24903.27484,102,785.2214247,125,0.232196423,5030.087691,658,29053.82065,423,916.0916621,517,0.966439167,10778.75934,850,62258.1871,546,1963.053562,668,0.099918136,0.054682546,0,0.6,0.743,0.247,0.01,0.542,0.418,0.04,1,1,0.02,0.686,0.147,0.147,1,0.74,0.26,0.92,0.08,0.96,0.04,0.15,0.85,1,1,0,0.01,0.99,0.35,0.65
Dongguan City,Medium-small-cities,6,广东省,322.8715,286.6440939,14943.90465,132,1673.117759,85,1382.977596,104,0.71580252,25985.78974,159,2909.36588,102,2404.844375,125,2.438463448,48152.58164,415,5391.157222,267,4456.261142,326,25.61848863,24906.50774,159,2788.529598,102,2304.96266,125,1.549977052,29057.59237,658,3253.284531,423,2689.123103,517,5.904674482,62266.26936,850,6971.323994,546,5762.40665,668,0.045152632,0.03374383,0,0.6,0.717,0.273,0.01,0.498,0.462,0.04,1,1,0.02,0.686,0.147,0.147,1,0.74,0.26,0.92,0.08,0.96,0.04,0.15,0.85,1,0.9,0.1,0.01,0.99,0.35,0.65
Dongying City,Largecities,6,山东省,73.1925,64.36647432,5867.834274,132,11583.63253,85,548.5331933,104,0.126270516,10203.51182,159,20142.6499,102,953.8382751,125,0.416913126,18907.46599,415,37325.03816,267,1767.495845,326,5.363820379,9779.72379,159,19306.05422,102,914.2219889,125,0.251596365,11409.67775,658,22523.72992,423,1066.59232,517,2.667425292,24449.30947,850,48265.13555,546,2285.554972,668,0.032715486,0.024286501,0.526929358,0.6,0.756,0.234,0.01,0.572903158,0.378596842,0.0485,1,1,0.02,0.471221579,0.466494402,0.042284019,1,0.74,0.26,0.92,0.08,0.96,0.04,0.15,0.85,1,0.9,0.1,0.01,0.99,0.35,0.65
Ordos City,Largecities,6,内蒙古自治区,70.5,61.81067657,2734.371634,132,14781.61847,85,484.0099006,104,0.148671965,4754.768452,159,25703.59211,102,841.6394383,125,0.373522953,8810.753042,415,47629.6595,267,1559.587457,326,5.455401025,4557.286056,159,24636.03078,102,806.6831677,125,0.180618007,5316.833732,658,28742.03591,423,941.1303623,517,2.531109484,11393.21514,850,61590.07694,546,2016.707919,668,0.059255702,0.030555442,0.372882487,0.6,0.756,0.234,0.01,0.572903158,0.378596842,0.0485,1,1,0.02,0.471221579,0.466494402,0.042284019,1,0.74,0.26,0.92,0.08,0.96,0.04,0.15,0.85,1,1,0,0.01,0.99,0.35,0.65
Ezhou City,Medium-small-cities,6,湖北省,7.7847,6.853170225,2985.665253,132,14577.35368,85,436.9810699,104,0.025196148,5191.740135,159,25348.39834,102,759.8615272,125,0.056031866,9620.476927,415,46971.47296,267,1408.050114,326,0.58005716,4976.108756,159,24295.58946,102,728.3017832,125,0.052848237,5805.460215,658,28344.85437,423,849.6854137,517,0.217396364,12440.27189,850,60738.97365,546,1820.754458,668,0.062505399,0.028987888,0,0.6,0.73,0.26,0.01,0.52,0.44,0.04,1,1,0.02,0.686,0.147,0.147,1,0.74,0.26,0.92,0.08,0.96,0.04,0.15,0.85,1,1,0,0.01,0.99,0.35,0.65
Enshi Tujia and Miao Autonomous Prefecture,Medium-small-cities,6,湖北省,48.4,42.60837783,2065.396485,132,15934.60352,85,0,104,0.156652606,3591.494998,159,27708.505,102,0,125,0.348368251,6655.16645,415,51344.83355,267,0,326,3.606403141,3442.327474,159,26557.67253,102,0,125,0.3285746,4016.04872,658,30983.95128,423,0,517,1.35162357,8605.818686,850,66394.18131,546,0,668,0.050535137,0.033881438,0.128582027,0.6,0.717,0.273,0.01,0.498,0.462,0.04,1,1,0.02,0.686,0.147,0.147,1,0.74,0.26,0.92,0.08,0.96,0.04,0.15,0.85,1,1,0,0.01,0.99,0.35,0.65
Fangchenggang City,Medium-small-cities,6,广西壮族自治区,15.5007,13.44887163,3343.471299,132,13881.08086,85,775.4478382,104,0.038138074,5813.925092,159,24137.65728,102,1348.41763,125,0.090606818,10773.40752,415,44727.92723,267,2498.665256,326,1.324431287,5572.452165,159,23135.13477,102,1292.413064,125,0.114645361,6501.194192,658,26990.99057,423,1507.815241,517,0.484006827,13931.13041,850,57837.83693,546,3231.032659,668,0.088469831,0.041825861,0,0.6,0.704,0.286,0.01,0.476,0.484,0.04,1,1,0.02,0.686,0.147,0.147,1,0.74,0.26,0.92,0.08,0.96,0.04,0.15,0.85,1,0.9,0.1,0.01,0.99,0.35,0.65
Foshan City,Extra-large-cities,6,广东省,272.9071,242.2858889,9689.575916,132,6462.946254,85,1847.47783,104,0.605032001,16849.0959,159,11238.34543,102,3212.558671,125,2.061110962,31221.96684,415,20825.04904,267,5952.98412,326,21.6540247,16149.29319,159,10771.57709,102,3079.129717,125,1.310117933,18840.84206,658,12566.83994,423,3592.318003,517,4.990925459,40373.23298,850,26928.94273,546,7697.824293,668,0.039966585,0.031709754,0.05159369,0.6,0.721867969,0.242632031,0.0355,0.518615057,0.371884943,0.1095,1,1,0.02,0.014,0.9358125,0.0301875,1,0.74,0.26,0.92,0.08,0.96,0.04,0.15,0.85,1,1,0,0.01,0.99,0.35,0.65
Fuzhou City (Fujian),Extra-large-cities,6,福建省,145.93,127.6066513,3323.763961,132,13637.94866,85,1038.28738,104,0.475903168,5779.656222,159,23714.87739,102,1805.466389,125,0.766613248,10709.9061,415,43944.50123,267,3345.592669,326,13.61169197,5539.606602,159,22729.91443,102,1730.478967,125,0.432835008,6462.874369,658,26518.2335,423,2018.892128,517,3.036305281,13849.01651,850,56824.78608,546,4326.197417,668,0.021093642,0.021825546,0.721563683,0.6,0.733421875,0.231078125,0.0355,0.536323864,0.354176136,0.1095,1,1,0.02,0.014,0.9358125,0.0301875,1,0.74,0.26,0.92,0.08,0.96,0.04,0.15,0.85,1,0.9,0.1,0.01,0.99,0.35,0.65
Fushun City,Medium-small-cities,6,辽宁省,28.5754,24.88398154,3259.609913,132,14149.61067,85,590.7794131,104,0.134039402,5668.099459,159,24604.60078,102,1027.299757,125,0.250073511,10503.1875,415,45593.18995,267,1903.622553,326,2.069941812,5432.683188,159,23582.68446,102,984.6323551,125,0.148043519,6338.130386,658,27513.13187,423,1148.737748,517,1.089320216,13581.70797,850,58956.71114,546,2461.580888,668,0.036608054,0.060085139,0,0.6,0.743,0.247,0.01,0.542,0.418,0.04,1,1,0.02,0.686,0.147,0.147,1,0.74,0.26,0.92,0.08,0.96,0.04,0.15,0.85,1,1,0,0.01,0.99,0.35,0.65
Fuzhou City (Jiangxi),Medium-small-cities,6,江西省,37.6025,32.33078066,2592.127129,132,14702.11882,85,705.7540507,104,0.088029665,4507.421064,159,25565.35106,102,1227.227877,125,0.190521345,8352.409639,415,47373.49398,267,2274.096386,326,3.050227877,4320.211882,159,24503.53137,102,1176.256751,125,0.240195228,5040.247196,658,28587.45326,423,1372.299543,517,1.702745226,10800.52971,850,61258.82842,546,2940.641878,668,0.026008059,0.034628019,0,0.6,0.704,0.286,0.01,0.476,0.484,0.04,1,1,0.02,0.686,0.147,0.147,1,0.74,0.26,0.92,0.08,0.96,0.04,0.15,0.85,1,1,0,0.01,0.99,0.35,0.65
Fuxin City,Medium-small-cities,6,辽宁省,28.8588,25.13077145,3020.240827,132,14510.06145,85,469.69772,104,0.135368754,5251.863216,159,25231.38464,102,816.7521464,125,0.252553646,9731.88711,415,46754.64246,267,1513.470431,326,2.090470711,5033.734712,159,24183.43575,102,782.8295333,125,0.149511758,5872.690497,658,28214.00838,423,913.3011222,517,1.100123681,12584.33678,850,60458.58939,546,1957.073833,668,0.037384816,0.040261392,0,0.6,0.756,0.234,0.01,0.564,0.396,0.04,1,1,0.02,0.686,0.147,0.147,1,0.74,0.26,0.92,0.08,0.96,0.04,0.15,0.85,1,1,0,0.01,0.99,0.35,0.65
Fuyang City,Medium-small-cities,6,安徽省,92.9875,79.64019419,2729.903537,132,15023.15113,85,246.9453376,104,0.2542442,4746.998928,159,26123.59057,102,429.4105038,125,0.584658726,8796.355841,415,48407.9314,267,795.7127546,326,7.921714007,4549.839228,159,25038.58521,102,411.5755627,125,0.326297212,5308.145766,658,29211.68274,423,480.1714898,517,4.260391668,11374.59807,850,62596.46302,546,1028.938907,668,0.029998091,0.028855743,0.120570379,0.6,0.743,0.247,0.01,0.542,0.418,0.04,1,1,0.02,0.686,0.147,0.147,1,0.74,0.26,0.92,0.08,0.96,0.04,0.15,0.85,1,1,0,0.01,0.99,0.35,0.65
Ganzhou City,Largecities,6,江西省,105.325,90.5588584,2365.408205,132,15023.30653,85,611.2852665,104,0.246572021,4113.182045,159,26123.8608,102,1062.957158,125,0.533652303,7621.870883,415,48408.43215,267,1969.69697,326,8.543720528,3942.347008,159,25038.84421,102,1018.808777,125,0.672789372,4599.404843,658,29211.98492,423,1188.61024,517,4.769407378,9855.867521,850,62597.11054,546,2547.021944,668,0.030361492,0.027242024,0.145063523,0.6,0.704,0.286,0.01,0.488770526,0.462729474,0.0485,1,1,0.02,0.471221579,0.466494402,0.042284019,1,0.74,0.26,0.92,0.08,0.96,0.04,0.15,0.85,1,1,0,0.01,0.99,0.35,0.65
Guyuan City,Medium-small-cities,6,宁夏回族自治区,17.92,13.95251452,4664.43934,132,12835.66507,85,499.8955941,104,0.0423046,8110.941741,159,22319.79536,102,869.2628941,125,0.11319339,15029.8601,415,41359.36521,267,1610.774692,326,2.818401072,7774.065567,159,21392.77511,102,833.1593234,125,0.093756141,9069.743161,658,24958.23763,423,972.0192107,517,0.899830281,19435.16392,850,53481.93777,546,2082.898309,668,0.063457871,0.036168417,0.33330765,0.6,0.756,0.234,0.01,0.564,0.396,0.04,1,1,0.02,0.686,0.147,0.147,1,0.74,0.26,0.92,0.08,0.96,0.04,0.15,0.85,1,1,0,0.01,0.99,0.35,0.65
Guang'an City,Medium-small-cities,6,四川省,39.23,35.14484416,1339.144511,132,16194.1468,85,466.7086867,104,0.072061952,2328.62351,159,28159.82194,102,811.5545496,125,0.253697556,4315.021201,415,52181.1397,267,1503.839102,326,2.62187046,2231.907518,159,26990.24467,102,777.8478111,125,0.205656255,2603.892104,658,31488.61878,423,907.489113,517,0.931869621,5579.768794,850,67475.61168,546,1944.619528,668,0.029180218,0.044254806,0,0.6,0.73,0.26,0.01,0.52,0.44,0.04,1,1,0.02,0.686,0.147,0.147,1,0.74,0.26,0.92,0.08,0.96,0.04,0.15,0.85,1,1,0,0.01,0.99,0.35,0.65
Guangyuan City,Medium-small-cities,6,四川省,44.13,39.53459018,1991.652725,132,15555.32212,85,453.0251595,104,0.081062807,3463.262795,159,27048.97679,102,787.7604163,125,0.285385499,6417.54767,415,50122.70459,267,1459.747736,326,2.949353643,3319.421209,159,25925.53686,102,755.0419326,125,0.231343628,3872.658077,658,30246.45967,423,880.8822547,517,1.048264247,8298.553022,850,64813.84215,546,1887.604831,668,0.057590568,0.050977872,1.195645371,0.6,0.73,0.26,0.01,0.52,0.44,0.04,1,1,0.02,0.686,0.147,0.147,1,0.74,0.26,0.92,0.08,0.96,0.04,0.15,0.85,1,1,0,0.01,0.99,0.35,0.65
Guangzhou City,Megacities,6,广东省,277.3517,246.231788,6796.081923,132,9140.249332,85,2063.668744,104,0.61488563,11817.63134,159,15893.87801,102,3588.49065,125,2.094678479,21898.4862,415,29451.91451,267,6649.599288,326,22.00668493,11326.80321,159,15233.74889,102,3439.447907,125,1.331454682,13214.60374,658,17772.70703,423,4012.689225,517,5.072208311,28317.00801,850,38084.37222,546,8598.619768,668,0.035251045,0.027639382,3.923392157,0.6,0.514358955,0.199141045,0.2865,0.414244737,0.202255263,0.3835,1,1,0.02,0.121363934,0.519066128,0.339569937,1,0.74,0.26,0.92,0.08,0.96,0.04,0.15,0.85,1,0.9,0.1,0.01,0.99,0.35,0.65
Guigang City,Medium-small-cities,6,广西壮族自治区,42.7409,37.08328512,3267.132813,132,14009.19702,85,723.6701636,104,0.105160128,5681.180948,159,24360.43705,102,1258.382007,125,0.249834971,10527.42795,415,45140.74596,267,2331.826083,326,3.651924443,5445.221356,159,23348.6617,102,1206.116939,125,0.316117718,6352.758248,658,27240.10532,423,1407.136429,517,1.334577624,13613.05339,850,58371.65426,546,3015.292348,668,0.037933931,0.045089436,0,0.6,0.717,0.273,0.01,0.498,0.462,0.04,1,1,0.02,0.686,0.147,0.147,1,0.74,0.26,0.92,0.08,0.96,0.04,0.15,0.85,1,1,0,0.01,0.99,0.35,0.65
Guiyang City,Largecities,6,贵州省,134.1511,116.1506494,5579.193658,132,11674.79948,85,746.0068641,104,0.478694972,9701.59786,159,20301.17909,102,1297.223047,125,0.787693843,17977.40179,415,37618.79832,267,2403.799895,326,13.64660588,9298.656096,159,19457.99913,102,1243.344774,125,0.742103846,10848.43211,658,22700.99899,423,1450.568902,517,2.345352086,23246.64024,850,48644.99783,546,3108.361934,668,0.040423466,0.041056561,2.738576892,0.6,0.73,0.26,0.01,0.530836842,0.420663158,0.0485,1,1,0.02,0.471221579,0.466494402,0.042284019,1,0.74,0.26,0.92,0.08,0.96,0.04,0.15,0.85,1,1,0,0.01,0.99,0.35,0.65
Guilin City,Medium-small-cities,6,广西壮族自治区,70.3696,61.05477284,3203.703704,132,13944.44444,85,851.8518519,104,0.173138051,5570.884774,159,24247.83951,102,1481.27572,125,0.411334037,10323.04527,415,44932.09877,267,2744.855967,326,6.012612329,5339.506173,159,23240.74074,102,1419.753086,125,0.520463476,6229.423868,658,27114.19753,423,1656.378601,517,2.19727927,13348.76543,850,58101.85185,546,3549.382716,668,0.058404137,0.044217336,0.458187673,0.6,0.704,0.286,0.01,0.476,0.484,0.04,1,1,0.02,0.686,0.147,0.147,1,0.74,0.26,0.92,0.08,0.96,0.04,0.15,0.85,1,1,0,0.01,0.99,0.35,0.65
Harbin City,Largecities,6,黑龙江省,195.2374,166.4745435,4371.074236,132,13016.03493,85,612.8908297,104,0.798968236,7600.812421,159,22633.43852,102,1065.749054,125,1.94035143,14084.57254,415,41940.55701,267,1974.870451,326,16.6147347,7285.123726,159,21693.39156,102,1021.484716,125,1.594131861,8499.311014,658,25308.95682,423,1191.732169,517,7.81467027,18212.80932,850,54233.47889,546,2553.71179,668,0.024478255,0.031870876,1.423854973,0.6,0.73,0.26,0.01,0.530836842,0.420663158,0.0485,1,1,0.02,0.471221579,0.466494402,0.042284019,1,0.74,0.26,0.92,0.08,0.96,0.04,0.15,0.85,1,1,0,0.01,0.99,0.35,0.65
Hami City,Medium-small-cities,6,新疆维吾尔族自治区,19.69,16.31063127,2619.429173,132,14791.83885,85,588.7319723,104,0.101039712,4554.896285,159,25721.36423,102,1023.739485,125,0.136995285,8440.382891,415,47662.59186,267,1897.025244,326,2.217867181,4365.715289,159,24653.06476,102,981.2199539,125,0.131078545,5093.334503,658,28761.90888,423,1144.756613,517,0.792388008,10914.28822,850,61632.66189,546,2453.049885,668,0.071471426,0.071153504,0.105488763,0.6,0.756,0.234,0.01,0.564,0.396,0.04,1,1,0.02,0.686,0.147,0.147,1,0.74,0.26,0.92,0.08,0.96,0.04,0.15,0.85,1,1,0,0.01,0.99,0.35,0.65
Haidong City,Medium-small-cities,6,青海省,21.2874,17.60100597,2650.554155,132,14875.06627,85,474.3795747,104,0.104094866,4609.019169,159,25866.08746,102,824.8933715,125,0.166910733,8540.674499,415,47930.76909,267,1528.556407,326,2.661598027,4417.590258,159,24791.77712,102,790.6326244,125,0.13281069,5153.855301,658,28923.73997,423,922.4047285,517,0.620979715,11043.97565,850,61979.44279,546,1976.581561,668,0.041134515,0.051700616,0,0.6,0.743,0.247,0.01,0.542,0.418,0.04,1,1,0.02,0.686,0.147,0.147,1,0.74,0.26,0.92,0.08,0.96,0.04,0.15,0.85,1,1,0,0.01,0.99,0.35,0.65
Haikou City,Medium-small-cities,6,海南省,82.071,70.53465009,6697.587168,132,10178.61088,85,1123.801957,104,0.342663859,11646.35991,159,17699.47336,102,1954.166736,125,1.00394499,21581.11421,415,32797.74615,267,3621.139638,326,8.410293657,11162.64528,159,16964.35146,102,1873.003261,125,0.679316071,13023.08616,658,19791.74337,423,2185.170472,517,1.100131336,27906.6132,850,42410.87865,546,4682.508153,668,0.034144842,0.027580486,1.3759281,0.6,0.743,0.247,0.01,0.542,0.418,0.04,1,1,0.02,0.686,0.147,0.147,1,0.74,0.26,0.92,0.08,0.96,0.04,0.15,0.85,1,0.9,0.1,0.01,0.99,0.35,0.65
Handan City,Largecities,6,河北省,153.9156,133.2832683,4985.983567,132,12498.79169,85,515.2247463,104,0.20637022,8670.071425,159,21734.00999,102,895.9185865,125,0.633181356,16065.94705,415,40273.88432,267,1660.168627,326,12.62235307,8309.972612,159,20831.31948,102,858.7079104,125,0.414616532,9694.968047,658,24303.20606,423,1001.825895,517,6.755810552,20774.93153,850,52078.2987,546,2146.769776,668,0.04027154,0.029998894,0.389804191,0.6,0.756,0.234,0.01,0.572903158,0.378596842,0.0485,1,1,0.02,0.471221579,0.466494402,0.042284019,1,0.74,0.26,0.92,0.08,0.96,0.04,0.15,0.85,1,1,0,0.01,0.99,0.35,0.65
Hanzhong City,Medium-small-cities,6,陕西省,33.1003,29.68199661,1791.909726,132,15718.37047,85,489.7198049,104,0.084804296,3115.931912,159,27332.49976,102,851.5683274,125,0.210531595,5773.931338,415,50648.08262,267,1577.986038,326,2.175328799,2986.516209,159,26197.28412,102,816.1996749,125,0.081352958,3484.268911,658,30563.49814,423,952.232954,517,0.866285743,7466.290523,850,65493.21029,546,2040.499187,668,0.049065018,0.055945994,0.353914448,0.6,0.717,0.273,0.01,0.498,0.462,0.04,1,1,0.02,0.686,0.147,0.147,1,0.74,0.26,0.92,0.08,0.96,0.04,0.15,0.85,1,1,0,0.01,0.99,0.35,0.65
Hangzhou City,Extra-large-cities,6,浙江省,274.584,248.3524372,5552.618369,132,11389.2109,85,1058.170735,104,0.530667601,9655.386386,159,19804.57228,102,1840.041333,125,1.243752189,17891.7703,415,36698.56844,267,3409.661257,326,19.5235927,9254.363949,159,18982.01816,102,1763.617891,125,0.648409475,10796.75794,658,22145.68785,423,2057.554207,517,4.285140876,23135.90987,850,47455.0454,546,4409.044728,668,0.036056296,0.023019894,2.385272286,0.6,0.721867969,0.242632031,0.0355,0.518615057,0.371884943,0.1095,1,1,0.02,0.014,0.9358125,0.0301875,1,0.74,0.26,0.92,0.08,0.96,0.04,0.15,0.85,1,1,0,0.01,0.99,0.35,0.65
Hefei City,Extra-large-cities,6,安徽省,216.4758,185.4031429,3778.326417,132,13766.87503,85,454.7985502,104,0.591882957,6570.089825,159,23939.06603,102,790.8441456,125,1.361091173,12174.60734,415,44359.93066,267,1465.461995,326,18.44182688,6297.210695,159,22944.79172,102,757.9975837,125,0.759623067,7346.745811,658,26768.92367,423,884.3305143,517,9.918233038,15743.02674,850,57361.9793,546,1894.993959,668,0.041508974,0.023167423,0.838984859,0.6,0.744975781,0.219524219,0.0355,0.55403267,0.33646733,0.1095,1,1,0.02,0.014,0.9358125,0.0301875,1,0.74,0.26,0.92,0.08,0.96,0.04,0.15,0.85,1,1,0,0.01,0.99,0.35,0.65
Hechi City,Medium-small-cities,6,广西壮族自治区,32.5873,28.27371761,3381.579088,132,14059.22775,85,559.1931642,104,0.080178111,5880.190303,159,24447.43492,102,972.37478,125,0.190483755,10896.19928,415,45301.95608,267,1801.84464,326,2.784367138,5635.965146,159,23432.04625,102,931.9886071,125,0.241020262,6575.292671,658,27337.38729,423,1087.320042,517,1.017533122,14089.91287,850,58580.11562,546,2329.971518,668,0.083945994,0.054075982,0.007305391,0.6,0.717,0.273,0.01,0.498,0.462,0.04,1,1,0.02,0.686,0.147,0.147,1,0.74,0.26,0.92,0.08,0.96,0.04,0.15,0.85,1,1,0,0.01,0.99,0.35,0.65
Heyuan City,Medium-small-cities,6,广东省,41.7966,37.10686305,3120.795984,132,14163.40119,85,715.8028261,104,0.092662597,5426.717461,159,24628.58096,102,1244.701581,125,0.315665772,10055.89817,415,45637.62606,267,2306.475773,326,3.31638352,5201.32664,159,23605.66865,102,1193.00471,125,0.200648775,6068.214413,658,27539.94676,423,1391.838829,517,0.764376284,13003.3166,850,59014.17163,546,2982.511775,668,0.025176287,0.035937829,0,0.6,0.704,0.286,0.01,0.476,0.484,0.04,1,1,0.02,0.686,0.147,0.147,1,0.74,0.26,0.92,0.08,0.96,0.04,0.15,0.85,1,1,0,0.01,0.99,0.35,0.65
Heze City,Largecities,6,山东省,118.3422,104.0717311,2678.835737,132,14823.70994,85,497.4543267,104,0.204162048,4658.197698,159,25776.7845,102,865.0178015,125,0.67409115,8631.804042,415,47765.28757,267,1602.908386,326,8.672559402,4464.726228,159,24706.18323,102,829.0905445,125,0.406796698,5208.847267,658,28823.88043,423,967.2723019,517,4.312859616,11161.81557,850,61765.45807,546,2072.726361,668,0.028879132,0.034253263,0,0.6,0.743,0.247,0.01,0.55187,0.39963,0.0485,1,1,0.02,0.471221579,0.466494402,0.042284019,1,0.74,0.26,0.92,0.08,0.96,0.04,0.15,0.85,1,1,0,0.01,0.99,0.35,0.65
Hezhou City,Medium-small-cities,6,广西壮族自治区,22.6107,19.61772061,3290.564464,132,14119.55149,85,589.8840431,104,0.055631587,5721.925985,159,24552.33121,102,1025.742808,125,0.132167165,10602.92994,415,45496.33259,267,1900.737472,326,1.931933301,5484.274107,159,23532.58582,102,983.1400719,125,0.167231923,6398.319792,658,27454.68346,423,1146.99675,517,0.706015416,13710.68527,850,58831.46455,546,2457.85018,668,0.047694807,0.046864228,0,0.6,0.704,0.286,0.01,0.476,0.484,0.04,1,1,0.02,0.686,0.147,0.147,1,0.74,0.26,0.92,0.08,0.96,0.04,0.15,0.85,1,1,0,0.01,0.99,0.35,0.65
Hebi City,Medium-small-cities,6,河南省,27.758,24.50000173,3134.8756,132,14562.6364,85,302.4879965,104,0.063112693,5451.200349,159,25322.80663,102,525.9930162,125,0.136945899,10101.26582,415,46924.05063,267,974.6835443,326,1.990729968,5224.792667,159,24271.06067,102,504.1466608,125,0.068472949,6095.591445,658,28316.23745,423,588.1711043,517,0.998736758,13061.98167,850,60677.65168,546,1260.366652,668,0.054423018,0.027402406,0,0.6,0.756,0.234,0.01,0.564,0.396,0.04,1,1,0.02,0.686,0.147,0.147,1,0.74,0.26,0.92,0.08,0.96,0.04,0.15,0.85,1,1,0,0.01,0.99,0.35,0.65
Hegang City,Medium-small-cities,6,黑龙江省,10,8.526775275,3452.564371,132,14029.01772,85,518.4179117,104,0.040922909,6003.625823,159,24394.90303,102,901.4711464,125,0.099384208,11124.92964,415,45204.61264,267,1670.457715,326,0.851001637,5754.273952,159,23381.6962,102,864.0298528,125,0.081650947,6713.31961,658,27278.64556,423,1008.034828,517,0.400265025,14385.68488,850,58454.24049,546,2160.074632,668,0.031616697,0.057289775,0,0.6,0.743,0.247,0.01,0.542,0.418,0.04,1,1,0.02,0.686,0.147,0.147,1,0.74,0.26,0.92,0.08,0.96,0.04,0.15,0.85,1,1,0,0.01,0.99,0.35,0.65
Heihe City,Medium-small-cities,6,黑龙江省,22.3434,19.05171507,2975.337243,132,14714.07026,85,310.5924971,104,0.091435693,5173.780872,159,25586.13329,102,540.0858421,125,0.222058111,9587.197782,415,47412.00417,267,1000.798046,326,1.901426997,4958.895405,159,24523.45043,102,517.6541618,125,0.182435977,5785.377972,658,28610.69217,423,603.9298554,517,0.894328155,12397.23851,850,61308.62608,546,1294.135405,668,0.037935543,0.065983477,0.068548347,0.6,0.73,0.26,0.01,0.52,0.44,0.04,1,1,0.02,0.686,0.147,0.147,1,0.74,0.26,0.92,0.08,0.96,0.04,0.15,0.85,1,1,0,0.01,0.99,0.35,0.65
Hengshui City,Medium-small-cities,6,河北省,83.8,72.56663965,3789.069621,132,13560.35305,85,650.577334,104,0.11235914,6588.771063,159,23579.94724,102,1131.281697,125,0.34473827,12209.22433,415,43694.47092,267,2096.304743,326,6.872293562,6315.116034,159,22600.58841,102,1084.295557,125,0.225739726,7367.635373,658,26367.35314,423,1265.011483,517,3.678229655,15787.79009,850,56501.47102,546,2710.738892,668,0.052432559,0.037669086,0,0.6,0.756,0.234,0.01,0.564,0.396,0.04,1,1,0.02,0.686,0.147,0.147,1,0.74,0.26,0.92,0.08,0.96,0.04,0.15,0.85,1,1,0,0.01,0.99,0.35,0.65
Hengyang City,Largecities,6,湖南省,62.6219,55.96609736,1311.072222,132,16122.78295,85,566.1448233,104,0.304112536,2279.80892,159,28035.72814,102,984.4629428,125,0.444972262,4224.56605,415,51951.18952,267,1824.244431,326,4.272022662,2185.120371,159,26871.30492,102,943.5747056,125,0.356122281,2549.307099,658,31349.85574,423,1100.837157,517,1.278572897,5462.800927,850,67178.26231,546,2358.936764,668,0.046186733,0.038278071,0.081920326,0.6,0.73,0.26,0.01,0.530836842,0.420663158,0.0485,1,1,0.02,0.471221579,0.466494402,0.042284019,1,0.74,0.26,0.92,0.08,0.96,0.04,0.15,0.85,1,1,0,0.01,0.99,0.35,0.65
Honghe Hani and Yi Autonomous Prefecture,Medium-small-cities,6,云南省,55.38,47.08004466,1780.17837,132,15702.80116,85,517.0204748,104,0.155132348,3095.532387,159,27305.42645,102,899.041159,125,0.236820396,5736.130302,415,50597.91483,267,1665.954863,326,6.328200715,2966.963949,159,26171.33526,102,861.7007914,125,0.373216954,3461.457941,658,30533.22447,423,1005.31759,517,1.20658493,7417.409873,850,65428.33815,546,2154.251978,668,0.054245888,0.046191107,0,0.6,0.73,0.26,0.01,0.52,0.44,0.04,1,1,0.02,0.686,0.147,0.147,1,0.74,0.26,0.92,0.08,0.96,0.04,0.15,0.85,1,1,0,0.01,0.99,0.35,0.65
Hohhot City,Medium-small-cities,6,内蒙古自治区,120.3595,105.5248529,4793.845789,132,12343.86647,85,862.2877426,104,0.253816785,8335.965177,159,21464.61225,102,1499.422575,125,0.637688452,15446.83643,415,39774.68084,267,2778.482726,326,9.313607655,7989.742981,159,20573.11078,102,1437.146238,125,0.308355929,9321.366811,658,24001.96258,423,1676.670611,517,4.321178326,19974.35745,850,51432.77695,546,3592.865594,668,0.048416849,0.025188266,0.888238037,0.6,0.756,0.234,0.01,0.564,0.396,0.04,1,1,0.02,0.686,0.147,0.147,1,0.74,0.26,0.92,0.08,0.96,0.04,0.15,0.85,1,1,0,0.01,0.99,0.35,0.65
Hulunbuir City,Medium-small-cities,6,内蒙古自治区,43.5885,38.21609469,4544.471029,132,13139.70665,85,315.8223239,104,0.091920396,7902.330178,159,22848.48989,102,549.17993,125,0.2309405,14643.29554,415,42339.05475,267,1017.64971,326,3.372946774,7574.118381,159,21899.51108,102,526.3705399,125,0.111671886,8836.471445,658,25549.42959,423,614.0989632,517,1.564925756,18935.29595,850,54748.7777,546,1315.92635,668,0.064231673,0.048175946,1.111317717,0.6,0.743,0.247,0.01,0.542,0.418,0.04,1,1,0.02,0.686,0.147,0.147,1,0.74,0.26,0.92,0.08,0.96,0.04,0.15,0.85,1,1,0,0.01,0.99,0.35,0.65
Huludao City,Medium-small-cities,6,辽宁省,42,36.57436903,3295.903749,132,14223.49695,85,480.5993033,104,0.197010537,5731.210409,159,24733.0808,102,835.7087885,125,0.367556971,10620.1343,415,45831.26794,267,1548.597755,326,3.042391571,5493.172916,159,23705.82825,102,800.9988388,125,0.217593727,6408.701735,658,27656.79962,423,934.4986453,517,1.601078167,13732.93229,850,59264.57061,546,2002.497097,668,0.036741441,0.032768177,0,0.6,0.743,0.247,0.01,0.542,0.418,0.04,1,1,0.02,0.686,0.147,0.147,1,0.74,0.26,0.92,0.08,0.96,0.04,0.15,0.85,1,0.9,0.1,0.01,0.99,0.35,0.65
Huzhou City,Largecities,6,浙江省,88.6936,80.22052166,4216.88193,132,12962.73795,85,820.3801218,104,0.171411371,7332.689134,159,22540.76099,102,1426.549878,125,0.401745401,13587.73066,415,41768.82228,267,2643.447059,326,6.306331474,7028.13655,159,21604.56325,102,1367.300203,125,0.209443269,8199.492642,658,25205.32379,423,1595.18357,517,1.384146821,17570.34138,850,54011.40812,546,3418.250507,668,0.035347987,0.020018055,0,0.6,0.717,0.273,0.01,0.509803684,0.441696316,0.0485,1,1,0.02,0.471221579,0.466494402,0.042284019,1,0.74,0.26,0.92,0.08,0.96,0.04,0.15,0.85,1,1,0,0.01,0.99,0.35,0.65
Huaihua City,Medium-small-cities,6,湖南省,41.2396,36.85642672,1877.990201,132,15502.06552,85,619.944279,104,0.200273057,3265.616294,159,26956.36949,102,1078.014218,125,0.293036112,6051.301758,415,49951.10001,267,1997.598232,326,2.81333696,3129.983668,159,25836.77587,102,1033.240465,125,0.234524031,3651.647613,658,30142.90518,423,1205.447209,517,0.842003115,7824.95917,850,64591.93967,546,2583.101162,668,0.065739057,0.042811129,3.05E-01,0.6,0.73,0.26,0.01,0.52,0.44,0.04,1,1,0.02,0.686,0.147,0.147,1,0.74,0.26,0.92,0.08,0.96,0.04,0.15,0.85,1,1,0,0.01,0.99,0.35,0.65
Huai'an City,Largecities,6,江苏省,63.21,58.51251803,4195.68024,132,13221.40275,85,582.9170061,104,0.13114039,7295.82175,159,22990.55034,102,1013.627905,125,0.382465138,13519.41411,415,42602.29776,267,1878.288131,326,2.14505838,6992.8004,159,22035.67126,102,971.5283436,125,0.371177104,8158.267133,658,25708.28313,423,1133.449734,517,1.66764096,17482.001,850,55089.17814,546,2428.820859,668,0.028262805,0.030689699,0.281858427,0.6,0.743,0.247,0.01,0.55187,0.39963,0.0485,1,1,0.02,0.471221579,0.466494402,0.042284019,1,0.74,0.26,0.92,0.08,0.96,0.04,0.15,0.85,1,1,0,0.01,0.99,0.35,0.65
Huaibei City,Medium-small-cities,6,安徽省,30.9678,26.52272193,4642.256084,132,12993.40459,85,364.3393223,104,0.084671418,8072.367523,159,22594.08688,102,633.5455993,125,0.194709983,14958.38071,415,41867.63703,267,1173.982261,326,2.638183143,7737.093473,159,21655.67432,102,607.2322038,125,0.108667367,9026.609052,658,25264.95338,423,708.4375711,517,1.418846158,19342.73368,850,54139.18581,546,1518.080509,668,0.05481656,0.038524035,0,0.6,0.743,0.247,0.01,0.542,0.418,0.04,1,1,0.02,0.686,0.147,0.147,1,0.74,0.26,0.92,0.08,0.96,0.04,0.15,0.85,1,1,0,0.01,0.99,0.35,0.65
Huainan City,Medium-small-cities,6,安徽省,36.8604,31.56950573,3246.861925,132,14353.55649,85,399.58159,104,0.100782825,5645.932125,159,24959.23989,102,694.827987,125,0.231759694,10462.11065,415,46250.34868,267,1287.540679,326,3.140180637,5411.436541,159,23922.59414,102,665.9693166,125,0.129344759,6313.342631,658,27909.69317,423,776.9642027,517,1.688826359,13528.59135,850,59806.48536,546,1664.923291,668,0.031509849,0.033861506,0,0.6,0.743,0.247,0.01,0.542,0.418,0.04,1,1,0.02,0.686,0.147,0.147,1,0.74,0.26,0.92,0.08,0.96,0.04,0.15,0.85,1,1,0,0.01,0.99,0.35,0.65
Huanggang City,Medium-small-cities,6,湖北省,48.5984,42.78303697,2480.51108,132,15076.93336,85,442.5555565,104,0.157294752,4313.333156,159,26217.1119,102,769.5549399,125,0.349796273,7992.757925,415,48581.22973,267,1426.012349,326,3.621186413,4134.185134,159,25128.22227,102,737.5925942,125,0.329921484,4823.215989,658,29316.25932,423,860.5246932,517,1.35716411,10335.46283,850,62820.55568,546,1843.981485,668,0.038332092,0.035650706,0,0.6,0.73,0.26,0.01,0.52,0.44,0.04,1,1,0.02,0.686,0.147,0.147,1,0.74,0.26,0.92,0.08,0.96,0.04,0.15,0.85,1,1,0,0.01,0.99,0.35,0.65
Huangshan City,Medium-small-cities,6,安徽省,21.0622,18.03895898,3823.96088,132,13315.40342,85,860.6356968,104,0.057587764,6649.443086,159,23154.00706,102,1496.549851,125,0.132428542,12321.65173,415,42905.18881,267,2773.159468,326,1.79431348,6373.268134,159,22192.33904,102,1434.392828,125,0.073908183,7435.479489,658,25891.06221,423,1673.458299,517,0.965003053,15933.17033,850,55480.8476,546,3585.98207,668,0.068697267,0.033748441,0.151004628,0.6,0.717,0.273,0.01,0.498,0.462,0.04,1,1,0.02,0.686,0.147,0.147,1,0.74,0.26,0.92,0.08,0.96,0.04,0.15,0.85,1,1,0,0.01,0.99,0.35,0.65
Huangshi City,Medium-small-cities,6,湖北省,24.8889,21.91065403,2719.27783,132,14870.54201,85,410.1801631,104,0.080556013,4728.522005,159,25858.22027,102,713.257728,125,0.179142615,8762.117454,415,47916.19091,267,1321.691637,326,1.854533205,4532.129717,159,24784.23668,102,683.6336052,125,0.168964057,5287.48467,658,28914.94279,423,797.5725394,517,0.69505008,11330.32429,850,61960.59169,546,1709.084013,668,0.050321765,0.033690621,0,0.6,0.73,0.26,0.01,0.52,0.44,0.04,1,1,0.02,0.686,0.147,0.147,1,0.74,0.26,0.92,0.08,0.96,0.04,0.15,0.85,1,1,0,0.01,0.99,0.35,0.65
Huizhou City,Largecities,6,广东省,130.4393,115.8035161,4763.720712,132,12546.9638,85,689.3154886,104,0.289182475,8283.581016,159,21817.77594,102,1198.643044,125,0.985133297,15349.76674,415,40429.10558,267,2221.127686,326,10.34980704,7939.53452,159,20911.60633,102,1148.859148,125,0.626186956,9262.790273,658,24396.87405,423,1340.335672,517,2.385474116,19848.8363,850,52279.01583,546,2872.147869,668,0.055274821,0.033816499,0.172776139,0.6,0.704,0.286,0.01,0.488770526,0.462729474,0.0485,1,1,0.02,0.471221579,0.466494402,0.042284019,1,0.74,0.26,0.92,0.08,0.96,0.04,0.15,0.85,1,0.9,0.1,0.01,0.99,0.35,0.65
Jixi City,Medium-small-cities,6,黑龙江省,21.9,18.67363785,3365.897903,132,14114.00667,85,520.0954314,104,0.089621171,5852.922465,159,24542.68937,102,904.3881668,125,0.217651415,10845.67102,415,45478.46592,267,1675.863057,326,1.863693585,5609.829838,159,23523.34444,102,866.8257189,125,0.178815574,6544.801478,658,27443.90185,423,1011.296672,517,0.876580404,14024.5746,850,58808.36111,546,2167.064297,668,0.048901285,0.059503515,0.063818438,0.6,0.73,0.26,0.01,0.52,0.44,0.04,1,1,0.02,0.686,0.147,0.147,1,0.74,0.26,0.92,0.08,0.96,0.04,0.15,0.85,1,1,0,0.01,0.99,0.35,0.65
Ji'an City (Jiangxi),Medium-small-cities,6,江西省,49.7006,42.73277567,2441.279711,132,15096.58008,85,462.1402066,104,0.116352028,4245.114164,159,26251.27537,102,803.6104704,125,0.251819033,7866.345736,415,48644.53582,267,1489.118443,326,4.031597783,4068.799519,159,25160.9668,102,770.2336777,125,0.31747482,4746.932772,658,29354.46127,423,898.6059573,517,2.250580663,10171.9988,850,62902.41701,546,1925.584194,668,0.029173241,0.042951607,0.084432106,0.6,0.704,0.286,0.01,0.476,0.484,0.04,1,1,0.02,0.686,0.147,0.147,1,0.74,0.26,0.92,0.08,0.96,0.04,0.15,0.85,1,1,0,0.01,0.99,0.35,0.65
Jilin City,Medium-small-cities,6,吉林省,61.3329,54.24783135,3291.342708,132,14083.94013,85,624.7171594,104,0.183034355,5723.279264,159,24490.40701,102,1086.313727,125,0.493100016,10605.43761,415,45381.58487,267,2012.977514,326,4.073197359,5485.57118,159,23473.23355,102,1041.195266,125,0.249964828,6399.833043,658,27385.43915,423,1214.72781,517,2.085772088,13713.92795,850,58683.08389,546,2602.988164,668,0.034683897,0.032563995,0,0.6,0.73,0.26,0.01,0.52,0.44,0.04,1,1,0.02,0.686,0.147,0.147,1,0.74,0.26,0.92,0.08,0.96,0.04,0.15,0.85,1,1,0,0.01,0.99,0.35,0.65
Jinan City,Extra-large-cities,6,山东省,257.8872,226.7894912,5430.667142,132,11725.39229,85,843.9405715,104,0.444902823,9443.326753,159,20389.15436,102,1467.518883,125,1.468955953,17498.81635,415,37781.81959,267,2719.364064,326,18.89893936,9051.111904,159,19542.32048,102,1406.567619,125,0.886477195,10559.63055,658,22799.37389,423,1640.995556,517,9.398433444,22627.77976,850,48855.80119,546,3516.419048,668,0.039465977,0.027221607,1.006971009,0.6,0.744975781,0.219524219,0.0355,0.55403267,0.33646733,0.1095,1,1,0.02,0.014,0.9358125,0.0301875,1,0.74,0.26,0.92,0.08,0.96,0.04,0.15,0.85,1,1,0,0.01,0.99,0.35,0.65
Jining City,Largecities,6,山东省,155.2222,136.5045018,2910.365667,132,14516.9129,85,572.72143,104,0.267786827,5060.802521,159,25243.29855,102,995.898931,125,0.884163986,9377.844928,415,46776.71935,267,1845.435719,326,11.37526385,4850.609445,159,24194.85484,102,954.5357166,125,0.533570261,5659.044353,658,28227.33064,423,1113.625003,517,5.656913238,12126.52361,850,60487.13709,546,2386.339292,668,0.027842042,0.030974148,0.056307918,0.6,0.756,0.234,0.01,0.572903158,0.378596842,0.0485,1,1,0.02,0.471221579,0.466494402,0.042284019,1,0.74,0.26,0.92,0.08,0.96,0.04,0.15,0.85,1,1,0,0.01,0.99,0.35,0.65
Jiamusi City,Medium-small-cities,6,黑龙江省,29.8106,25.4188287,3298.768732,132,14240.36823,85,460.8630355,104,0.121993647,5736.192296,159,24762.41809,102,801.3896118,125,0.296270286,10629.36592,415,45885.63097,267,1485.003114,326,2.53688694,5497.947887,159,23733.94705,102,768.1050592,125,0.243406372,6414.272535,658,27689.6049,423,896.1225691,517,1.193214054,13744.86972,850,59334.86763,546,1920.262648,668,0.036538584,0.056482096,0.106680082,0.6,0.743,0.247,0.01,0.542,0.418,0.04,1,1,0.02,0.686,0.147,0.147,1,0.74,0.26,0.92,0.08,0.96,0.04,0.15,0.85,1,1,0,0.01,0.99,0.35,0.65
Jiaxing City,Largecities,6,浙江省,147.8138,133.6928498,6936.776062,132,10153.23359,85,909.9903475,104,0.285668483,12062.28282,159,17655.34508,102,1582.372104,125,0.669535506,22351.83398,415,32715.9749,267,2932.19112,326,10.50992202,11561.29344,159,16922.05598,102,1516.650579,125,0.349051177,13488.17568,658,19742.39865,423,1769.425676,517,2.306772996,28903.23359,850,42305.13996,546,3791.626448,668,0.034479237,0.022819662,0,0.6,0.717,0.273,0.01,0.509803684,0.441696316,0.0485,1,1,0.02,0.471221579,0.466494402,0.042284019,1,0.74,0.26,0.92,0.08,0.96,0.04,0.15,0.85,1,0.9,0.1,0.01,0.99,0.35,0.65
Jiayuguan City,Medium-small-cities,6,甘肃省,7.31,5.966725887,4412.39369,132,8416.945573,85,5170.660737,104,0.023145119,7672.66236,159,14636.13314,102,8991.204504,125,0.051219291,14217.713,415,27121.26907,267,16661.01793,326,0.982381706,7353.989483,159,14028.24262,102,8617.767895,125,0.055505424,8579.654396,658,16366.28306,423,10054.06254,517,0.231022574,18384.97371,850,35070.60656,546,21544.41974,668,0.032983765,0.036006518,0.061794927,0.6,0.743,0.247,0.01,0.542,0.418,0.04,1,1,0.02,0.686,0.147,0.147,1,0.74,0.26,0.92,0.08,0.96,0.04,0.15,0.85,1,1,0,0.01,0.99,0.35,0.65
Jiangmen City,Largecities,6,广东省,88.0028,78.12855227,6377.693905,132,10699.54708,85,922.7590111,104,0.195101228,11090.10107,159,18605.32354,102,1604.575392,125,0.664634726,20550.34703,415,34476.31838,267,2973.334591,326,6.982650159,10629.48984,159,17832.57847,102,1537.931685,125,0.422466277,12401.07148,658,20804.67489,423,1794.253633,517,1.60939534,26573.7246,850,44581.44618,546,3844.829213,668,0.03988897,0.038397879,0,0.6,0.704,0.286,0.01,0.488770526,0.462729474,0.0485,1,1,0.02,0.471221579,0.466494402,0.042284019,1,0.74,0.26,0.92,0.08,0.96,0.04,0.15,0.85,1,0.9,0.1,0.01,0.99,0.35,0.65
Jiaozuo City,Medium-small-cities,6,河南省,59.0428,52.11285764,6199.087209,132,11268.03997,85,532.872826,104,0.134244187,10779.52387,159,19593.8695,102,926.6066362,125,0.291291495,19974.83656,415,36308.12878,267,1717.034661,326,4.234392657,10331.81201,159,18780.06661,102,888.1213766,125,0.145645748,12053.78068,658,21910.07771,423,1036.141606,517,2.124368278,25829.53004,850,46950.16652,546,2220.303441,668,0.028453079,0.022196401,0,0.6,0.743,0.247,0.01,0.542,0.418,0.04,1,1,0.02,0.686,0.147,0.147,1,0.74,0.26,0.92,0.08,0.96,0.04,0.15,0.85,1,1,0,0.01,0.99,0.35,0.65
Jieyang City,Medium-small-cities,6,广东省,59.0227,52.40012934,4041.793569,132,13304.53395,85,653.6724777,104,0.130852669,7028.229928,159,23135.10626,102,1136.663808,125,0.445764636,13023.55705,415,42870.16496,267,2106.277984,326,4.683201734,6736.322615,159,22174.22326,102,1089.45413,125,0.283344397,7859.04305,658,25869.92713,423,1271.029818,517,1.079407227,16840.80654,850,55435.55814,546,2723.635324,668,0.035090113,0.028665308,0.48665205,0.6,0.704,0.286,0.01,0.476,0.484,0.04,1,1,0.02,0.686,0.147,0.147,1,0.74,0.26,0.92,0.08,0.96,0.04,0.15,0.85,1,0.9,0.1,0.01,0.99,0.35,0.65
Jinchang City,Medium-small-cities,6,甘肃省,8.51,6.946215773,4154.724307,132,13297.7645,85,547.5111884,104,0.026944591,7224.603935,159,23123.33494,102,952.0611221,125,0.059627382,13387.44499,415,42848.35229,267,1764.202718,326,1.143648197,6924.540512,159,22162.94084,102,912.5186474,125,0.064617121,8078.630598,658,25856.76431,423,1064.605089,517,0.268946936,17311.35128,850,55407.3521,546,2281.296618,668,0.036017581,0.040357253,0.057760307,0.6,0.756,0.234,0.01,0.564,0.396,0.04,1,1,0.02,0.686,0.147,0.147,1,0.74,0.26,0.92,0.08,0.96,0.04,0.15,0.85,1,1,0,0.01,0.99,0.35,0.65
Jinhua City,Largecities,6,浙江省,207.2702,187.4692601,4169.568744,132,13236.1739,85,594.257351,104,0.400575342,7250.41676,159,23016.23573,102,1033.347505,125,0.938848458,13435.27706,415,42649.89369,267,1914.829242,326,14.7374172,6949.28124,159,22060.28984,102,990.4289184,125,0.489452996,8107.49478,658,25737.00482,423,1155.500405,517,3.234645888,17373.2031,850,55150.7246,546,2476.072296,668,0.032930799,0.019945005,0.12466573,0.6,0.704,0.286,0.01,0.488770526,0.462729474,0.0485,1,1,0.02,0.471221579,0.466494402,0.042284019,1,0.74,0.26,0.92,0.08,0.96,0.04,0.15,0.85,1,1,0,0.01,0.99,0.35,0.65
Jinzhou City,Medium-small-cities,6,辽宁省,47.2959,41.18613572,3043.564768,132,14456.11504,85,500.3201934,104,0.221852158,5292.420958,159,25137.57782,102,870.0012252,125,0.41390328,9807.042031,415,46580.81512,267,1612.142845,326,3.426015416,5072.607947,159,24093.52506,102,833.866989,125,0.245030742,5918.042605,658,28109.11257,423,972.8448205,517,1.802962688,12681.51987,850,60233.81266,546,2084.667472,668,0.03476578,0.036075231,0.023436479,0.6,0.743,0.247,0.01,0.542,0.418,0.04,1,1,0.02,0.686,0.147,0.147,1,0.74,0.26,0.92,0.08,0.96,0.04,0.15,0.85,1,0.9,0.1,0.01,0.99,0.35,0.65
Jincheng City,Medium-small-cities,6,山西省,46.7224,41.35913541,4574.595939,132,12625.36262,85,800.0414422,104,0.080551309,7954.714049,159,21954.10278,102,1391.183174,125,0.238352643,14740.36469,415,40681.724,267,2577.911314,326,2.924276604,7624.326564,159,21042.27103,102,1333.402404,125,0.083852592,8895.047659,658,24549.3162,423,1555.636138,517,2.03623144,19060.81641,850,52605.67758,546,3333.506009,668,0.033057943,0.030128633,0,0.6,0.756,0.234,0.01,0.564,0.396,0.04,1,1,0.02,0.686,0.147,0.147,1,0.74,0.26,0.92,0.08,0.96,0.04,0.15,0.85,1,1,0,0.01,0.99,0.35,0.65
Jinzhong City,Medium-small-cities,6,山西省,67.4302,59.68988692,4861.689563,132,12438.988,85,699.3224343,104,0.116252394,8453.937962,159,21630.01803,102,1216.044011,125,0.343992739,15665.44415,415,40081.18356,267,2253.372288,326,4.220343053,8102.815938,159,20731.64667,102,1165.53739,125,0.121016836,9453.285261,658,24186.92112,423,1359.793622,517,2.938708055,20257.03985,850,51829.11668,546,2913.843476,668,0.045857369,0.035279838,0,0.6,0.756,0.234,0.01,0.564,0.396,0.04,1,1,0.02,0.686,0.147,0.147,1,0.74,0.26,0.92,0.08,0.96,0.04,0.15,0.85,1,1,0,0.01,0.99,0.35,0.65
Jingmen City,Medium-small-cities,6,湖北省,37.6966,33.18576396,3526.501845,132,14473.49815,85,0,104,0.122009724,6132.194875,159,25167.80512,102,0,125,0.271328483,11363.17261,415,46636.82739,267,0,326,2.808866459,5877.503075,159,24122.49692,102,0,125,0.255912092,6857.086921,658,28142.91308,423,0,517,1.052719278,14693.75769,850,60306.24231,546,0,668,0.03151236,0.029967879,0,0.6,0.743,0.247,0.01,0.542,0.418,0.04,1,1,0.02,0.686,0.147,0.147,1,0.74,0.26,0.92,0.08,0.96,0.04,0.15,0.85,1,1,0,0.01,0.99,0.35,0.65
Jingzhou City,Medium-small-cities,6,湖北省,53.6687,47.24661668,2549.650178,132,15450.34982,85,0,104,0.173705408,4433.558365,159,26866.44163,102,0,125,0.386290726,8215.539462,415,49784.46054,267,0,326,3.998986947,4249.416963,159,25750.58304,102,0,125,0.364342389,4957.653124,658,30042.34688,423,0,517,1.498757849,10623.54241,850,64376.45759,546,0,668,0.036778297,0.031451802,0,0.6,0.73,0.26,0.01,0.52,0.44,0.04,1,1,0.02,0.686,0.147,0.147,1,0.74,0.26,0.92,0.08,0.96,0.04,0.15,0.85,1,1,0,0.01,0.99,0.35,0.65
Jingdezhen City,Medium-small-cities,6,江西省,23.4326,20.14744368,3703.444465,132,13636.76552,85,659.7900166,104,0.054857095,6439.878431,159,23712.82004,102,1147.301529,125,0.118726427,11933.32105,415,43940.68889,267,2125.990053,326,1.900798345,6172.407442,159,22727.94253,102,1099.650028,125,0.149681502,7201.142015,658,26515.93295,423,1282.925032,517,1.061092953,15431.0186,850,56819.85633,546,2749.125069,668,0.064806016,0.041170347,0.209899947,0.6,0.717,0.273,0.01,0.498,0.462,0.04,1,1,0.02,0.686,0.147,0.147,1,0.74,0.26,0.92,0.08,0.96,0.04,0.15,0.85,1,1,0,0.01,0.99,0.35,0.65
Jiujiang City,Largecities,6,江西省,61.3696,52.76582878,2421.947896,132,15066.01709,85,512.0350109,104,0.143669844,4211.498287,159,26198.12972,102,890.3719912,125,0.310942591,7804.054333,415,48546.05508,267,1649.890591,326,4.978160088,4036.579827,159,25110.02849,102,853.3916849,125,0.392013431,4709.343132,658,29295.03324,423,995.6236324,517,2.778985265,10091.44957,850,62775.07122,546,2133.479212,668,0.067382766,0.034490532,0,0.6,0.73,0.26,0.01,0.530836842,0.420663158,0.0485,1,1,0.02,0.471221579,0.466494402,0.042284019,1,0.74,0.26,0.92,0.08,0.96,0.04,0.15,0.85,1,1,0,0.01,0.99,0.35,0.65
Jiuquan City,Medium-small-cities,6,甘肃省,20.48,16.71662738,3171.549697,132,14186.68708,85,641.7632236,104,0.064844327,5514.972529,159,24669.07253,102,1115.954939,125,0.143498094,10219.43791,415,45712.65837,267,2067.903721,326,2.752281442,5285.916162,159,23644.47847,102,1069.605373,125,0.155506303,6166.902189,658,27585.22488,423,1247.872935,517,0.647242451,13214.79041,850,59111.19616,546,2674.013432,668,0.035008179,0.04046892,0.135317766,0.6,0.756,0.234,0.01,0.564,0.396,0.04,1,1,0.02,0.686,0.147,0.147,1,0.74,0.26,0.92,0.08,0.96,0.04,0.15,0.85,1,1,0,0.01,0.99,0.35,0.65
Kashgar Prefecture,Medium-small-cities,6,新疆维吾尔族自治区,60.22,49.88452083,3146.228791,132,14244.00668,85,609.7645331,104,0.309020387,5470.942287,159,24768.74494,102,1060.312771,125,0.418987102,10137.84833,415,45897.35484,267,1964.796829,326,6.783136702,5243.714652,159,23740.01113,102,1016.274222,125,0.400891313,6117.667094,658,27696.67965,423,1185.653259,517,2.423443669,13109.28663,850,59350.02782,546,2540.685554,668,0.089112831,0.083999071,0.827259509,0.6,0.756,0.234,0.01,0.564,0.396,0.04,1,1,0.02,0.686,0.147,0.147,1,0.74,0.26,0.92,0.08,0.96,0.04,0.15,0.85,1,1,0,0.01,0.99,0.35,0.65
Kaifeng City,Medium-small-cities,6,河南省,64.4348,56.87199047,3005.046257,132,14122.582,85,872.371741,104,0.146503847,5225.441548,159,24557.60093,102,1516.957527,125,0.317893278,9682.926829,415,45506.09756,267,2810.97561,326,4.621092563,5008.410429,159,23537.63667,102,1453.952902,125,0.158946639,5843.1455,658,27460.57611,423,1696.278385,517,2.318373199,12521.02607,850,58844.09167,546,3634.882254,668,0.03547393,0.029355346,0,0.6,0.743,0.247,0.01,0.542,0.418,0.04,1,1,0.02,0.686,0.147,0.147,1,0.74,0.26,0.92,0.08,0.96,0.04,0.15,0.85,1,1,0,0.01,0.99,0.35,0.65
Karamay City,Medium-small-cities,6,新疆维吾尔族自治区,15.3,12.67408118,4461.973133,132,10435.33163,85,3102.695238,104,0.07851232,7758.875503,159,18145.88222,102,5395.242274,125,0.106451389,14377.46898,415,33624.95747,267,9997.573543,326,1.723380796,7436.621888,159,17392.21938,102,5171.158729,125,0.101853821,8676.05887,658,20290.92261,423,6033.018518,517,0.615720494,18591.55472,850,43480.54846,546,12927.89682,668,0.091499404,0.06348216,0.889352548,0.6,0.756,0.234,0.01,0.564,0.396,0.04,1,1,0.02,0.686,0.147,0.147,1,0.74,0.26,0.92,0.08,0.96,0.04,0.15,0.85,1,1,0,0.01,0.99,0.35,0.65
Kizilsu Kirgiz Autonomous Prefecture,Medium-small-cities,6,新疆维吾尔族自治区,13.7546,11.39391614,2480.236313,132,15320.58141,85,199.1822798,104,0.070582063,4312.855366,159,26640.78878,102,346.3558531,125,0.095699103,7991.872563,415,49366.31787,267,641.8095681,326,1.549308072,4133.727188,159,25534.30235,102,331.9704663,125,0.091565919,4822.681719,658,29790.0194,423,387.2988773,517,0.5535287,10334.31797,850,63835.75586,546,829.9261657,668,0.044251842,0.126815971,0,0.6,0.756,0.234,0.01,0.564,0.396,0.04,1,1,0.02,0.686,0.147,0.147,1,0.74,0.26,0.92,0.08,0.96,0.04,0.15,0.85,1,1,0,0.01,0.99,0.35,0.65
Kunming City,Largecities,6,云南省,250.39,212.8633511,1634.997791,132,15438.79806,85,926.2041538,104,0.701401023,2843.079491,159,26846.3544,102,1610.566112,125,1.070737794,5268.326214,415,49747.23818,267,2984.435607,326,28.61174028,2724.996318,159,25731.33009,102,1543.67359,125,1.687428548,3179.162371,658,30019.88511,423,1800.952521,517,5.45534129,6812.490794,850,64328.32523,546,3859.183974,668,0.050168669,0.032099144,7.102254531,0.6,0.743,0.247,0.01,0.55187,0.39963,0.0485,1,1,0.02,0.471221579,0.466494402,0.042284019,1,0.74,0.26,0.92,0.08,0.96,0.04,0.15,0.85,1,1,0,0.01,0.99,0.35,0.65
Lhasa City,Medium-small-cities,6,西藏自治区,25.7008,16.79347921,2851.73181,132,14593.22006,85,555.0481277,104,0.134607766,4958.844758,159,25375.98822,102,965.167022,125,0.199590825,9188.913609,415,47022.59798,267,1788.488411,326,5.769567347,4752.88635,159,24322.03344,102,925.0802128,125,0.863346361,5545.034075,658,28375.70568,423,1079.260248,517,1.940208488,11882.21587,850,60805.08359,546,2312.700532,668,0.091901432,0.0499906,1.159047913,0.6,0.73,0.26,0.01,0.52,0.44,0.04,1,1,0.02,0.686,0.147,0.147,1,0.74,0.26,0.92,0.08,0.96,0.04,0.15,0.85,1,1,0,0.01,0.99,0.35,0.65
Laibin City,Medium-small-cities,6,广西壮族自治区,23.2455,20.1684921,3439.94746,132,14017.76891,85,542.2836289,104,0.057193455,5981.686417,159,24375.34261,102,942.970977,125,0.135877785,11084.27515,415,45168.36649,267,1747.35836,326,1.986172721,5733.245767,159,23362.94818,102,903.8060482,125,0.171926993,6688.786728,658,27256.77288,423,1054.44039,517,0.725836942,14333.11442,850,58407.37046,546,2259.515121,668,0.040105877,0.040279459,0,0.6,0.717,0.273,0.01,0.498,0.462,0.04,1,1,0.02,0.686,0.147,0.147,1,0.74,0.26,0.92,0.08,0.96,0.04,0.15,0.85,1,1,0,0.01,0.99,0.35,0.65
Lanzhou City,Medium-small-cities,6,甘肃省,92.49,75.49418294,5046.794813,132,12046.05301,85,907.1521787,104,0.292844327,8775.815425,159,20946.74773,102,1577.436844,125,0.64805365,16261.8944,415,38815.05969,267,2923.045909,326,12.42961478,8411.324689,159,20076.75501,102,1511.920298,125,0.702284081,9813.212137,658,23422.88085,423,1763.907014,517,2.923020229,21028.31172,850,50191.88753,546,3779.800745,668,0.028692109,0.035045342,1.021987106,0.6,0.756,0.234,0.01,0.564,0.396,0.04,1,1,0.02,0.686,0.147,0.147,1,0.74,0.26,0.92,0.08,0.96,0.04,0.15,0.85,1,1,0,0.01,0.99,0.35,0.65
Langfang City,Largecities,6,河北省,85.5844,74.11184146,4541.953472,132,12843.25172,85,614.794807,104,0.114751665,7897.952427,159,22332.98771,102,1069.059859,125,0.352078973,14635.18341,415,41383.8111,267,1981.005489,326,7.018629131,7569.922454,159,21405.41953,102,1024.658012,125,0.230546528,8831.576196,658,24972.98946,423,1195.434347,517,3.756552244,18924.80613,850,53513.54884,546,2561.645029,668,0.039851418,0.027560891,0,0.6,0.756,0.234,0.01,0.572903158,0.378596842,0.0485,1,1,0.02,0.471221579,0.466494402,0.042284019,1,0.74,0.26,0.92,0.08,0.96,0.04,0.15,0.85,1,1,0,0.01,0.99,0.35,0.65
Leshan City,Medium-small-cities,6,四川省,60.09,53.83262007,2749.15203,132,14712.88341,85,537.9645558,104,0.11037988,4780.469919,159,25584.06949,102,935.4605887,125,0.388597658,8858.378764,415,47408.17989,267,1733.441347,326,4.016013152,4581.92005,159,24521.47236,102,896.607593,125,0.315011072,5345.573392,658,28608.38442,423,1046.042192,517,1.427378168,11454.80013,850,61303.68089,546,2241.518983,668,0.031437608,0.047594209,0,0.6,0.717,0.273,0.01,0.498,0.462,0.04,1,1,0.02,0.686,0.147,0.147,1,0.74,0.26,0.92,0.08,0.96,0.04,0.15,0.85,1,1,0,0.01,0.99,0.35,0.65
Lijiang City,Medium-small-cities,6,云南省,20.39,17.33409373,2105.070809,132,15642.07401,85,252.855185,104,0.057117165,3660.484239,159,27199.82869,102,439.6870717,125,0.087193353,6783.005939,415,50402.23847,267,814.7555962,326,2.329938833,3508.451348,159,26070.12334,102,421.4253084,125,0.137412309,4093.193239,658,30415.1439,423,491.6628598,517,0.444244614,8771.128369,850,65175.30836,546,1053.563271,668,0.071289339,0.052462832,1.079058731,0.6,0.73,0.26,0.01,0.52,0.44,0.04,1,1,0.02,0.686,0.147,0.147,1,0.74,0.26,0.92,0.08,0.96,0.04,0.15,0.85,1,1,0,0.01,0.99,0.35,0.65
Lishui City,Medium-small-cities,6,浙江省,42.852,38.75826209,2019.081024,132,15500.39858,85,480.5203916,104,0.082816799,3510.957559,159,26953.47087,102,835.5715698,125,0.194101873,6505.927745,415,49945.72877,267,1548.343484,326,3.046881808,3365.13504,159,25833.99764,102,800.8673193,125,0.101191777,3925.99088,658,30139.66391,423,934.3452058,517,0.668745655,8412.837601,850,64584.9941,546,2002.168298,668,0.028208938,0.029322739,0.00E+00,0.6,0.704,0.286,0.01,0.476,0.484,0.04,1,1,0.02,0.686,0.147,0.147,1,0.74,0.26,0.92,0.08,0.96,0.04,0.15,0.85,1,1,0,0.01,0.99,0.35,0.65
Lianyungang City,Largecities,6,江苏省,73.41,67.95450006,5264.810378,132,12208.70858,85,526.4810378,104,0.152302105,9154.920268,159,21229.58771,102,915.4920268,125,0.444182341,16964.38899,415,39339.17211,267,1696.438899,326,2.491199742,8774.683963,159,20347.84764,102,877.4683963,125,0.431072792,10237.13129,658,23739.15558,423,1023.713129,517,1.936742966,21936.70991,850,50869.6191,546,2193.670991,668,0.031695149,0.033017054,0.145087052,0.6,0.743,0.247,0.01,0.55187,0.39963,0.0485,1,1,0.02,0.471221579,0.466494402,0.042284019,1,0.74,0.26,0.92,0.08,0.96,0.04,0.15,0.85,1,0.9,0.1,0.01,0.99,0.35,0.65
Liaoyang City,Medium-small-cities,6,辽宁省,27.5223,23.96692278,3909.83386,132,13542.93779,85,547.228345,104,0.129099597,6798.766657,159,23549.66405,102,951.5692888,125,0.240857458,12598.35355,415,43638.35512,267,1763.291334,326,1.993657465,6516.389767,159,22571.56299,102,912.0472417,125,0.142587615,7602.454728,658,26333.49016,423,1064.055115,517,1.049175087,16290.97442,850,56428.90748,546,2280.118104,668,0.028921933,0.04762902,0,0.6,0.743,0.247,0.01,0.542,0.418,0.04,1,1,0.02,0.686,0.147,0.147,1,0.74,0.26,0.92,0.08,0.96,0.04,0.15,0.85,1,1,0,0.01,0.99,0.35,0.65
Liaoyuan City,Medium-small-cities,6,吉林省,15.2145,13.45694774,2775.798262,132,14587.82957,85,636.3721665,104,0.04540428,4826.804756,159,25366.61475,102,1106.580489,125,0.122320487,8944.238844,415,47005.22862,267,2050.532536,326,1.010414659,4626.330437,159,24313.04929,102,1060.620277,125,0.062007338,5397.38551,658,28365.22417,423,1237.390324,517,0.517405494,11565.82609,850,60782.62321,546,2651.550694,668,0.034039744,0.040709265,0,0.6,0.73,0.26,0.01,0.52,0.44,0.04,1,1,0.02,0.686,0.147,0.147,1,0.74,0.26,0.92,0.08,0.96,0.04,0.15,0.85,1,1,0,0.01,0.99,0.35,0.65
Liaocheng City,Medium-small-cities,6,山东省,107.7707,94.77501102,2581.586507,132,14946.32717,85,472.0863199,104,0.185924267,4489.092092,159,25990.00225,102,820.9056563,125,0.613874637,8318.44541,415,48160.38756,267,1521.167031,326,7.89784031,4302.644178,159,24910.54529,102,786.8105332,125,0.370457579,5019.751541,658,29062.30284,423,917.945622,517,3.927592184,10756.61044,850,62276.36322,546,1967.026333,668,0.027544918,0.032062299,0,0.6,0.756,0.234,0.01,0.564,0.396,0.04,1,1,0.02,0.686,0.147,0.147,1,0.74,0.26,0.92,0.08,0.96,0.04,0.15,0.85,1,1,0,0.01,0.99,0.35,0.65
Nyingchi City,Medium-small-cities,6,西藏自治区,13.7757,9.001351382,2545.567995,132,15263.57552,85,190.8564814,104,0.072150135,4426.459902,159,26541.66188,102,331.8782149,125,0.106981235,8202.385761,415,49182.63224,267,614.9819957,326,3.092504082,4242.613324,159,25439.29254,102,318.0941357,125,0.462756041,4949.715545,658,29679.17463,423,371.109825,517,1.039957125,10606.53331,850,63598.23135,546,795.2353392,668,0.131632683,0.070163166,0.265773304,0.6,0.756,0.234,0.01,0.564,0.396,0.04,1,1,0.02,0.686,0.147,0.147,1,0.74,0.26,0.92,0.08,0.96,0.04,0.15,0.85,1,1,0,0.01,0.99,0.35,0.65
Lincang City,Medium-small-cities,6,云南省,22.2,18.87282397,1343.955626,132,16590.46169,85,65.5826853,104,0.062187399,2336.989505,159,28848.96949,102,114.0410028,125,0.09493342,4330.523683,415,53458.15433,267,211.321986,326,2.536765184,2239.926043,159,27650.76948,102,109.3044755,125,0.149610263,2613.24705,658,32259.23106,423,127.5218881,517,0.483679766,5599.815107,850,69126.9237,546,273.2611888,668,0.067686315,0.048784354,0.144526779,0.6,0.73,0.26,0.01,0.52,0.44,0.04,1,1,0.02,0.686,0.147,0.147,1,0.74,0.26,0.92,0.08,0.96,0.04,0.15,0.85,1,1,0,0.01,0.99,0.35,0.65
Linfen City,Medium-small-cities,6,山西省,72.5605,64.23127975,5307.872907,132,12069.49444,85,622.6326499,104,0.125097239,9229.801221,159,20987.50978,102,1082.688997,125,0.37016478,17103.14603,415,38890.59321,267,2006.260761,326,4.54143992,8846.454844,159,20115.82407,102,1037.721083,125,0.130224175,10320.86398,658,23468.46142,423,1210.674597,517,3.162294133,22116.13711,850,50289.56018,546,2594.302708,668,0.03475455,0.027007116,0.068670171,0.6,0.756,0.234,0.01,0.564,0.396,0.04,1,1,0.02,0.686,0.147,0.147,1,0.74,0.26,0.92,0.08,0.96,0.04,0.15,0.85,1,1,0,0.01,0.99,0.35,0.65
Linyi City,Largecities,6,山东省,262.1406,230.5299887,3319.76594,132,14132.46772,85,547.7663443,104,0.45224072,5772.704107,159,24574.79108,102,952.5048097,125,1.493183822,10697.02358,415,45537.95153,267,1765.024887,326,19.21064443,5532.943233,159,23554.11286,102,912.9439071,125,0.901098092,6455.100439,658,27479.79834,423,1065.101225,517,9.553444227,13832.35808,850,58885.28215,546,2282.359768,668,0.02544624,0.021467427,0.118824763,0.6,0.73,0.26,0.01,0.530836842,0.420663158,0.0485,1,1,0.02,0.471221579,0.466494402,0.042284019,1,0.74,0.26,0.92,0.08,0.96,0.04,0.15,0.85,1,1,0,0.01,0.99,0.35,0.65
Liuzhou City,Largecities,6,广西壮族自治区,79.6307,69.08998061,5159.904166,132,11995.3408,85,844.7550318,104,0.195924152,8972.500021,159,20858.56484,102,1468.935139,125,0.465468289,16626.35787,415,38651.6537,267,2721.988436,326,6.80391147,8599.840276,159,19992.23467,102,1407.925053,125,0.588959876,10033.14699,658,23324.27378,423,1642.579228,517,2.486455605,21499.60069,850,49980.58668,546,3519.812632,668,0.048203838,0.034816012,0.07735359,0.6,0.704,0.286,0.01,0.488770526,0.462729474,0.0485,1,1,0.02,0.471221579,0.466494402,0.042284019,1,0.74,0.26,0.92,0.08,0.96,0.04,0.15,0.85,1,1,0,0.01,0.99,0.35,0.65
Lu'an City,Medium-small-cities,6,安徽省,59.2794,50.77051138,2747.855918,132,14986.03284,85,266.1112472,104,0.162080318,4778.216123,159,26059.04599,102,462.737891,125,0.372719113,8854.202401,415,48288.32802,267,857.4695745,326,5.050081498,4579.759863,159,24976.72139,102,443.5187454,125,0.208014012,5343.053173,658,29139.50829,423,517.4385363,517,2.715993675,11449.39966,850,62441.80348,546,1108.796864,668,0.028401461,0.031064314,0,0.6,0.73,0.26,0.01,0.52,0.44,0.04,1,1,0.02,0.686,0.147,0.147,1,0.74,0.26,0.92,0.08,0.96,0.04,0.15,0.85,1,1,0,0.01,0.99,0.35,0.65
Liupanshui City,Medium-small-cities,6,贵州省,55.52,48.07030321,3213.295677,132,14107.79152,85,678.912802,104,0.198113507,5587.56415,159,24531.88192,102,1180.553928,125,0.3259963,10353.95274,415,45458.43934,267,2187.607918,326,5.647807273,5355.492795,159,23512.98587,102,1131.521337,125,0.307128346,6248.074928,658,27431.81685,423,1320.108226,517,0.970651361,13388.73199,850,58782.46467,546,2828.803342,668,0.038685424,0.05816613,0.06617165,0.6,0.73,0.26,0.01,0.52,0.44,0.04,1,1,0.02,0.686,0.147,0.147,1,0.74,0.26,0.92,0.08,0.96,0.04,0.15,0.85,1,1,0,0.01,0.99,0.35,0.65
Longyan City,Medium-small-cities,6,福建省,109,95.31367775,3736.171367,132,13421.90889,85,841.9197397,104,0.355468001,6496.786876,159,23339.20824,102,1464.004881,125,0.572609087,12038.7744,415,43248.3731,267,2712.852495,326,10.1670282,6226.952278,159,22369.84816,102,1403.199566,125,0.323298951,7264.777657,658,26098.15618,423,1637.066161,517,2.267918013,15567.38069,850,55924.62039,546,3507.998915,668,0.017081108,0.020225983,0.009749694,0.6,0.73,0.26,0.01,0.52,0.44,0.04,1,1,0.02,0.686,0.147,0.147,1,0.74,0.26,0.92,0.08,0.96,0.04,0.15,0.85,1,1,0,0.01,0.99,0.35,0.65
Longnan City,Medium-small-cities,6,甘肃省,19.11,15.59837643,3091.765073,132,14582.572,85,325.662923,104,0.060506596,5376.235932,159,25357.47243,102,566.2916384,125,0.133898857,9962.354123,415,46988.28757,267,1049.358308,326,2.568168865,5152.941788,159,24304.28667,102,542.7715384,125,0.145103782,6011.765419,658,28355.00112,423,633.2334615,517,0.603945471,12882.35447,850,60760.71668,546,1356.928846,668,0.035868591,0.068238612,0.073584216,0.6,0.756,0.234,0.01,0.564,0.396,0.04,1,1,0.02,0.686,0.147,0.147,1,0.74,0.26,0.92,0.08,0.96,0.04,0.15,0.85,1,1,0,0.01,0.99,0.35,0.65
Loudi City,Medium-small-cities,6,湖南省,40.8804,36.53540449,1503.178808,132,16128.47682,85,368.3443709,104,0.198528664,2613.860927,159,28045.62914,102,640.5099338,125,0.290483746,4843.576159,415,51969.53642,267,1186.887417,326,2.788832585,2505.298013,159,26880.7947,102,613.9072848,125,0.232481309,2922.847682,658,31360.92715,423,716.2251656,517,0.834669204,6263.245033,850,67201.98675,546,1534.768212,668,0.047152015,0.039885821,0,0.6,0.704,0.286,0.01,0.476,0.484,0.04,1,1,0.02,0.686,0.147,0.147,1,0.74,0.26,0.92,0.08,0.96,0.04,0.15,0.85,1,1,0,0.01,0.99,0.35,0.65
Luzhou City,Medium-small-cities,6,四川省,73.38,65.73868632,2635.624612,132,14744.91256,85,619.4628291,104,0.134792404,4583.058353,159,25639.76462,102,1077.177031,125,0.474543121,8492.568194,415,47511.38491,267,1996.046894,326,4.904227743,4392.707687,159,24574.85427,102,1032.438048,125,0.384681519,5124.825634,658,28670.66331,423,1204.511056,517,1.743068897,10981.76922,850,61437.13566,546,2581.095121,668,0.041413212,0.054160228,0.378828696,0.6,0.73,0.26,0.01,0.52,0.44,0.04,1,1,0.02,0.686,0.147,0.147,1,0.74,0.26,0.92,0.08,0.96,0.04,0.15,0.85,1,1,0,0.01,0.99,0.35,0.65
Luoyang City,Largecities,6,河南省,119.8284,105.7639602,3912.330431,132,13613.88945,85,473.7801174,104,0.272450935,6803.107917,159,23673.0411,102,823.850982,125,0.591181208,12606.39806,415,43866.97712,267,1526.624823,326,8.593774297,6520.550719,159,22689.81575,102,789.6335291,125,0.295590604,7607.309172,658,26471.45171,423,921.2391172,517,4.311442746,16301.3768,850,56724.53938,546,1974.083823,668,0.020688829,0.023326934,1.079902043,0.6,0.743,0.247,0.01,0.55187,0.39963,0.0485,1,1,0.02,0.471221579,0.466494402,0.042284019,1,0.74,0.26,0.92,0.08,0.96,0.04,0.15,0.85,1,1,0,0.01,0.99,0.35,0.65
Luohe City,Medium-small-cities,6,河南省,36.537,32.24859728,3798.895028,132,13783.42541,85,417.679558,104,0.083073293,6605.856354,159,23967.8453,102,726.2983425,125,0.180257667,12240.88398,415,44413.25967,267,1345.856354,326,2.62033651,6331.491713,159,22972.37569,102,696.1325967,125,0.090128833,7386.740331,658,26801.10497,423,812.1546961,517,1.314606417,15828.72928,850,57430.93923,546,1740.331492,668,0.043592712,0.02682469,0,0.6,0.743,0.247,0.01,0.542,0.418,0.04,1,1,0.02,0.686,0.147,0.147,1,0.74,0.26,0.92,0.08,0.96,0.04,0.15,0.85,1,1,0,0.01,0.99,0.35,0.65
Lüliang City,Medium-small-cities,6,山西省,46,40.71965971,4745.473298,132,12703.75888,85,550.7678203,104,0.079305862,8251.850791,159,22090.42517,102,957.7240431,125,0.234667345,15290.96952,415,40934.33417,267,1774.69631,326,2.8790628,7909.122164,159,21172.93147,102,917.9463672,125,0.082556102,9227.309191,658,24701.75338,423,1070.937428,517,2.004748177,19772.80541,850,52932.32867,546,2294.865918,668,0.019926282,0.032038532,0.07463433,0.6,0.756,0.234,0.01,0.564,0.396,0.04,1,1,0.02,0.686,0.147,0.147,1,0.74,0.26,0.92,0.08,0.96,0.04,0.15,0.85,1,1,0,0.01,0.99,0.35,0.65
Ma'anshan City,Medium-small-cities,6,安徽省,30.7566,26.34183731,4462.56648,132,13009.68226,85,527.7512614,104,0.08409396,7759.907269,159,22622.39193,102,917.7008046,125,0.193382063,14379.38088,415,41920.08728,267,1700.531842,326,2.620190768,7437.6108,159,21682.80376,102,879.5854357,125,0.107926257,8677.212601,658,25296.60439,423,1026.183008,517,1.409169645,18594.027,850,54207.00941,546,2198.963589,668,0.046431827,0.031887998,0,0.6,0.743,0.247,0.01,0.542,0.418,0.04,1,1,0.02,0.686,0.147,0.147,1,0.74,0.26,0.92,0.08,0.96,0.04,0.15,0.85,1,1,0,0.01,0.99,0.35,0.65
Maoming City,Largecities,6,广东省,71.5422,63.51489398,2920.427549,132,14566.75528,85,512.8171662,104,0.158608261,5078.299016,159,25329.96891,102,891.7320724,125,0.540317246,9410.266547,415,46937.32258,267,1652.410869,326,5.676571134,4867.379248,159,24277.92547,102,854.695277,125,0.343445514,5678.609123,658,28324.24639,423,997.1444899,517,1.308363862,12168.44812,850,60694.81369,546,2136.738193,668,0.029631082,0.040660438,0.00E+00,0.6,0.717,0.273,0.01,0.509803684,0.441696316,0.0485,1,1,0.02,0.471221579,0.466494402,0.042284019,1,0.74,0.26,0.92,0.08,0.96,0.04,0.15,0.85,1,0.9,0.1,0.01,0.99,0.35,0.65
Meishan City,Medium-small-cities,6,四川省,59.77,53.54594278,2228.840294,132,15138.4093,85,632.7504038,104,0.109792069,3875.705622,159,26324.01173,102,1100.282647,125,0.386528241,7181.818724,415,48779.31886,267,2038.862412,326,3.994626495,3714.733823,159,25230.68217,102,1054.584006,125,0.313333529,4333.856127,658,29435.79587,423,1230.348007,517,1.419776887,9286.834557,850,63076.70543,546,2636.460016,668,0.048006557,0.048605829,0,0.6,0.717,0.273,0.01,0.498,0.462,0.04,1,1,0.02,0.686,0.147,0.147,1,0.74,0.26,0.92,0.08,0.96,0.04,0.15,0.85,1,1,0,0.01,0.99,0.35,0.65
Meizhou City,Medium-small-cities,6,广东省,57.8645,51.37188377,3350.75983,132,14030.12599,85,619.1141799,104,0.128284952,5826.599038,159,24396.83019,102,1076.570768,125,0.437017415,10796.89279,415,45208.18375,267,1994.923468,326,4.59130346,5584.599717,159,23383.54332,102,1031.856966,125,0.277784342,6515.366336,658,27280.80054,423,1203.833127,517,1.058226064,13961.49929,850,58458.85829,546,2579.642416,668,0.049175995,0.037825439,0.067417586,0.6,0.717,0.273,0.01,0.498,0.462,0.04,1,1,0.02,0.686,0.147,0.147,1,0.74,0.26,0.92,0.08,0.96,0.04,0.15,0.85,1,1,0,0.01,0.99,0.35,0.65
Mianyang City,Medium-small-cities,6,四川省,85.25,76.37262208,2223.80315,132,15206.05291,85,570.1439433,104,0.156596517,3866.946588,159,26441.63644,102,991.4169681,125,0.551305548,7165.587927,415,48997.28159,267,1837.130484,326,5.697539045,3706.338583,159,25343.42151,102,950.2399055,125,0.446907869,4324.06168,658,29567.3251,423,1108.613223,517,2.025028938,9265.846458,850,63358.55378,546,2375.599764,668,0.030689061,0.043333461,3.032735891,0.6,0.73,0.26,0.01,0.52,0.44,0.04,1,1,0.02,0.686,0.147,0.147,1,0.74,0.26,0.92,0.08,0.96,0.04,0.15,0.85,1,1,0,0.01,0.99,0.35,0.65
Mudanjiang City,Medium-small-cities,6,黑龙江省,28.9631,24.6961845,3610.849565,132,13901.63573,85,487.514702,104,0.118525431,6278.866188,159,24173.39991,102,847.7338985,125,0.287847474,11634.95971,415,44794.15958,267,1570.880707,326,2.464764551,6018.082608,159,23169.39289,102,812.5245034,125,0.236486455,7021.096376,658,27030.95837,423,947.945254,517,1.159291593,15045.20652,850,57923.48222,546,2031.311258,668,0.040639292,0.046260102,0.080955533,0.6,0.73,0.26,0.01,0.52,0.44,0.04,1,1,0.02,0.686,0.147,0.147,1,0.74,0.26,0.92,0.08,0.96,0.04,0.15,0.85,1,1,0,0.01,0.99,0.35,0.65
Nagqu City,Medium-small-cities,6,西藏自治区,13.7757,9.001351382,1880.700584,132,15846.17389,85,273.1255256,104,0.072150135,3270.32935,159,27554.73571,102,474.9349417,125,0.106981235,6060.035217,415,51059.89365,267,880.0711379,326,3.092504082,3134.500974,159,26410.28982,102,455.2092093,125,0.462756041,3656.917803,658,30812.00479,423,531.0774108,517,1.039957125,7836.252435,850,66025.72454,546,1138.023023,668,0.057304375,0.067078025,0,0.6,0.743,0.247,0.01,0.542,0.418,0.04,1,1,0.02,0.686,0.147,0.147,1,0.74,0.26,0.92,0.08,0.96,0.04,0.15,0.85,1,1,0,0.01,0.99,0.35,0.65
Nanchang City,Largecities,6,江西省,116.5112,100.1767981,2446.134559,132,14908.48308,85,645.3823652,104,0.272759573,4253.556206,159,25924.19557,102,1122.248224,125,0.590329648,7881.989135,415,48038.44547,267,2079.565399,326,9.451119213,4076.890932,159,24847.47179,102,1075.637275,125,0.744243978,4756.372754,658,28988.71709,423,1254.910155,517,5.27594946,10192.22733,850,62118.67948,546,2689.093188,668,0.051190782,0.024649584,0.950982654,0.6,0.717,0.273,0.01,0.509803684,0.441696316,0.0485,1,1,0.02,0.471221579,0.466494402,0.042284019,1,0.74,0.26,0.92,0.08,0.96,0.04,0.15,0.85,1,1,0,0.01,0.99,0.35,0.65
Nanchong City,Medium-small-cities,6,四川省,83.57,74.8675663,2232.821635,132,15187.67255,85,579.5058185,104,0.15351051,3882.628731,159,26409.67504,102,1007.696229,125,0.54044111,7194.64749,415,48938.05598,267,1867.296526,326,5.585259096,3721.369391,159,25312.78758,102,965.8430309,125,0.43810077,4341.597623,658,29531.58551,423,1126.816869,517,1.985122209,9303.423478,850,63281.96894,546,2414.607577,668,0.037517627,0.055029204,0.40339957,0.6,0.73,0.26,0.01,0.52,0.44,0.04,1,1,0.02,0.686,0.147,0.147,1,0.74,0.26,0.92,0.08,0.96,0.04,0.15,0.85,1,1,0,0.01,0.99,0.35,0.65
Nanjing City,Extra-large-cities,6,江苏省,269.94,249.8792773,7277.461191,132,9801.139713,85,921.3990961,104,0.560038552,12654.6964,159,17043.09295,102,1602.21065,125,1.633327626,23449.59717,415,31581.45019,267,2968.952643,326,9.160529332,12129.10198,159,16335.23286,102,1535.66516,125,1.585121776,14150.61898,658,19057.77166,423,1791.609354,517,7.121705438,30322.75496,850,40838.08214,546,3839.1629,668,0.038579169,0.030084055,1.088075402,0.6,0.744975781,0.219524219,0.0355,0.55403267,0.33646733,0.1095,1,1,0.02,0.014,0.9358125,0.0301875,1,0.74,0.26,0.92,0.08,0.96,0.04,0.15,0.85,1,1,0,0.01,0.99,0.35,0.65
Nanning City,Largecities,6,广西壮族自治区,176.1627,152.8440354,4883.750662,132,12308.89621,85,807.3531301,104,0.433432428,8492.299763,159,21403.80285,102,1403.897387,125,1.029730375,15736.52991,415,39661.99889,267,2601.471197,326,15.05192614,8139.584437,159,20514.82701,102,1345.58855,125,1.302924148,9496.181844,658,23933.96485,423,1569.853308,517,5.500651543,20348.96109,850,51287.06753,546,3363.971375,668,0.058437275,0.030178459,0.84839976,0.6,0.73,0.26,0.01,0.530836842,0.420663158,0.0485,1,1,0.02,0.471221579,0.466494402,0.042284019,1,0.74,0.26,0.92,0.08,0.96,0.04,0.15,0.85,1,1,0,0.01,0.99,0.35,0.65
Nanping City,Medium-small-cities,6,福建省,29.25,25.57729426,3347.172609,132,13388.69044,85,1264.136955,104,0.095389349,5820.361259,159,23281.44504,102,2198.193705,125,0.153658861,10785.33396,415,43141.33585,267,4073.330188,326,2.728308026,5578.621015,159,22314.48406,102,2106.894925,125,0.086756829,6508.391184,658,26033.56474,423,2458.044079,517,0.608592678,13946.55254,850,55786.21015,546,5267.237312,668,0.032009517,0.02884557,5.76E-02,0.6,0.704,0.286,0.01,0.476,0.484,0.04,1,1,0.02,0.686,0.147,0.147,1,0.74,0.26,0.92,0.08,0.96,0.04,0.15,0.85,1,1,0,0.01,0.99,0.35,0.65
Nantong City,Extra-large-cities,6,江苏省,181.23,167.7618042,3129.873106,132,14295.01534,85,575.1115583,104,0.375993876,5442.501567,159,24857.44333,102,1000.055099,125,1.096569481,10085.14667,415,46061.71608,267,1853.137244,326,6.150117548,5216.455176,159,23825.02556,102,958.5192639,125,1.064205451,6085.864372,658,27795.86315,423,1118.272475,517,4.781309463,13041.13794,850,59562.5639,546,2396.29816,668,0.025264309,0.02634498,0.269900257,0.6,0.733421875,0.231078125,0.0355,0.536323864,0.354176136,0.1095,1,1,0.02,0.014,0.9358125,0.0301875,1,0.74,0.26,0.92,0.08,0.96,0.04,0.15,0.85,1,0.9,0.1,0.01,0.99,0.35,0.65
Nanyang City,Largecities,6,河南省,114.3854,100.9598133,3139.654786,132,14505.26788,85,355.0773369,104,0.260075318,5459.510822,159,25223.04914,102,617.4400359,125,0.564327813,10116.66542,415,46739.19649,267,1144.138086,326,8.203416807,5232.757977,159,24175.44646,102,591.7955615,125,0.282163906,6104.884306,658,28204.68754,423,690.4281551,517,4.115602838,13081.89494,850,60438.61615,546,1479.488904,668,0.035080954,0.02696622,0.403430646,0.6,0.756,0.234,0.01,0.572903158,0.378596842,0.0485,1,1,0.02,0.471221579,0.466494402,0.042284019,1,0.74,0.26,0.92,0.08,0.96,0.04,0.15,0.85,1,1,0,0.01,0.99,0.35,0.65
Neijiang City,Medium-small-cities,6,四川省,47.01,42.1146858,1365.546549,132,16199.57504,85,434.8784135,104,0.086353106,2374.533722,159,28169.26104,102,756.2052412,125,0.30401025,4400.094436,415,52198.63068,267,1401.274888,326,3.141833554,2275.910915,159,26999.29173,102,724.7973558,125,0.246441512,2655.229401,658,31499.17368,423,845.5969151,517,1.116675781,5689.777288,850,67498.22932,546,1811.993389,668,0.108986066,0.051500375,0,0.6,0.73,0.26,0.01,0.52,0.44,0.04,1,1,0.02,0.686,0.147,0.147,1,0.74,0.26,0.92,0.08,0.96,0.04,0.15,0.85,1,1,0,0.01,0.99,0.35,0.65
Ningbo City,Extra-large-cities,6,浙江省,277.0211,250.5567161,5973.626374,132,11129.14286,85,897.2307692,104,0.535377598,10387.47253,159,19352.34286,102,1560.184615,125,1.254791246,19248.35165,415,35860.57143,267,2891.076923,326,19.69687646,9956.043956,159,18548.57143,102,1495.384615,125,0.654164503,11615.38462,658,21640,423,1744.615385,517,4.323174108,24890.10989,850,46371.42857,546,3738.461538,668,0.031678916,0.027023529,0.709686532,0.6,0.710314063,0.254185938,0.0355,0.50090625,0.38959375,0.1095,1,1,0.02,0.014,0.9358125,0.0301875,1,0.74,0.26,0.92,0.08,0.96,0.04,0.15,0.85,1,0.9,0.1,0.01,0.99,0.35,0.65
Ningde City,Medium-small-cities,6,福建省,27.78,24.29187126,3955.652857,132,13416.97402,85,627.3731199,104,0.090595423,6878.440801,159,23330.62705,102,1090.932147,125,0.145936518,12745.99254,415,43232.47185,267,2021.535609,326,2.591193059,6592.754761,159,22361.62337,102,1045.621867,125,0.082396742,7691.547221,658,26088.5606,423,1219.892178,517,0.578006995,16481.8869,850,55904.05843,546,2614.054666,668,0.020696204,0.023770514,0,0.6,0.717,0.273,0.01,0.498,0.462,0.04,1,1,0.02,0.686,0.147,0.147,1,0.74,0.26,0.92,0.08,0.96,0.04,0.15,0.85,1,0.9,0.1,0.01,0.99,0.35,0.65
Panzhihua City,Medium-small-cities,6,四川省,25.2,22.57583667,2394.851291,132,14988.93276,85,616.2159532,104,0.046290114,4164.3803,159,26064.08863,102,1071.531074,125,0.162966567,7716.743048,415,48297.67221,267,1985.584738,326,1.684199225,3991.418818,159,24981.55459,102,1027.026589,125,0.13210649,4656.655288,658,29145.14703,423,1198.197687,517,0.598600929,9978.547045,850,62453.88648,546,2567.566471,668,0.084571479,0.073027207,0.151940132,0.6,0.73,0.26,0.01,0.52,0.44,0.04,1,1,0.02,0.686,0.147,0.147,1,0.74,0.26,0.92,0.08,0.96,0.04,0.15,0.85,1,1,0,0.01,0.99,0.35,0.65
Panjin City,Medium-small-cities,6,辽宁省,36.0316,31.37697702,3393.777463,132,14104.7176,85,501.5049333,104,0.169014401,5901.401922,159,24526.53672,102,872.0613562,125,0.315325375,10935.50516,415,45448.5345,267,1615.960341,326,2.610053241,5656.295772,159,23507.86267,102,835.8415555,125,0.186672622,6599.011734,658,27425.83978,423,975.1484814,517,1.373557335,14140.73943,850,58769.65668,546,2089.603889,668,0.029898489,0.03629577,0,0.6,0.756,0.234,0.01,0.564,0.396,0.04,1,1,0.02,0.686,0.147,0.147,1,0.74,0.26,0.92,0.08,0.96,0.04,0.15,0.85,1,0.9,0.1,0.01,0.99,0.35,0.65
Pingdingshan City,Medium-small-cities,6,河南省,71.3472,62.97307167,4066.522151,132,13382.33302,85,551.1448313,104,0.162220403,7071.230186,159,23270.39019,102,958.3796234,125,0.351996053,13103.23804,415,43120.85083,267,1775.911123,326,5.116831515,6777.536919,159,22303.88836,102,918.5747189,125,0.175998027,7907.126406,658,26021.20309,423,1071.670505,517,2.567082327,16943.8423,850,55759.72091,546,2296.436797,668,0.026886401,0.026077906,0,0.6,0.743,0.247,0.01,0.542,0.418,0.04,1,1,0.02,0.686,0.147,0.147,1,0.74,0.26,0.92,0.08,0.96,0.04,0.15,0.85,1,1,0,0.01,0.99,0.35,0.65
Pingliang City,Medium-small-cities,6,甘肃省,23.89,19.50001114,3125.07054,132,14260.15181,85,614.7776497,104,0.075641161,5434.150439,159,24796.81954,102,1069.030024,125,0.167391088,10069.67174,415,45949.37806,267,1980.950205,326,3.210547054,5208.4509,159,23766.91968,102,1024.629416,125,0.18139871,6076.52605,658,27728.07296,423,1195.400986,517,0.755010847,13021.12725,850,59417.29921,546,2561.573541,668,0.052796656,0.049328554,0,0.6,0.756,0.234,0.01,0.564,0.396,0.04,1,1,0.02,0.686,0.147,0.147,1,0.74,0.26,0.92,0.08,0.96,0.04,0.15,0.85,1,1,0,0.01,0.99,0.35,0.65
Pingxiang City,Medium-small-cities,6,江西省,24.34,20.92762985,2369.365776,132,15418.82728,85,211.8069406,104,0.056981372,4120.063821,159,26811.62744,102,368.3087355,125,0.123323969,7634.623055,415,49682.88791,267,682.4890307,326,1.974404535,3948.94296,159,25698.04547,102,353.0115676,125,0.155477743,4607.10012,658,29981.05305,423,411.8468289,517,1.102182536,9872.357399,850,64245.11368,546,882.528919,668,0.074356635,0.038209447,0,0.6,0.704,0.286,0.01,0.476,0.484,0.04,1,1,0.02,0.686,0.147,0.147,1,0.74,0.26,0.92,0.08,0.96,0.04,0.15,0.85,1,1,0,0.01,0.99,0.35,0.65
Putian City,Medium-small-cities,6,福建省,38.77,33.90193841,2922.184925,132,14355.50809,85,722.3069881,104,0.126435728,5081.354898,159,24962.63351,102,1256.011596,125,0.203670223,9415.929204,415,46256.63717,267,2327.433628,326,3.616290672,4870.308209,159,23925.84681,102,1203.84498,125,0.114993581,5682.026244,658,27913.48795,423,1404.48581,517,0.806671389,12175.77052,850,59814.61703,546,3009.61245,668,0.018905428,0.020232316,0,0.6,0.73,0.26,0.01,0.52,0.44,0.04,1,1,0.02,0.686,0.147,0.147,1,0.74,0.26,0.92,0.08,0.96,0.04,0.15,0.85,1,0.9,0.1,0.01,0.99,0.35,0.65
Puyang City,Medium-small-cities,6,河南省,68.6431,60.58635596,5197.01963,132,12240.72217,85,562.2582032,104,0.156072157,9037.039691,159,21285.25577,102,977.7045422,125,0.3386552,16745.95214,415,39442.32698,267,1811.720877,326,4.922900652,8661.699384,159,20401.20361,102,937.0970053,125,0.1693276,10105.31595,658,23801.40421,423,1093.27984,517,2.469788427,21654.24846,850,51003.00903,546,2342.742513,668,0.033675304,0.028357153,0,0.6,0.756,0.234,0.01,0.564,0.396,0.04,1,1,0.02,0.686,0.147,0.147,1,0.74,0.26,0.92,0.08,0.96,0.04,0.15,0.85,1,1,0,0.01,0.99,0.35,0.65
Pu'er City,Medium-small-cities,6,云南省,29.6,25.16376529,1452.67353,132,16375.45666,85,171.8698107,104,0.082916531,2526.037861,159,28475.09963,102,298.8625042,125,0.126577893,4680.836931,415,52765.36035,267,553.8027233,326,3.382353578,2421.122551,159,27292.42776,102,286.4496845,125,0.199480351,2824.642976,658,31841.16573,423,334.1912986,517,0.644906355,6052.806377,850,68231.06941,546,716.1242112,668,0.063668538,0.045026719,0.287570516,0.6,0.73,0.26,0.01,0.52,0.44,0.04,1,1,0.02,0.686,0.147,0.147,1,0.74,0.26,0.92,0.08,0.96,0.04,0.15,0.85,1,1,0,0.01,0.99,0.35,0.65
Qitaihe City,Medium-small-cities,6,黑龙江省,14.1179,12.03801607,3791.540327,132,13598.68505,85,609.7746234,104,0.057774554,6593.067346,159,23646.60234,102,1060.330317,125,0.140309631,12217.1855,415,43817.98516,267,1964.829342,326,1.201435601,6319.233878,159,22664.47508,102,1016.291039,125,0.115273991,7372.439524,658,26441.8876,423,1185.672879,517,0.565090159,15798.08469,850,56661.18771,546,2540.727598,668,0.042367021,0.063937343,0,0.6,0.743,0.247,0.01,0.542,0.418,0.04,1,1,0.02,0.686,0.147,0.147,1,0.74,0.26,0.92,0.08,0.96,0.04,0.15,0.85,1,1,0,0.01,0.99,0.35,0.65
Qiqihar City,Medium-small-cities,6,黑龙江省,7.8219,6.669558352,2939.433873,132,14479.93477,85,580.6313567,104,0.03200949,5111.348901,159,25178.99768,102,1009.653415,125,0.077737333,9471.509146,415,46657.56759,267,1870.92326,326,0.66564497,4899.056455,159,24133.22462,102,967.7189278,125,0.063866554,5715.565864,658,28155.42872,423,1129.005416,517,0.3130833,12247.64114,850,60333.06154,546,2419.297319,668,0.034874471,0.05103417,0.044367916,0.6,0.743,0.247,0.01,0.542,0.418,0.04,1,1,0.02,0.686,0.147,0.147,1,0.74,0.26,0.92,0.08,0.96,0.04,0.15,0.85,1,1,0,0.01,0.99,0.35,0.65
Qinzhou City,Medium-small-cities,6,广西壮族自治区,75.1807,65.22902731,3499.455826,132,13639.54465,85,860.9995198,104,0.184975329,6085.164853,159,23717.65265,102,1497.182498,125,0.439456539,11276.02433,415,43949.64389,267,2774.331786,326,6.423688691,5832.426376,159,22732.57442,102,1434.9992,125,0.556047049,6804.497439,658,26521.33683,423,1674.165733,517,2.347505082,14581.06594,850,56831.43606,546,3587.497999,668,0.040815014,0.044040855,0,0.6,0.73,0.26,0.01,0.52,0.44,0.04,1,1,0.02,0.686,0.147,0.147,1,0.74,0.26,0.92,0.08,0.96,0.04,0.15,0.85,1,0.9,0.1,0.01,0.99,0.35,0.65
Qinhuangdao City,Medium-small-cities,6,河北省,71.2,61.65566519,3813.279264,132,13485.09549,85,701.6252489,104,0.095465045,6630.868942,159,23449.08271,102,1220.04835,125,0.292904114,12287.23318,415,43451.97435,267,2260.792469,326,5.83898928,6355.46544,159,22475.15915,102,1169.375415,125,0.191797953,7414.709679,658,26221.019,423,1364.271317,517,3.125178418,15888.6636,850,56187.89786,546,2923.438537,668,0.032758675,0.037494384,0.219407489,0.6,0.743,0.247,0.01,0.542,0.418,0.04,1,1,0.02,0.686,0.147,0.147,1,0.74,0.26,0.92,0.08,0.96,0.04,0.15,0.85,1,0.9,0.1,0.01,0.99,0.35,0.65
Qingdao City,Extra-large-cities,6,山东省,291.0938,255.9918243,6001.288464,132,11124.7394,85,873.972137,104,0.502190311,10435.57383,159,19344.68573,102,1519.740438,125,1.658104669,19337.48505,415,35846.38251,267,2816.132441,326,21.3324433,10002.14744,159,18541.23233,102,1456.620228,125,1.000623588,11669.17201,658,21631.43772,423,1699.390266,517,10.60861379,25005.3686,850,46353.08083,546,3641.550571,668,0.034585789,0.027026533,1.78149401,0.6,0.756529688,0.207970313,0.0355,0.571741477,0.318758523,0.1095,1,1,0.02,0.014,0.9358125,0.0301875,1,0.74,0.26,0.92,0.08,0.96,0.04,0.15,0.85,1,0.9,0.1,0.01,0.99,0.35,0.65
Qingyuan City,Medium-small-cities,6,广东省,68.8998,61.16898128,2973.07071,132,14433.07097,85,593.8583224,104,0.152750089,5169.839624,159,25097.50674,102,1032.653638,125,0.520360713,9579.894511,415,46506.56201,267,1913.543483,326,5.466907865,4955.11785,159,24055.11828,102,989.7638706,125,0.330760407,5780.970826,658,28064.30466,423,1154.724516,517,1.260039647,12387.79463,850,60137.7957,546,2474.409677,668,0.030862717,0.045106566,0,0.6,0.704,0.286,0.01,0.476,0.484,0.04,1,1,0.02,0.686,0.147,0.147,1,0.74,0.26,0.92,0.08,0.96,0.04,0.15,0.85,1,1,0,0.01,0.99,0.35,0.65
Qingyang City,Medium-small-cities,6,甘肃省,31.7,25.87485781,2975.093417,132,14482.95058,85,541.9560024,104,0.100369393,5173.356885,159,25184.24184,102,942.4012709,125,0.22211375,9586.41212,415,46667.28521,267,1746.302674,326,4.260123131,4958.489028,159,24138.25097,102,903.260004,125,0.240700674,5784.903866,658,28161.2928,423,1053.803338,517,1.001835239,12396.22257,850,60345.62742,546,2258.15001,668,0.062338801,0.053926989,0.384620314,0.6,0.756,0.234,0.01,0.564,0.396,0.04,1,1,0.02,0.686,0.147,0.147,1,0.74,0.26,0.92,0.08,0.96,0.04,0.15,0.85,1,1,0,0.01,0.99,0.35,0.65
Qujing City,Medium-small-cities,6,云南省,76.69,65.19625541,1324.827586,132,16129.65517,85,545.5172414,104,0.214826648,2303.727969,159,28047.67816,102,948.5938697,125,0.327947927,4268.888889,415,51973.33333,267,1757.777778,326,8.763266753,2208.045977,159,26882.75862,102,909.1954023,125,0.516829328,2576.05364,658,31363.21839,423,1060.727969,517,1.670873931,5520.114943,850,67206.89655,546,2272.988506,668,0.051355372,0.033458765,0,0.6,0.73,0.26,0.01,0.52,0.44,0.04,1,1,0.02,0.686,0.147,0.147,1,0.74,0.26,0.92,0.08,0.96,0.04,0.15,0.85,1,1,0,0.01,0.99,0.35,0.65
Quzhou City,Medium-small-cities,6,浙江省,46.658,42.20066724,3134.733897,132,14216.72344,85,648.5426617,104,0.090172366,5450.953943,159,24721.30243,102,1127.743628,125,0.211341483,10100.80922,415,45809.4422,267,2089.748576,326,3.317497699,5224.556495,159,23694.53907,102,1080.904436,125,0.11017936,6095.31591,658,27643.62891,423,1261.055175,517,0.728141855,13061.39124,850,59236.34767,546,2702.26109,668,0.034496285,0.035056923,0.071429732,0.6,0.704,0.286,0.01,0.476,0.484,0.04,1,1,0.02,0.686,0.147,0.147,1,0.74,0.26,0.92,0.08,0.96,0.04,0.15,0.85,1,1,0,0.01,0.99,0.35,0.65
Quanzhou City,Extra-large-cities,6,福建省,160.18,140.0673844,3106.877114,132,14230.55242,85,662.5704622,104,0.522374902,5402.514092,159,24745.34949,102,1152.136415,125,0.841472693,10011.04848,415,45854.00225,267,2134.949267,326,14.94086768,5178.128523,159,23717.58737,102,1104.284104,125,0.475101155,6041.149944,658,27670.5186,423,1288.331454,517,3.33279915,12945.32131,850,59293.96843,546,2760.710259,668,0.026410664,0.021097819,0.421934391,0.6,0.721867969,0.242632031,0.0355,0.518615057,0.371884943,0.1095,1,1,0.02,0.014,0.9358125,0.0301875,1,0.74,0.26,0.92,0.08,0.96,0.04,0.15,0.85,1,0.9,0.1,0.01,0.99,0.35,0.65
Shigatse City,Medium-small-cities,6,西藏自治区,13.6951,8.948685534,1749.551761,132,15964.62293,85,285.8253076,104,0.071727993,3042.276117,159,27760.70543,102,497.0184516,125,0.106355301,5637.444563,415,51441.56278,267,920.9926579,326,3.074410204,2915.919601,159,26607.70489,102,476.3755127,125,0.46004851,3401.906202,658,31042.32237,423,555.7714315,517,1.033872458,7289.799003,850,66519.26222,546,1190.938782,668,0.099269782,0.071473667,0.09849303,0.6,0.704,0.286,0.01,0.476,0.484,0.04,1,1,0.02,0.686,0.147,0.147,1,0.74,0.26,0.92,0.08,0.96,0.04,0.15,0.85,1,1,0,0.01,0.99,0.35,0.65
Rizhao City,Medium-small-cities,6,山东省,70.3935,61.90499587,3909.934142,132,13478.50295,85,611.562911,104,0.121441727,6798.941036,159,23437.61901,102,1063.439951,125,0.400969691,12598.67668,415,43430.73172,267,1970.591602,326,5.158699181,6516.556903,159,22464.17158,102,1019.271518,125,0.241974912,7602.64972,658,26208.20017,423,1189.150105,517,2.56541862,16291.39226,850,56160.42895,546,2548.178796,668,0.025474901,0.025945959,1.35800812,0.6,0.743,0.247,0.01,0.542,0.418,0.04,1,1,0.02,0.686,0.147,0.147,1,0.74,0.26,0.92,0.08,0.96,0.04,0.15,0.85,1,0.9,0.1,0.01,0.99,0.35,0.65
Sanmenxia City,Medium-small-cities,6,河南省,32.4525,28.6435012,3797.513321,132,13642.98401,85,559.5026643,104,0.073786464,6603.45372,159,23723.63331,102,972.9129663,125,0.16010652,12236.43181,415,43960.72627,267,1802.841918,326,2.327407028,6329.188869,159,22738.30669,102,932.5044405,125,0.08005326,7384.053681,658,26528.02447,423,1087.921847,517,1.167645531,15822.97217,850,56845.76673,546,2331.261101,668,0.02380902,0.031075164,0,0.6,0.743,0.247,0.01,0.542,0.418,0.04,1,1,0.02,0.686,0.147,0.147,1,0.74,0.26,0.92,0.08,0.96,0.04,0.15,0.85,1,1,0,0.01,0.99,0.35,0.65
Sanming City,Medium-small-cities,6,福建省,31.08,27.17751472,3363.313656,132,13931.99095,85,704.6953918,104,0.101357298,5848.428746,159,24226.18427,102,1225.386987,125,0.163272389,10837.344,415,44891.97085,267,2270.685151,326,2.899002169,5605.522759,159,23219.98492,102,1174.49232,125,0.092184692,6539.776553,658,27089.98241,423,1370.24104,517,0.646668733,14013.8069,850,58049.9623,546,2936.230799,668,0.023606852,0.025035918,0.017519661,0.6,0.704,0.286,0.01,0.476,0.484,0.04,1,1,0.02,0.686,0.147,0.147,1,0.74,0.26,0.92,0.08,0.96,0.04,0.15,0.85,1,1,0,0.01,0.99,0.35,0.65
Sanya City,Medium-small-cities,6,海南省,21.6115,18.57366902,2083.773391,132,14984.15791,85,932.0687003,104,0.090232603,3623.450397,159,26055.7857,102,1620.763907,125,0.264365697,6714.380928,415,48282.28659,267,3003.332479,326,2.214656351,3472.955652,159,24973.59651,102,1553.447834,125,0.178882178,4051.781594,658,29135.8626,423,1812.355806,517,0.289694147,8682.389131,850,62433.99128,546,3883.619585,668,0.034708028,0.03972381,1.47416744,0.6,0.73,0.26,0.01,0.52,0.44,0.04,1,1,0.02,0.686,0.147,0.147,1,0.74,0.26,0.92,0.08,0.96,0.04,0.15,0.85,1,0.9,0.1,0.01,0.99,0.35,0.65
Xiamen City,Largecities,6,福建省,140.53,122.8846893,6883.963849,132,10081.11177,85,1034.924383,104,0.458292827,11970.44825,159,17529.93324,102,1799.618511,125,0.738245459,22181.66129,415,32483.58236,267,3334.756347,326,13.10800434,11473.27308,159,16801.85295,102,1724.873972,125,0.416818363,13385.48526,658,19602.16177,423,2012.352968,517,2.92394971,28683.18271,850,42004.63236,546,4312.184931,668,0.023482303,0.024649116,2.392694479,0.6,0.73,0.26,0.01,0.530836842,0.420663158,0.0485,1,1,0.02,0.471221579,0.466494402,0.042284019,1,0.74,0.26,0.92,0.08,0.96,0.04,0.15,0.85,1,0.9,0.1,0.01,0.99,0.35,0.65
Shannan City,Medium-small-cities,6,西藏自治区,13.6951,8.948685534,2495.666996,132,15294.68369,85,209.6493101,104,0.071727993,4339.687609,159,26595.75554,102,364.5568559,125,0.106355301,8041.593652,415,49282.86968,267,675.5366658,326,3.074410204,4159.444993,159,25491.13949,102,349.4155168,125,0.46004851,4852.685825,658,29739.66274,423,407.6514363,517,1.033872458,10398.61248,850,63727.84873,546,873.538792,668,0.156832899,0.054355197,0,0.6,0.717,0.273,0.01,0.498,0.462,0.04,1,1,0.02,0.686,0.147,0.147,1,0.74,0.26,0.92,0.08,0.96,0.04,0.15,0.85,1,1,0,0.01,0.99,0.35,0.65
Shantou City,Medium-small-cities,6,广东省,79.0098,70.14460096,6190.96145,132,10590.06079,85,1218.977765,104,0.175163847,10765.39408,159,18414.93903,102,2119.666891,125,0.59671575,19948.65356,415,34123.5292,267,3927.817243,326,6.269093626,10318.26908,159,17650.10131,102,2031.629608,125,0.379294477,12037.9806,658,20591.78486,423,2370.234543,517,1.444931342,25795.67271,850,44125.25327,546,5079.074021,668,0.034399702,0.031691449,0,0.6,0.717,0.273,0.01,0.498,0.462,0.04,1,1,0.02,0.686,0.147,0.147,1,0.74,0.26,0.92,0.08,0.96,0.04,0.15,0.85,1,0.9,0.1,0.01,0.99,0.35,0.65
Shanwei City,Medium-small-cities,6,广东省,28.4348,25.24430766,3786.803785,132,13533.71399,85,679.4822228,104,0.063039635,6584.831026,159,23533.62489,102,1181.544087,125,0.214751752,12201.92331,415,43608.63397,267,2189.442718,326,2.256181175,6311.339642,159,22556.18999,102,1132.470371,125,0.136504112,7363.229582,658,26315.55498,423,1321.215433,517,0.520015666,15778.3491,850,56390.47497,546,2831.175928,668,0.050736155,0.037081916,0,0.6,0.717,0.273,0.01,0.498,0.462,0.04,1,1,0.02,0.686,0.147,0.147,1,0.74,0.26,0.92,0.08,0.96,0.04,0.15,0.85,1,0.9,0.1,0.01,0.99,0.35,0.65
Shangluo City,Medium-small-cities,6,陕西省,10.6124,9.516446099,2012.406417,132,15408.77005,85,578.8235294,104,0.027189394,3499.351159,159,26794.13904,102,1006.509804,125,0.067499252,6484.420677,415,49650.48128,267,1865.098039,326,0.697439581,3354.010695,159,25681.28342,102,964.7058824,125,0.026082849,3913.012478,658,29961.49733,423,1125.490196,517,0.277742825,8385.026738,850,64203.20856,546,2411.764706,668,0.091976069,0.056096276,0,0.6,0.743,0.247,0.01,0.542,0.418,0.04,1,1,0.02,0.686,0.147,0.147,1,0.74,0.26,0.92,0.08,0.96,0.04,0.15,0.85,1,1,0,0.01,0.99,0.35,0.65
Shangqiu City,Medium-small-cities,6,河南省,111.034,98.00177218,2444.221186,132,15186.14371,85,369.6351069,104,0.252455321,4250.229063,159,26407.01656,102,642.7543803,125,0.547793463,7875.823823,415,48933.12972,267,1191.046456,326,7.963063308,4073.701977,159,25310.23951,102,616.0585115,125,0.273896732,4752.652307,658,29528.61276,423,718.7349301,517,3.995018993,10184.25494,850,63275.59878,546,1540.146279,668,0.021454342,0.027675533,0,0.6,0.756,0.234,0.01,0.564,0.396,0.04,1,1,0.02,0.686,0.147,0.147,1,0.74,0.26,0.92,0.08,0.96,0.04,0.15,0.85,1,1,0,0.01,0.99,0.35,0.65
Shanghai,Megacities,6,上海市,411.22,370.8034168,9438.098888,132,7395.937141,85,1165.963971,104,2.437984255,16411.80529,159,12860.71292,102,2027.481794,125,4.945910681,30411.65197,415,23831.35301,267,3756.995017,326,7.733605793,15730.16481,159,12326.5619,102,1943.273285,125,4.566224609,18351.85895,658,14380.98888,423,2267.152166,517,20.73285791,39325.41204,850,30816.40475,546,4858.183212,668,0.063685582,0.037783668,12.09272812,0.6,0.523410821,0.190089179,0.2865,0.423438158,0.193061842,0.3835,1,1,0.02,0.121363934,0.519066128,0.339569937,1,0.74,0.26,0.92,0.08,0.96,0.04,0.15,0.85,1,0.9,0.1,0.01,0.99,0.35,0.65
Shangrao City,Medium-small-cities,6,江西省,67.1715,57.75432572,3042.689076,132,14499.4958,85,457.8151261,104,0.157252433,5290.898226,159,25213.01214,102,796.0896359,125,0.340339194,9804.220355,415,46720.59757,267,1475.182073,326,5.448796804,5071.148459,159,24165.82633,102,763.0252101,125,0.429074496,5916.339869,658,28193.46405,423,890.1960784,517,3.041711347,12677.87115,850,60414.56583,546,1907.563025,668,0.03364078,0.042511182,0.041045049,0.6,0.704,0.286,0.01,0.476,0.484,0.04,1,1,0.02,0.686,0.147,0.147,1,0.74,0.26,0.92,0.08,0.96,0.04,0.15,0.85,1,1,0,0.01,0.99,0.35,0.65
Shaoguan City,Medium-small-cities,6,广东省,42.2016,37.46642052,2658.982089,132,14607.9092,85,733.1087072,104,0.093560477,4623.67441,159,25401.531,102,1274.794585,125,0.318724505,8567.831176,415,47069.92966,267,2362.239168,326,3.348518558,4431.636815,159,24346.51534,102,1221.847845,125,0.202593018,5170.242951,658,28404.2679,423,1425.489153,517,0.771782925,11079.09204,850,60866.28835,546,3054.619613,668,0.056051838,0.046233189,0,0.6,0.704,0.286,0.01,0.476,0.484,0.04,1,1,0.02,0.686,0.147,0.147,1,0.74,0.26,0.92,0.08,0.96,0.04,0.15,0.85,1,1,0,0.01,0.99,0.35,0.65
Shaoyang City,Medium-small-cities,6,湖南省,60.6648,54.2170088,1754.173124,132,15781.97919,85,463.8476865,104,0.294608215,3050.312154,159,27443.10826,102,806.5795882,125,0.431065702,5652.335621,415,50853.04406,267,1494.620323,326,4.138510655,2923.621873,159,26303.29865,102,773.0794775,125,0.344992518,3410.892185,658,30687.18176,423,901.9260571,517,1.238614112,7309.054682,850,65758.24662,546,1932.698694,668,0.02290622,0.037452188,0.030039948,0.6,0.717,0.273,0.01,0.498,0.462,0.04,1,1,0.02,0.686,0.147,0.147,1,0.74,0.26,0.92,0.08,0.96,0.04,0.15,0.85,1,1,0,0.01,0.99,0.35,0.65
Shaoxing City,Largecities,6,浙江省,153.3721,138.7201542,3431.813224,132,13792.28418,85,775.9026008,104,0.296410586,5967.541883,159,23983.24971,102,1349.208411,125,0.694712311,11058.06483,415,44441.80457,267,2500.130603,326,10.90513071,5719.688706,159,22987.14029,102,1293.171001,125,0.362176685,6672.970157,658,26818.33034,423,1508.699502,517,2.393515482,14299.22177,850,57467.85073,546,3232.927503,668,0.031683566,0.016875167,0,0.6,0.717,0.273,0.01,0.509803684,0.441696316,0.0485,1,1,0.02,0.471221579,0.466494402,0.042284019,1,0.74,0.26,0.92,0.08,0.96,0.04,0.15,0.85,1,1,0,0.01,0.99,0.35,0.65
Shenzhen City,Megacities,6,广东省,341.4152,303.1071204,7346.938776,132,220.4081633,85,10432.65306,104,0.756913696,12775.5102,159,383.2653061,102,18141.22449,125,2.578513389,23673.46939,415,710.2040816,267,33616.32653,326,27.08985283,12244.89796,159,367.3469388,102,17387.7551,125,1.638997945,14285.71429,658,428.5714286,423,20285.71429,517,6.243801696,30612.2449,850,918.3673469,546,43469.38776,668,0.040621286,0.041605159,3.104661833,0.6,0.523410821,0.190089179,0.2865,0.423438158,0.193061842,0.3835,1,1,0.02,0.121363934,0.519066128,0.339569937,1,0.74,0.26,0.92,0.08,0.96,0.04,0.15,0.85,1,0.9,0.1,0.01,0.99,0.35,0.65
Shenyang City,Largecities,6,辽宁省,257.9958,224.6674666,8851.440803,132,8253.63914,85,894.920057,104,1.210187881,15391.67206,159,14352.16139,102,1556.166544,125,2.257813211,28521.30925,415,26595.05945,267,2883.631295,326,18.68867255,14752.40134,159,13756.06523,102,1491.533428,125,1.336625421,17211.13489,658,16048.74277,423,1740.122333,517,9.835034347,36881.00334,850,34390.16309,546,3728.833571,668,0.037870462,0.029326618,1.092464215,0.6,0.743,0.247,0.01,0.55187,0.39963,0.0485,1,1,0.02,0.471221579,0.466494402,0.042284019,1,0.74,0.26,0.92,0.08,0.96,0.04,0.15,0.85,1,1,0,0.01,0.99,0.35,0.65
Shiyan City,Medium-small-cities,6,湖北省,39.0369,34.3656815,2256.822231,132,15446.65687,85,296.5208965,104,0.126347771,3924.363102,159,26860.02001,102,515.6168923,125,0.280975549,7271.982745,415,49772.56103,267,955.4562221,326,2.908735512,3761.370385,159,25744.42812,102,494.2014942,125,0.265011029,4388.26545,658,30035.16614,423,576.5684099,517,1.090148639,9403.425964,850,64361.0703,546,1235.503735,668,0.033212151,0.028419681,0.114499494,0.6,0.743,0.247,0.01,0.542,0.418,0.04,1,1,0.02,0.686,0.147,0.147,1,0.74,0.26,0.92,0.08,0.96,0.04,0.15,0.85,1,1,0,0.01,0.99,0.35,0.65
Shijiazhuang City,Largecities,6,河北省,287.6,249.0473217,3893.337501,132,13427.64833,85,679.0141721,104,0.385614422,6770.081322,159,23349.18848,102,1180.730199,125,1.183135159,12545.19862,415,43266.86683,267,2187.934555,326,23.58558029,6488.895836,159,22379.41388,102,1131.690287,125,0.77473443,7570.378475,658,26109.31619,423,1320.305335,517,12.62361395,16222.23959,850,55948.53469,546,2829.225717,668,0.037287464,0.02676536,0.506575024,0.6,0.756,0.234,0.01,0.572903158,0.378596842,0.0485,1,1,0.02,0.471221579,0.466494402,0.042284019,1,0.74,0.26,0.92,0.08,0.96,0.04,0.15,0.85,1,1,0,0.01,0.99,0.35,0.65
Shizuishan City,Medium-small-cities,6,宁夏回族自治区,12.2,9.498921712,3689.368015,132,13739.29804,85,571.3339425,104,0.028801123,6415.401048,159,23891.11271,102,993.4862445,125,0.077062464,11887.9636,415,44271.07147,267,1840.964926,326,1.918777515,6148.946692,159,22898.83007,102,952.2232375,125,0.063829516,7173.77114,658,26715.30175,423,1110.92711,517,0.612607669,15372.36673,850,57247.07518,546,2380.558094,668,0.088039073,0.058598569,0,0.6,0.756,0.234,0.01,0.564,0.396,0.04,1,1,0.02,0.686,0.147,0.147,1,0.74,0.26,0.92,0.08,0.96,0.04,0.15,0.85,1,1,0,0.01,0.99,0.35,0.65
Shuangyashan City,Medium-small-cities,6,黑龙江省,22.4332,19.12828551,3381.130226,132,14167.54062,85,451.3291519,104,0.09180318,5879.409781,159,24635.77897,102,784.8112475,125,0.222950581,10894.75295,415,45650.96423,267,1454.282823,326,1.909068992,5635.217043,159,23612.5677,102,752.2152532,125,0.183169203,6574.419883,658,27547.99565,423,877.5844621,517,0.897922535,14088.04261,850,59031.41926,546,1880.538133,668,0.044904301,0.064191718,0,0.6,0.743,0.247,0.01,0.542,0.418,0.04,1,1,0.02,0.686,0.147,0.147,1,0.74,0.26,0.92,0.08,0.96,0.04,0.15,0.85,1,1,0,0.01,0.99,0.35,0.65
Shuozhou City,Medium-small-cities,6,山西省,25.9063,22.93251566,4929.133858,132,12278.21522,85,792.6509186,104,0.04466351,8571.216098,159,21350.45203,102,1378.331875,125,0.132160057,15882.76465,415,39563.13794,267,2554.097404,326,1.62143184,8215.223097,159,20463.69204,102,1321.084864,125,0.046493981,9584.426947,658,23874.30738,423,1541.265675,517,1.12903495,20538.05774,850,51159.2301,546,3302.712161,668,0.036615902,0.042600682,0,0.6,0.756,0.234,0.01,0.564,0.396,0.04,1,1,0.02,0.686,0.147,0.147,1,0.74,0.26,0.92,0.08,0.96,0.04,0.15,0.85,1,1,0,0.01,0.99,0.35,0.65
Siping City,Medium-small-cities,6,吉林省,42.0783,37.21748885,2710.471766,132,15289.52823,85,0,104,0.125573297,4713.209238,159,26586.79076,102,0,125,0.338298212,8733.742359,415,49266.25764,267,0,326,2.794474424,4517.452944,159,25482.54706,102,0,125,0.171491891,5270.361768,658,29729.63823,423,0,517,1.430973322,11293.63236,850,63706.36764,546,0,668,0.031540284,0.043173149,0,0.6,0.73,0.26,0.01,0.52,0.44,0.04,1,1,0.02,0.686,0.147,0.147,1,0.74,0.26,0.92,0.08,0.96,0.04,0.15,0.85,1,1,0,0.01,0.99,0.35,0.65
Songyuan City,Medium-small-cities,6,吉林省,45.6072,40.33873654,3240.479099,132,14349.8883,85,409.6326012,104,0.136104512,5634.833099,159,24952.86132,102,712.3055787,125,0.366669618,10441.54376,415,46238.52897,267,1319.92727,326,3.028833246,5400.798498,159,23916.4805,102,682.721002,125,0.185874072,6300.93158,658,27902.56058,423,796.5078356,517,1.550982014,13501.99624,850,59791.20125,546,1706.802505,668,0.046031353,0.036301687,0.256660955,0.6,0.756,0.234,0.01,0.564,0.396,0.04,1,1,0.02,0.686,0.147,0.147,1,0.74,0.26,0.92,0.08,0.96,0.04,0.15,0.85,1,1,0,0.01,0.99,0.35,0.65
Suzhou City (Jiangsu),Extra-large-cities,6,江苏省,419.1,387.9543791,6476.357729,132,10593.76108,85,929.881194,104,0.869497508,11261.6665,159,18421.37343,102,1616.960076,125,2.535850959,20868.26379,415,34135.45236,267,2996.283847,326,14.22233772,10793.92955,159,17656.26846,102,1549.80199,125,2.461008136,12592.91781,658,20598.97987,423,1808.102322,517,11.05692654,26984.82387,850,44140.67115,546,3874.504975,668,0.034510965,0.024227909,0,0.6,0.733421875,0.231078125,0.0355,0.536323864,0.354176136,0.1095,1,1,0.02,0.014,0.9358125,0.0301875,1,0.74,0.26,0.92,0.08,0.96,0.04,0.15,0.85,1,1,0,0.01,0.99,0.35,0.65
Suqian City,Largecities,6,江苏省,107.5,99.51108508,4789.456233,132,12842.00928,85,368.5344828,104,0.223027874,8328.332228,159,22330.82725,102,640.8405172,125,0.650450914,15432.69231,415,41379.80769,267,1187.5,326,3.648058469,7982.427056,159,21403.34881,102,614.2241379,125,0.631253578,9312.831565,658,24970.57361,423,716.5948276,517,2.836124081,19956.06764,850,53508.37202,546,1535.560345,668,0.048766901,0.030281478,0.00E+00,0.6,0.743,0.247,0.01,0.55187,0.39963,0.0485,1,1,0.02,0.471221579,0.466494402,0.042284019,1,0.74,0.26,0.92,0.08,0.96,0.04,0.15,0.85,1,1,0,0.01,0.99,0.35,0.65
Suzhou City (Anhui),Medium-small-cities,6,安徽省,58.2996,49.93135061,2995.621808,132,14667.5701,85,336.8080892,104,0.159401373,5209.053476,159,25505.27468,102,585.6718441,125,0.366558622,9652.559158,415,47262.17033,267,1085.27051,326,4.966611189,4992.703013,159,24445.95017,102,561.3468154,125,0.204575851,5824.820181,658,28520.2752,423,654.904618,517,2.671102353,12481.75753,850,61114.87543,546,1403.367038,668,0.039994227,0.033746438,0,0.6,0.743,0.247,0.01,0.542,0.418,0.04,1,1,0.02,0.686,0.147,0.147,1,0.74,0.26,0.92,0.08,0.96,0.04,0.15,0.85,1,1,0,0.01,0.99,0.35,0.65
Suihua City,Medium-small-cities,6,黑龙江省,33.2348,28.33856709,2448.473817,132,15122.3569,85,429.1692856,104,0.13600647,4257.623915,159,26296.09838,102,746.2777022,125,0.330301426,7889.526743,415,48727.59445,267,1382.878809,326,2.82828692,4080.789695,159,25203.92816,102,715.2821426,125,0.27136529,4760.92131,658,29404.58286,423,834.4958331,517,1.330272804,10201.97424,850,63009.82041,546,1788.205357,668,0.038343119,0.054242349,0,0.6,0.73,0.26,0.01,0.52,0.44,0.04,1,1,0.02,0.686,0.147,0.147,1,0.74,0.26,0.92,0.08,0.96,0.04,0.15,0.85,1,1,0,0.01,0.99,0.35,0.65
Suizhou City,Medium-small-cities,6,湖北省,23.3725,20.5757089,2527.561222,132,14944.14381,85,528.2949647,104,0.075647997,4395.148124,159,25986.20563,102,918.6462442,125,0.168228036,8144.363937,415,48153.35229,267,1702.283775,326,1.741542508,4212.602036,159,24906.90636,102,880.4916078,125,0.158669625,4914.702375,658,29058.05742,423,1027.240209,517,0.652702932,10531.50509,850,62267.26589,546,2201.22902,668,0.045905472,0.029054632,0,0.6,0.756,0.234,0.01,0.564,0.396,0.04,1,1,0.02,0.686,0.147,0.147,1,0.74,0.26,0.92,0.08,0.96,0.04,0.15,0.85,1,1,0,0.01,0.99,0.35,0.65
Suining City,Medium-small-cities,6,四川省,44.72,40.06315143,1889.743027,132,15400.61498,85,709.6419943,104,0.082146584,3286.053152,159,26779.95827,102,1233.988579,125,0.289200986,6089.171975,415,49624.20382,267,2286.624204,326,2.988785291,3149.571711,159,25667.69163,102,1182.736657,125,0.234436597,3674.500329,658,29945.64024,423,1379.859433,517,1.06227911,7873.929277,850,64169.22908,546,2956.841643,668,0.068657611,0.057732574,0,0.6,0.73,0.26,0.01,0.52,0.44,0.04,1,1,0.02,0.686,0.147,0.147,1,0.74,0.26,0.92,0.08,0.96,0.04,0.15,0.85,1,1,0,0.01,0.99,0.35,0.65
Tacheng Prefecture,Medium-small-cities,6,新疆维吾尔族自治区,23.1583,19.18367152,2474.124682,132,15264.00676,85,261.8685623,104,0.118837377,4302.227918,159,26542.41175,102,455.3603334,125,0.161126353,7972.179529,415,49184.02177,267,843.7987009,326,2.608533954,4123.541136,159,25440.01126,102,436.4476039,125,0.154167408,4810.797992,658,29680.01314,423,509.1888712,517,0.931963393,10308.85284,850,63600.02815,546,1091.11901,668,0.06524223,0.052127504,0.172580211,0.6,0.73,0.26,0.01,0.52,0.44,0.04,1,1,0.02,0.686,0.147,0.147,1,0.74,0.26,0.92,0.08,0.96,0.04,0.15,0.85,1,1,0,0.01,0.99,0.35,0.65
Taizhou City (Zhejiang),Largecities,6,浙江省,175.2182,158.4792523,3618.945923,132,13768.7438,85,612.3102738,104,0.338630881,6292.944855,159,23942.31561,102,1064.739532,125,0.793666127,11661.04797,415,44365.95225,267,1972.999771,326,12.45844175,6031.576539,159,22947.90634,102,1020.517123,125,0.413764608,7036.839295,658,26772.55739,423,1190.60331,517,2.734444363,15078.94135,850,57369.76585,546,2551.292808,668,0.036724034,0.024799643,0.086190073,0.6,0.704,0.286,0.01,0.488770526,0.462729474,0.0485,1,1,0.02,0.471221579,0.466494402,0.042284019,1,0.74,0.26,0.92,0.08,0.96,0.04,0.15,0.85,1,0.9,0.1,0.01,0.99,0.35,0.65
Taiyuan City,Largecities,6,山西省,168.37,149.0428067,5800.813542,132,11521.32266,85,677.8637974,104,0.290276694,10086.97021,159,20034.29996,102,1178.729825,125,0.858933497,18691.5103,415,37124.26191,267,2184.227792,326,10.53799573,9668.022569,159,19202.20444,102,1129.772996,125,0.30217328,11279.35966,658,22402.57184,423,1318.068495,517,7.337814143,24170.05642,850,48005.51109,546,2824.432489,668,0.039344561,0.026644492,0.875593371,0.6,0.756,0.234,0.01,0.572903158,0.378596842,0.0485,1,1,0.02,0.471221579,0.466494402,0.042284019,1,0.74,0.26,0.92,0.08,0.96,0.04,0.15,0.85,1,1,0,0.01,0.99,0.35,0.65
Tai'an City,Medium-small-cities,6,山东省,85.3328,75.04281832,3140.834262,132,14249.5804,85,609.5853388,104,0.147214765,5461.5618,159,24778.43703,102,1060.001173,125,0.486065708,10120.46596,415,45915.31462,267,1964.219425,326,6.253507007,5234.72377,159,23749.30066,102,1015.975565,125,0.293328173,6107.177732,658,27707.51744,423,1185.304826,517,3.109866024,13086.80943,850,59373.25166,546,2539.938912,668,0.019088751,0.03172706,0,0.6,0.743,0.247,0.01,0.542,0.418,0.04,1,1,0.02,0.686,0.147,0.147,1,0.74,0.26,0.92,0.08,0.96,0.04,0.15,0.85,1,1,0,0.01,0.99,0.35,0.65
Taizhou City (Jiangsu),Largecities,6,江苏省,82.87,76.71147554,3983.383495,132,13374.81476,85,641.8017491,104,0.171928558,6926.661299,159,23257.31677,102,1116.02193,125,0.501422021,12835.34682,415,43096.62533,267,2068.027858,326,2.812228887,6638.972491,159,22291.35793,102,1069.669582,125,0.486623107,7745.467906,658,26006.58425,423,1247.947845,517,2.186321885,16597.43123,850,55728.39482,546,2674.173954,668,0.036224017,0.027508508,0,0.6,0.743,0.247,0.01,0.55187,0.39963,0.0485,1,1,0.02,0.471221579,0.466494402,0.042284019,1,0.74,0.26,0.92,0.08,0.96,0.04,0.15,0.85,1,1,0,0.01,0.99,0.35,0.65
Tangshan City,Largecities,6,河北省,213.8,185.1401856,3950.672099,132,13442.34603,85,606.9818706,104,0.286663294,6869.779817,159,23374.74615,102,1055.474031,125,0.879535108,12729.94343,415,43314.2261,267,1955.830472,326,17.53336949,6584.453498,159,22403.91005,102,1011.636451,125,0.575932619,7681.862415,658,26137.89506,423,1180.242526,517,9.384313845,16461.13375,850,56009.77513,546,2529.091128,668,0.037139473,0.036010264,0.041210633,0.6,0.743,0.247,0.01,0.55187,0.39963,0.0485,1,1,0.02,0.471221579,0.466494402,0.042284019,1,0.74,0.26,0.92,0.08,0.96,0.04,0.15,0.85,1,0.9,0.1,0.01,0.99,0.35,0.65
Tianjin,Extra-large-cities,6,天津市,306.93,267.33,5872.427473,132,10682.6184,85,1444.954128,104,1.2,10211.49888,159,18575.88644,102,2512.614679,125,2.74,18922.2663,415,34421.77039,267,4655.963303,326,26.57,9787.379122,159,17804.364,102,2408.256881,125,1.01,11418.60898,658,20771.758,423,2809.633028,517,8.08,24468.44781,850,44510.90999,546,6020.642202,668,0.034181549,0.028646941,1.408523344,0.6,0.756529688,0.207970313,0.0355,0.571741477,0.318758523,0.1095,1,1,0.02,0.014,0.9358125,0.0301875,1,0.74,0.26,0.92,0.08,0.96,0.04,0.15,0.85,1,0.9,0.1,0.01,0.99,0.35,0.65
Tianshui City,Medium-small-cities,6,甘肃省,30.44,24.84639343,3280.462675,132,14144.29476,85,575.2425692,104,0.096379947,5704.360096,159,24595.35699,102,1000.282912,125,0.213285254,10570.37973,415,45576.06088,267,1853.55939,326,4.090793316,5467.437792,159,23573.82459,102,958.7376153,125,0.231133392,6378.677424,658,27502.79536,423,1118.527218,517,0.962014658,13668.59448,850,58934.56148,546,2396.844038,668,0.039732846,0.061634684,0.104480992,0.6,0.743,0.247,0.01,0.542,0.418,0.04,1,1,0.02,0.686,0.147,0.147,1,0.74,0.26,0.92,0.08,0.96,0.04,0.15,0.85,1,1,0,0.01,0.99,0.35,0.65
Tieling City,Medium-small-cities,6,辽宁省,37.023,32.2403063,3349.463476,132,14174.77601,85,475.7605189,104,0.173664788,5824.344822,159,24648.3605,102,827.2946801,125,0.32400147,10792.71564,415,45674.27824,267,1533.006117,326,2.68186817,5582.439126,159,23624.62668,102,792.9341982,125,0.19180887,6512.845648,658,27562.06445,423,925.0898979,517,1.411350404,13956.09782,850,59061.56669,546,1982.335496,668,0.055111658,0.044351226,0,0.6,0.743,0.247,0.01,0.542,0.418,0.04,1,1,0.02,0.686,0.147,0.147,1,0.74,0.26,0.92,0.08,0.96,0.04,0.15,0.85,1,1,0,0.01,0.99,0.35,0.65
Tonghua City,Medium-small-cities,6,吉林省,25.0754,22.17873393,3066.361534,132,14431.97186,85,501.6666072,104,0.074831936,5332.062,159,25095.59551,102,872.3424891,125,0.20159947,9880.498275,415,46503.02044,267,1616.48129,326,1.665289804,5110.602556,159,24053.28643,102,836.1110119,125,0.102195853,5962.369649,658,28062.1675,423,975.4628473,517,0.852749004,12776.50639,850,60133.21608,546,2090.27753,668,0.039569577,0.036145163,0.01836315,0.6,0.743,0.247,0.01,0.542,0.418,0.04,1,1,0.02,0.686,0.147,0.147,1,0.74,0.26,0.92,0.08,0.96,0.04,0.15,0.85,1,1,0,0.01,0.99,0.35,0.65
Tongliao City,Largecities,6,内蒙古自治区,133.838,117.3420898,3022.894631,132,14270.18342,85,706.921944,104,0.282240545,5256.477886,159,24814.2634,102,1229.258714,125,0.709100213,9740.438256,415,45981.70215,267,2277.859597,326,10.35659521,5038.157719,159,23783.63904,102,1178.20324,125,0.342887274,5877.850672,658,27747.57888,423,1374.570447,517,4.805086967,12595.3943,850,59459.0976,546,2945.5081,668,0.058261353,0.02867204,0.294073008,0.6,0.756,0.234,0.01,0.572903158,0.378596842,0.0485,1,1,0.02,0.471221579,0.466494402,0.042284019,1,0.74,0.26,0.92,0.08,0.96,0.04,0.15,0.85,1,1,0,0.01,0.99,0.35,0.65
Tongchuan City,Medium-small-cities,6,陕西省,9.8757,8.855825896,3202.027516,132,13781.31789,85,1016.654598,104,0.025301939,5567.97007,159,23964.18055,102,1767.849385,125,0.062813536,10317.64422,415,44406.46874,267,3275.887038,326,0.649024167,5336.712527,159,22968.86314,102,1694.42433,125,0.024272209,6226.164615,658,26797.007,423,1976.828385,517,0.258462253,13341.78132,850,57422.15786,546,4236.060825,668,0.038758348,0.04849365,0,0.6,0.756,0.234,0.01,0.564,0.396,0.04,1,1,0.02,0.686,0.147,0.147,1,0.74,0.26,0.92,0.08,0.96,0.04,0.15,0.85,1,1,0,0.01,0.99,0.35,0.65
Tongling City,Medium-small-cities,6,安徽省,19.7746,16.93617942,3753.720078,132,13691.17964,85,555.1002804,104,0.054067239,6527.302135,159,23807.44016,102,965.2577097,125,0.124332759,12095.32025,415,44116.02329,267,1788.656459,326,1.684621329,6256.200129,159,22818.63274,102,925.1671339,125,0.069389938,7298.900151,658,26621.73819,423,1079.361656,517,0.906009314,15640.50032,850,57046.58184,546,2312.917835,668,0.040164336,0.034814153,0,0.6,0.73,0.26,0.01,0.52,0.44,0.04,1,1,0.02,0.686,0.147,0.147,1,0.74,0.26,0.92,0.08,0.96,0.04,0.15,0.85,1,1,0,0.01,0.99,0.35,0.65
Tongren City,Medium-small-cities,6,贵州省,34.9589,30.2681002,2557.963056,132,14943.14901,85,498.8879294,104,0.124744782,4448.013536,159,25984.47579,102,867.5106772,125,0.205267868,8242.325402,415,48150.14683,267,1607.527773,326,3.556216312,4263.27176,159,24905.24836,102,831.4798823,125,0.193387413,4973.817053,658,29056.12308,423,970.0598627,517,0.611183427,10658.1794,850,62263.1209,546,2078.699706,668,0.049752938,0.058271891,0.197184071,0.6,0.717,0.273,0.01,0.498,0.462,0.04,1,1,0.02,0.686,0.147,0.147,1,0.74,0.26,0.92,0.08,0.96,0.04,0.15,0.85,1,1,0,0.01,0.99,0.35,0.65
Turpan City,Medium-small-cities,6,新疆维吾尔族自治区,10.01,8.291996903,2511.189766,132,15233.95906,85,254.8511704,104,0.051366557,4366.679982,159,26490.16215,102,443.1578686,125,0.069645647,8091.611469,415,49087.20143,267,821.1871047,326,1.12751907,4185.316277,159,25389.93177,102,424.7519507,125,0.066637696,4882.86899,658,29621.58707,423,495.5439425,517,0.402834127,10463.29069,850,63474.82943,546,1061.879877,668,0.053124003,0.070438148,0.175498793,0.6,0.756,0.234,0.01,0.564,0.396,0.04,1,1,0.02,0.686,0.147,0.147,1,0.74,0.26,0.92,0.08,0.96,0.04,0.15,0.85,1,1,0,0.01,0.99,0.35,0.65
Weihai City,Largecities,6,山东省,80.9722,71.20804771,4453.251666,132,12842.99095,85,703.7573796,104,0.139691929,7743.709842,159,22332.53427,102,1223.755888,125,0.461227216,14349.36648,415,41382.97085,267,2267.662667,326,5.933945916,7422.086111,159,21404.98492,102,1172.928966,125,0.27833878,8659.100462,658,24972.48241,423,1368.417127,517,2.950948448,18555.21528,850,53512.46231,546,2932.322415,668,0.038017578,0.038640851,0.285882596,0.6,0.756,0.234,0.01,0.572903158,0.378596842,0.0485,1,1,0.02,0.471221579,0.466494402,0.042284019,1,0.74,0.26,0.92,0.08,0.96,0.04,0.15,0.85,1,0.9,0.1,0.01,0.99,0.35,0.65
Weifang City,Largecities,6,山东省,246.0261,216.3586795,3336.153397,132,14126.10438,85,537.7422264,104,0.424440245,5801.200073,159,24563.72594,102,935.0739826,125,1.401393727,10749.82761,415,45517.44744,267,1732.724952,326,18.02971355,5560.255661,159,23543.50729,102,896.237044,125,0.845705127,6486.964938,658,27467.42518,423,1045.609885,517,8.966167868,13900.63915,850,58858.76824,546,2240.59261,668,0.024809622,0.027808801,0.02303518,0.6,0.743,0.247,0.01,0.55187,0.39963,0.0485,1,1,0.02,0.471221579,0.466494402,0.042284019,1,0.74,0.26,0.92,0.08,0.96,0.04,0.15,0.85,1,0.9,0.1,0.01,0.99,0.35,0.65
Weinan City,Medium-small-cities,6,陕西省,59.7456,53.57560797,2273.408051,132,15367.44233,85,359.1496205,104,0.153070623,3953.204001,159,26722.27471,102,624.5212846,125,0.380006721,7325.425944,415,49517.31417,267,1157.259888,326,3.926439467,3789.013419,159,25612.40388,102,598.5827009,125,0.146841005,4420.515656,658,29881.13786,423,698.3464844,517,1.563634212,9472.533548,850,64031.0097,546,1496.456752,668,0.051652216,0.0450359,0,0.6,0.756,0.234,0.01,0.564,0.396,0.04,1,1,0.02,0.686,0.147,0.147,1,0.74,0.26,0.92,0.08,0.96,0.04,0.15,0.85,1,1,0,0.01,0.99,0.35,0.65
Wenzhou City,Largecities,6,浙江省,234.9526,212.5071047,3026.124377,132,14354.7164,85,619.1592187,104,0.45407501,5262.094056,159,24961.25686,102,1076.649086,125,1.064238305,9750.845216,415,46254.08619,267,1995.068594,326,16.70570341,5043.540629,159,23924.52734,102,1031.932031,125,0.554822903,5884.130734,658,27911.94856,423,1203.920703,517,3.666655705,12608.85157,850,59811.31835,546,2579.830078,668,0.032402027,0.021003239,0.813112275,0.6,0.704,0.286,0.01,0.488770526,0.462729474,0.0485,1,1,0.02,0.471221579,0.466494402,0.042284019,1,0.74,0.26,0.92,0.08,0.96,0.04,0.15,0.85,1,0.9,0.1,0.01,0.99,0.35,0.65
Wuhai City,Medium-small-cities,6,内蒙古自治区,21.65,18.98157656,4893.926174,132,9947.399329,85,3158.674497,104,0.045656001,8509.993848,159,17297.42217,102,5492.583986,125,0.114705985,15769.31767,415,32052.73117,267,10177.95116,326,1.675311095,8156.543624,159,16578.99888,102,5264.457494,125,0.055466381,9515.967562,658,19342.16536,423,6141.867077,517,0.777283976,20391.35906,850,41447.4972,546,13161.14374,668,0.052409742,0.030166047,0.037149134,0.6,0.743,0.247,0.01,0.542,0.418,0.04,1,1,0.02,0.686,0.147,0.147,1,0.74,0.26,0.92,0.08,0.96,0.04,0.15,0.85,1,1,0,0.01,0.99,0.35,0.65
Ulanqab City,Medium-small-cities,6,内蒙古自治区,15.4501,13.54583169,2982.654877,132,14578.28445,85,439.0606721,104,0.032581514,5186.505425,159,25350.01685,102,763.4777242,125,0.081857688,9610.776826,415,46974.47212,267,1414.751054,326,1.195553069,4971.091462,159,24297.14075,102,731.7677868,125,0.0395825,5799.606705,658,28346.66421,423,853.7290845,517,0.554693541,12427.72865,850,60742.85188,546,1829.419467,668,0.054606739,0.034932421,0.036410463,0.6,0.756,0.234,0.01,0.564,0.396,0.04,1,1,0.02,0.686,0.147,0.147,1,0.74,0.26,0.92,0.08,0.96,0.04,0.15,0.85,1,1,0,0.01,0.99,0.35,0.65
ürümqi City,Largecities,6,新疆维吾尔族自治区,123.58,102.3701276,8627.79661,132,7682.033898,85,1690.169492,104,0.634153761,15002.77966,159,13358.20339,102,2939.016949,125,0.85982109,27800.67797,415,24753.22034,267,5446.101695,326,13.9199607,14379.66102,159,12803.38983,102,2816.949153,125,0.82268596,16776.27119,658,14937.28814,423,3286.440678,517,4.97325089,35949.15254,850,32008.47458,546,7042.372881,668,0.067010803,0.040140694,2.487878774,0.6,0.756,0.234,0.01,0.572903158,0.378596842,0.0485,1,1,0.02,0.471221579,0.466494402,0.042284019,1,0.74,0.26,0.92,0.08,0.96,0.04,0.15,0.85,1,1,0,0.01,0.99,0.35,0.65
Wuxi City,Extra-large-cities,6,江苏省,209.71,194.1252991,6111.603303,132,10760.66071,85,1127.735988,104,0.435080702,10627.39908,159,18711.59334,102,1961.007579,125,1.268893593,19692.94398,415,34673.24006,267,3633.81596,326,7.116598526,10186.00551,159,17934.43451,102,1879.55998,125,1.231443608,11883.67309,658,20923.50693,423,2192.819976,517,5.532684476,25465.01376,850,44836.08629,546,4698.899949,668,0.030711468,0.029477262,0.482631573,0.6,0.733421875,0.231078125,0.0355,0.536323864,0.354176136,0.1095,1,1,0.02,0.014,0.9358125,0.0301875,1,0.74,0.26,0.92,0.08,0.96,0.04,0.15,0.85,1,1,0,0.01,0.99,0.35,0.65
Wuhu City,Largecities,6,安徽省,61.5052,52.67682292,3554.497161,132,13990.47445,85,455.0283935,104,0.168166048,6180.875618,159,24327.88056,102,791.2438175,125,0.386713826,11453.37974,415,45080.41766,267,1466.202601,326,5.239700007,5924.161934,159,23317.45741,102,758.3806558,125,0.215824442,6911.522257,658,27203.70031,423,884.7774318,517,2.817972756,14810.40484,850,58293.64352,546,1895.951639,668,0.034524711,0.031364509,0,0.6,0.73,0.26,0.01,0.530836842,0.420663158,0.0485,1,1,0.02,0.471221579,0.466494402,0.042284019,1,0.74,0.26,0.92,0.08,0.96,0.04,0.15,0.85,1,1,0,0.01,0.99,0.35,0.65
Wuzhong City,Medium-small-cities,6,宁夏回族自治区,32.2,25.07092452,5444.501678,132,11717.63403,85,837.8642889,104,0.076016079,9467.383473,159,20375.66362,102,1456.952902,125,0.203394372,17543.39429,415,37756.82077,267,2699.784931,326,5.064314426,9074.169463,159,19529.39006,102,1396.440481,125,0.168468066,10586.53104,658,22784.2884,423,1629.180562,517,1.616882537,22685.42366,850,48823.47514,546,3491.101204,668,0.081158358,0.034056611,0,0.6,0.756,0.234,0.01,0.564,0.396,0.04,1,1,0.02,0.686,0.147,0.147,1,0.74,0.26,0.92,0.08,0.96,0.04,0.15,0.85,1,1,0,0.01,0.99,0.35,0.65
Wuzhou City,Medium-small-cities,6,广西壮族自治区,27.4065,23.77870034,3273.725685,132,14042.73649,85,683.5378293,104,0.06743122,5692.645219,159,24418.75844,102,1188.596336,125,0.160200233,10548.67165,415,45248.81756,267,2202.510783,326,2.34170238,5456.209475,159,23404.56081,102,1139.229715,125,0.202702335,6365.577721,658,27305.32094,423,1329.101335,517,0.855763488,13640.52369,850,58511.40202,546,2848.074289,668,0.081467043,0.052298658,0.871170057,0.6,0.717,0.273,0.01,0.498,0.462,0.04,1,1,0.02,0.686,0.147,0.147,1,0.74,0.26,0.92,0.08,0.96,0.04,0.15,0.85,1,1,0,0.01,0.99,0.35,0.65
Wuhan City,Extra-large-cities,6,湖北省,334.439,294.4194891,6342.295014,132,10654.25671,85,1003.448275,104,1.082453326,11028.54633,159,18526.56861,102,1744.885056,125,2.407188624,20436.28393,415,34330.38274,267,3233.33333,326,24.91987314,10570.49169,159,17757.09452,102,1672.413791,125,2.270416543,12332.24031,658,20716.61027,423,1951.149423,517,9.339579239,26426.22923,850,44392.7363,546,4181.034478,668,0.037153661,0.024379203,1.132270821,0.6,0.733421875,0.231078125,0.0355,0.536323864,0.354176136,0.1095,1,1,0.02,0.014,0.9358125,0.0301875,1,0.74,0.26,0.92,0.08,0.96,0.04,0.15,0.85,1,1,0,0.01,0.99,0.35,0.65
Wuwei City,Medium-small-cities,6,甘肃省,21.96,17.92466491,3159.468012,132,14207.0805,85,633.4514921,104,0.069530343,5493.963821,159,24704.53442,102,1101.501761,125,0.153868074,10180.50804,415,45778.37049,267,2041.121475,326,2.951176781,5265.78002,159,23678.46749,102,1055.752487,125,0.166744063,6143.410024,658,27624.87874,423,1231.711235,517,0.694015831,13164.45005,850,59196.16873,546,2639.381217,668,0.050380612,0.045837524,0,0.6,0.756,0.234,0.01,0.564,0.396,0.04,1,1,0.02,0.686,0.147,0.147,1,0.74,0.26,0.92,0.08,0.96,0.04,0.15,0.85,1,1,0,0.01,0.99,0.35,0.65
Xi'an City,Extra-large-cities,6,陕西省,341.2616,306.0191495,3816.225908,132,13415.95697,85,767.8171224,104,0.874325903,6635.992828,159,23328.85851,102,1335.148663,125,2.170564888,12296.72792,415,43229.19468,267,2474.077394,326,22.42747608,6360.376513,159,22359.92828,102,1279.695204,125,0.838742872,7420.439265,658,26086.583,423,1492.977738,517,8.931340769,15900.94128,850,55899.82071,546,3199.23801,668,0.046739357,0.029961552,4.014287215,0.6,0.744975781,0.219524219,0.0355,0.55403267,0.33646733,0.1095,1,1,0.02,0.014,0.9358125,0.0301875,1,0.74,0.26,0.92,0.08,0.96,0.04,0.15,0.85,1,1,0,0.01,0.99,0.35,0.65
Xining City,Medium-small-cities,6,青海省,49.0554,40.5603497,3162.472111,132,14311.06507,85,526.4628203,104,0.239879707,5499.187615,159,24885.35204,102,915.4603486,125,0.384634702,10190.18791,415,46113.43189,267,1696.380199,326,6.133475946,5270.786852,159,23851.77511,102,877.4380338,125,0.306053419,6149.251327,658,27827.07097,423,1023.677706,517,1.431006526,13176.96713,850,59629.43779,546,2193.595084,668,0.118529586,0.041274911,1.195865283,0.6,0.743,0.247,0.01,0.542,0.418,0.04,1,1,0.02,0.686,0.147,0.147,1,0.74,0.26,0.92,0.08,0.96,0.04,0.15,0.85,1,1,0,0.01,0.99,0.35,0.65
Xishuangbanna Dai Autonomous Prefecture,Medium-small-cities,6,云南省,20.74,17.63163825,1876.57563,132,15539.65336,85,583.7710084,104,0.058097597,3263.156513,159,27021.73057,102,1015.11292,125,0.088690051,6046.743697,415,50072.21639,267,1881.039916,326,2.369932879,3127.62605,159,25899.42227,102,972.9516807,125,0.13977103,3648.897059,658,30215.99265,423,1135.110294,517,0.451870196,7819.065126,850,64748.55567,546,2432.379202,668,0.056139573,0.038876087,1.115404974,0.6,0.73,0.26,0.01,0.52,0.44,0.04,1,1,0.02,0.686,0.147,0.147,1,0.74,0.26,0.92,0.08,0.96,0.04,0.15,0.85,1,1,0,0.01,0.99,0.35,0.65
Xianning City,Medium-small-cities,6,湖北省,26.43,23.26734351,2812.923363,132,14717.59064,85,469.4859948,104,0.085543975,4891.361181,159,25592.25484,102,816.3839799,125,0.190234977,9063.86417,415,47423.34762,267,1512.788206,326,1.96936436,4688.205605,159,24529.31774,102,782.476658,125,0.179426171,5469.573206,658,28617.53736,423,912.8894344,517,0.738087003,11720.51401,850,61323.29434,546,1956.191645,668,0.026508156,0.029101089,0,0.6,0.73,0.26,0.01,0.52,0.44,0.04,1,1,0.02,0.686,0.147,0.147,1,0.74,0.26,0.92,0.08,0.96,0.04,0.15,0.85,1,1,0,0.01,0.99,0.35,0.65
Xianyang City,Medium-small-cities,6,陕西省,45.2991,40.62101348,3177.837774,132,14260.12443,85,562.0377979,104,0.116058111,5525.906797,159,24796.77192,102,977.3212818,125,0.288121007,10239.6995,415,45949.28982,267,1811.010682,326,2.977025489,5296.396291,159,23766.87405,102,936.7296631,125,0.111334815,6179.129006,658,27728.01972,423,1092.851274,517,1.185547095,13240.99073,850,59417.18512,546,2341.824158,668,0.047739657,0.04124376,0,0.6,0.756,0.234,0.01,0.564,0.396,0.04,1,1,0.02,0.686,0.147,0.147,1,0.74,0.26,0.92,0.08,0.96,0.04,0.15,0.85,1,1,0,0.01,0.99,0.35,0.65
Xiangtan City,Medium-small-cities,6,湖南省,38.4975,34.40577231,1814.954683,132,15539.27492,85,645.7703927,104,0.186956518,3156.004532,159,27021.07251,102,1122.922961,125,0.27355158,5848.187311,415,50070.99698,267,2080.81571,326,2.626272796,3024.924471,159,25898.79154,102,1076.283988,125,0.218930079,3529.07855,658,30215.2568,423,1255.664653,517,0.786016715,7562.311178,850,64746.97885,546,2690.70997,668,0.029673231,0.036632176,0,0.6,0.717,0.273,0.01,0.498,0.462,0.04,1,1,0.02,0.686,0.147,0.147,1,0.74,0.26,0.92,0.08,0.96,0.04,0.15,0.85,1,1,0,0.01,0.99,0.35,0.65
Xiangyang City,Largecities,6,湖北省,79.7164,70.17740683,2596.206347,132,14997.77337,85,406.0202784,104,0.258012021,4514.51437,159,26079.46148,102,706.0241508,125,0.573774025,8365.553784,415,48326.15865,267,1308.287564,326,5.939865193,4327.010578,159,24996.28896,102,676.700464,125,0.541173228,5048.179008,658,29162.33712,423,789.4838747,517,2.226168702,10817.52645,850,62490.72239,546,1691.75116,668,0.028905487,0.024655136,0.437354703,0.6,0.743,0.247,0.01,0.55187,0.39963,0.0485,1,1,0.02,0.471221579,0.466494402,0.042284019,1,0.74,0.26,0.92,0.08,0.96,0.04,0.15,0.85,1,1,0,0.01,0.99,0.35,0.65
Xiaogan City,Medium-small-cities,6,湖北省,31.4296,27.6686833,2619.584771,132,14973.46336,85,406.9518663,104,0.101725801,4555.166851,159,26037.18907,102,707.6440786,125,0.226220553,8440.884261,415,48247.82639,267,1311.289347,326,2.341896863,4365.974618,159,24955.77227,102,678.2531104,125,0.213367113,5093.637054,658,29115.06765,423,791.2952955,517,0.877706367,10914.93654,850,62389.43068,546,1695.632776,668,0.051688575,0.041638502,0,0.6,0.743,0.247,0.01,0.542,0.418,0.04,1,1,0.02,0.686,0.147,0.147,1,0.74,0.26,0.92,0.08,0.96,0.04,0.15,0.85,1,1,0,0.01,0.99,0.35,0.65
Xinzhou City,Medium-small-cities,6,山西省,40.2784,35.65484221,3799.965748,132,13284.46652,85,915.5677342,104,0.069441592,6607.718217,159,23100.21122,102,1592.07056,125,0.205478808,12244.33408,415,42805.50323,267,2950.162699,326,2.520957459,6333.276246,159,22140.77753,102,1525.946224,125,0.072287559,7388.822287,658,25830.90712,423,1780.270594,517,1.755392369,15833.19061,850,55351.94383,546,3814.865559,668,0.043813036,0.038502195,0.110324546,0.6,0.756,0.234,0.01,0.564,0.396,0.04,1,1,0.02,0.686,0.147,0.147,1,0.74,0.26,0.92,0.08,0.96,0.04,0.15,0.85,1,1,0,0.01,0.99,0.35,0.65
Xinxiang City,Medium-small-cities,6,河南省,105.0265,92.69938151,4945.34712,132,12697.04579,85,357.6070901,104,0.238796213,8599.409158,159,22078.75185,102,621.8389956,125,0.518155071,15935.00739,415,40912.7031,267,1152.289513,326,7.532221378,8242.245199,159,21161.74298,102,596.0118168,125,0.259077535,9615.952733,658,24688.70015,423,695.3471196,517,3.778868295,20605.613,850,52904.35746,546,1490.029542,668,0.0292104,0.02525181,0,0.6,0.756,0.234,0.01,0.564,0.396,0.04,1,1,0.02,0.686,0.147,0.147,1,0.74,0.26,0.92,0.08,0.96,0.04,0.15,0.85,1,1,0,0.01,0.99,0.35,0.65
Xinyu City,Medium-small-cities,6,江西省,19.2386,16.54142562,3059.04059,132,14468.63469,85,472.3247232,104,0.045038694,5319.331693,159,25159.34809,102,821.3202132,125,0.097476603,9856.908569,415,46621.15621,267,1521.935219,326,1.56059076,5098.400984,159,24114.39114,102,787.2078721,125,0.122891295,5948.134481,658,28133.45633,423,918.4091841,517,0.871177031,12746.00246,850,60285.97786,546,1968.01968,668,0.067017344,0.041727885,0,0.6,0.704,0.286,0.01,0.476,0.484,0.04,1,1,0.02,0.686,0.147,0.147,1,0.74,0.26,0.92,0.08,0.96,0.04,0.15,0.85,1,1,0,0.01,0.99,0.35,0.65
Xinyang City,Medium-small-cities,6,河南省,66.5127,58.70600422,2815.016403,132,14787.72741,85,397.2561885,104,0.151228318,4895.000746,159,25714.21488,102,690.7843722,125,0.328144733,9070.60841,415,47649.34387,267,1280.047718,326,4.770114027,4691.694005,159,24646.21235,102,662.0936475,125,0.164072366,5473.643006,658,28753.91441,423,772.4425887,517,2.393136335,11729.23501,850,61615.53087,546,1655.234119,668,0.032362573,0.037338444,0.088070404,0.6,0.743,0.247,0.01,0.542,0.418,0.04,1,1,0.02,0.686,0.147,0.147,1,0.74,0.26,0.92,0.08,0.96,0.04,0.15,0.85,1,1,0,0.01,0.99,0.35,0.65
Xingtai City,Medium-small-cities,6,河北省,141.2,122.27219,2427.314684,132,15108.35435,85,464.330962,104,0.189321128,4220.830534,159,26271.74952,102,807.4199506,125,0.580871643,7821.347315,415,48682.47514,267,1496.177544,326,11.57956863,4045.524473,159,25180.59059,102,773.8849366,125,0.380363357,4719.778552,658,29377.35569,423,902.8657594,517,6.19768529,10113.81118,850,62951.47647,546,1934.712342,668,0.040304572,0.036706528,0,0.6,0.756,0.234,0.01,0.564,0.396,0.04,1,1,0.02,0.686,0.147,0.147,1,0.74,0.26,0.92,0.08,0.96,0.04,0.15,0.85,1,1,0,0.01,0.99,0.35,0.65
Xuzhou City,Largecities,6,江苏省,151.4,140.1486352,3448.237052,132,13890.54183,85,661.2211215,104,0.314106234,5996.101096,159,24154.10884,102,1149.790061,125,0.916076915,11110.98606,415,44758.41255,267,2130.601391,326,5.137823742,5747.061753,159,23150.90304,102,1102.035202,125,0.889039923,6704.905379,658,27009.38689,423,1285.707736,517,3.994318009,14367.65438,850,57877.25761,546,2755.088006,668,0.032578884,0.030058713,0.375336073,0.6,0.73,0.26,0.01,0.530836842,0.420663158,0.0485,1,1,0.02,0.471221579,0.466494402,0.042284019,1,0.74,0.26,0.92,0.08,0.96,0.04,0.15,0.85,1,1,0,0.01,0.99,0.35,0.65
Xuchang City,Largecities,6,河南省,70.6631,62.36926552,4035.133247,132,13460.02595,85,504.8408025,104,0.160664982,7016.648368,159,23405.48957,102,877.8620621,125,0.348621001,13002.09602,415,43371.19473,267,1626.709252,326,5.067769682,6725.222078,159,22433.37658,102,841.4013375,125,0.174310501,7846.092424,658,26172.27268,423,981.6348937,517,2.542468312,16813.0552,850,56083.44146,546,2103.503344,668,0.028421915,0.020556105,0,0.6,0.73,0.26,0.01,0.530836842,0.420663158,0.0485,1,1,0.02,0.471221579,0.466494402,0.042284019,1,0.74,0.26,0.92,0.08,0.96,0.04,0.15,0.85,1,1,0,0.01,0.99,0.35,0.65
Xuancheng City,Medium-small-cities,6,安徽省,43.3812,37.15431851,5051.580699,132,12440.69408,85,507.7252199,104,0.11861184,8784.137549,159,21632.98471,102,882.8777434,125,0.272759211,16277.31559,415,40086.68093,267,1636.003486,326,3.695695225,8419.301165,159,20734.49014,102,846.2086998,125,0.152226531,9822.518026,658,24190.23849,423,987.2434831,517,1.987588687,21048.25291,850,51836.22534,546,2115.521749,668,0.053879973,0.031331846,0,0.6,0.717,0.273,0.01,0.498,0.462,0.04,1,1,0.02,0.686,0.147,0.147,1,0.74,0.26,0.92,0.08,0.96,0.04,0.15,0.85,1,1,0,0.01,0.99,0.35,0.65
Ya'an City,Medium-small-cities,6,四川省,32.12,28.77523309,2486.06063,132,14886.73481,85,627.2045593,104,0.059001527,4322.983206,159,25886.37775,102,1090.639039,125,0.207717703,8010.639807,415,47968.36772,267,2020.992469,326,2.146685679,4143.434383,159,24811.22468,102,1045.340932,125,0.168383352,4834.00678,658,28946.4288,423,1219.564421,517,0.762978645,10358.58596,850,62028.06171,546,2613.35233,668,0.0396922,0.058184627,0,0.6,0.717,0.273,0.01,0.498,0.462,0.04,1,1,0.02,0.686,0.147,0.147,1,0.74,0.26,0.92,0.08,0.96,0.04,0.15,0.85,1,1,0,0.01,0.99,0.35,0.65
Yantai City,Largecities,6,山东省,174.1372,153.1386086,3239.599538,132,14113.59176,85,646.8086992,104,0.300418678,5633.30364,159,24541.9679,102,1124.72846,125,0.991906061,10438.70962,415,45477.12901,267,2084.161364,326,12.76142586,5399.332563,159,23522.65294,102,1078.014499,125,0.598589836,6299.221323,658,27443.09509,423,1257.683582,517,6.346250936,13498.33141,850,58806.63235,546,2695.036247,668,0.026560132,0.029201013,0.553971955,0.6,0.756,0.234,0.01,0.572903158,0.378596842,0.0485,1,1,0.02,0.471221579,0.466494402,0.042284019,1,0.74,0.26,0.92,0.08,0.96,0.04,0.15,0.85,1,0.9,0.1,0.01,0.99,0.35,0.65
Yan'an City,Medium-small-cities,6,陕西省,37.3688,33.50968405,4153.316201,132,13017.98896,85,828.6948439,104,0.095740364,7222.155394,159,22636.83635,102,1441.008256,125,0.23768102,13382.90776,415,41946.8533,267,2670.238941,326,2.455851664,6922.193668,159,21696.64826,102,1381.158073,125,0.091843954,8075.892613,658,25312.7563,423,1611.351085,517,0.977998951,17305.48417,850,54241.62065,546,3452.895183,668,0.050139442,0.036814004,0.102232814,0.6,0.756,0.234,0.01,0.564,0.396,0.04,1,1,0.02,0.686,0.147,0.147,1,0.74,0.26,0.92,0.08,0.96,0.04,0.15,0.85,1,1,0,0.01,0.99,0.35,0.65
Yancheng City,Largecities,6,江苏省,136.38,126.2448538,2738.151701,132,14731.49986,85,530.3484372,104,0.282944572,4761.341568,159,25616.44143,102,922.2170048,125,0.825195309,8822.933258,415,47468.16622,267,1708.90052,326,4.628113619,4563.586168,159,24552.49977,102,883.9140621,125,0.800840586,5324.183863,658,28644.58307,423,1031.233072,517,3.598052114,11408.96542,850,61381.24943,546,2209.785155,668,0.025334029,0.031145748,0.125914983,0.6,0.743,0.247,0.01,0.55187,0.39963,0.0485,1,1,0.02,0.471221579,0.466494402,0.042284019,1,0.74,0.26,0.92,0.08,0.96,0.04,0.15,0.85,1,0.9,0.1,0.01,0.99,0.35,0.65
Yangzhou City,Largecities,6,江苏省,82.73,76.58187971,4736.212373,132,12537.37217,85,726.4154598,104,0.171638103,8235.747071,159,21801.09716,102,1263.155772,125,0.500574922,15261.12876,415,40398.19921,267,2340.672037,326,2.807477927,7893.687288,159,20895.62028,102,1210.692433,125,0.48580101,9209.301836,658,24378.22366,423,1412.474505,517,2.182628328,19734.21822,850,52239.0507,546,3026.731083,668,0.031859422,0.032317809,1.169174806,0.6,0.756,0.234,0.01,0.572903158,0.378596842,0.0485,1,1,0.02,0.471221579,0.466494402,0.042284019,1,0.74,0.26,0.92,0.08,0.96,0.04,0.15,0.85,1,1,0,0.01,0.99,0.35,0.65
Yangjiang City,Medium-small-cities,6,广东省,42.9027,38.08885444,3458.124968,132,13721.161,85,820.7140363,104,0.095114808,6013.295083,159,23859.5744,102,1427.130519,125,0.324019512,11142.84712,415,44212.62988,267,2644.523006,326,3.404147879,5763.541613,159,22868.60166,102,1367.856727,125,0.205958719,6724.131882,658,26680.03527,423,1595.832848,517,0.784604643,14408.85403,850,57171.50415,546,3419.641818,668,0.062797881,0.039285701,0,0.6,0.704,0.286,0.01,0.476,0.484,0.04,1,1,0.02,0.686,0.147,0.147,1,0.74,0.26,0.92,0.08,0.96,0.04,0.15,0.85,1,0.9,0.1,0.01,0.99,0.35,0.65
Yangquan City,Medium-small-cities,6,山西省,25.2758,22.37439076,3635.918082,132,13475.58201,85,888.4999125,104,0.043576502,6322.457553,159,23432.53982,102,1545.002626,125,0.128943584,11715.73604,415,43421.3198,267,2862.944162,326,1.581969903,6059.863469,159,22459.30334,102,1480.833187,125,0.045362424,7069.840714,658,26202.52057,423,1727.638719,517,1.101556826,15149.65867,850,56148.25836,546,3702.082969,668,0.049314583,0.037431301,0,0.6,0.743,0.247,0.01,0.542,0.418,0.04,1,1,0.02,0.686,0.147,0.147,1,0.74,0.26,0.92,0.08,0.96,0.04,0.15,0.85,1,1,0,0.01,0.99,0.35,0.65
Yichun City (Heilongjiang),Medium-small-cities,6,黑龙江省,8.5064,7.25321612,3562.86611,132,13971.92696,85,465.2069302,104,0.034810663,6195.42829,159,24295.62855,102,808.943162,125,0.084540182,11480.34635,415,45020.65354,267,1499.000108,326,0.723896032,5938.110183,159,23286.54493,102,775.3448837,125,0.069455562,6927.795213,658,27167.63576,423,904.569031,517,0.34048144,14845.27546,850,58216.36233,546,1938.362209,668,0.036971767,0.045829179,0.030192837,0.6,0.73,0.26,0.01,0.52,0.44,0.04,1,1,0.02,0.686,0.147,0.147,1,0.74,0.26,0.92,0.08,0.96,0.04,0.15,0.85,1,1,0,0.01,0.99,0.35,0.65
Yibin City,Medium-small-cities,6,四川省,79.81,71.49910813,1961.703767,132,15441.6759,85,596.6203312,104,0.146603731,3411.184884,159,26851.35865,102,1037.456465,125,0.516125463,6321.045472,415,49756.51124,267,1922.443289,326,5.333965879,3269.506279,159,25736.1265,102,994.3672187,125,0.418389643,3814.423992,658,30025.48092,423,1160.095088,517,1.89580715,8173.765697,850,64340.31626,546,2485.918047,668,0.037712469,0.048490278,0.172518332,0.6,0.73,0.26,0.01,0.52,0.44,0.04,1,1,0.02,0.686,0.147,0.147,1,0.74,0.26,0.92,0.08,0.96,0.04,0.15,0.85,1,1,0,0.01,0.99,0.35,0.65
Yichang City,Largecities,6,湖北省,69.3144,61.02012695,2650.214758,132,14927.54892,85,422.2363219,104,0.224344657,4608.428995,159,25957.34896,102,734.2220487,125,0.498903642,8539.580886,415,48099.87985,267,1360.53926,326,5.164786567,4417.024596,159,24879.2482,102,703.7272032,125,0.470556844,5153.195362,658,29025.78957,423,821.0150704,517,1.935681339,11042.56149,850,62198.1205,546,1759.318008,668,0.05470359,0.029088695,0.549983297,0.6,0.73,0.26,0.01,0.530836842,0.420663158,0.0485,1,1,0.02,0.471221579,0.466494402,0.042284019,1,0.74,0.26,0.92,0.08,0.96,0.04,0.15,0.85,1,1,0,0.01,0.99,0.35,0.65
Yichun City (Jiangxi),Medium-small-cities,6,江西省,78.1102,67.15946396,2819.31645,132,14670.63348,85,510.0500689,104,0.182860573,4902.478049,159,25510.60155,102,886.9203976,125,0.395762526,9084.464117,415,47272.04122,267,1643.494667,326,6.336118862,4698.86075,159,24451.0558,102,850.0834482,125,0.498948136,5482.004209,658,28526.23177,423,991.7640229,517,3.537045945,11747.15188,850,61127.6395,546,2125.208621,668,0.070086917,0.033518888,0.069252155,0.6,0.704,0.286,0.01,0.476,0.484,0.04,1,1,0.02,0.686,0.147,0.147,1,0.74,0.26,0.92,0.08,0.96,0.04,0.15,0.85,1,1,0,0.01,0.99,0.35,0.65
Yiyang City,Medium-small-cities,6,湖南省,45.4055,40.57955178,1690.919138,132,15830.53969,85,478.5411678,104,0.220504037,2940.320501,159,27527.54958,102,832.1299196,125,0.322637736,5448.517222,415,51009.51679,267,1541.965985,326,3.097531774,2818.198563,159,26384.23282,102,797.568613,125,0.258214942,3287.898324,658,30781.60496,423,930.4967152,517,0.927059729,7045.496408,850,65960.58206,546,1993.921533,668,0.044834997,0.041349175,0,0.6,0.717,0.273,0.01,0.498,0.462,0.04,1,1,0.02,0.686,0.147,0.147,1,0.74,0.26,0.92,0.08,0.96,0.04,0.15,0.85,1,1,0,0.01,0.99,0.35,0.65
Yinchuan City,Medium-small-cities,6,宁夏回族自治区,92.7,72.17623301,4598.461568,132,12675.79024,85,725.7481947,104,0.218841319,7996.213727,159,22041.7908,102,1261.995472,125,0.585548395,14817.26505,415,40844.21299,267,2338.521961,326,14.57956358,7664.102614,159,21126.31706,102,1209.580324,125,0.484999681,8941.453049,658,24647.36991,423,1411.177045,517,4.654814011,19160.25653,850,52815.79265,546,3023.950811,668,0.060008991,0.031744219,1.112340431,0.6,0.756,0.234,0.01,0.564,0.396,0.04,1,1,0.02,0.686,0.147,0.147,1,0.74,0.26,0.92,0.08,0.96,0.04,0.15,0.85,1,1,0,0.01,0.99,0.35,0.65
Yingtan City,Medium-small-cities,6,江西省,14.3315,12.32228131,2770.320803,132,14871.87562,85,357.803582,104,0.033550885,4817.280063,159,25860.53926,102,622.1806731,125,0.0726137,8926.589254,415,47920.48809,267,1152.922653,326,1.162538151,4617.201338,159,24786.45936,102,596.3393033,125,0.091545985,5386.734895,658,28917.53592,423,695.7291872,517,0.648969968,11543.00335,850,61966.1484,546,1490.848258,668,0.05042297,0.039328723,0,0.6,0.704,0.286,0.01,0.476,0.484,0.04,1,1,0.02,0.686,0.147,0.147,1,0.74,0.26,0.92,0.08,0.96,0.04,0.15,0.85,1,1,0,0.01,0.99,0.35,0.65
Yingkou City,Medium-small-cities,6,辽宁省,46.1484,40.18687171,3918.839761,132,13502.58247,85,578.5777716,104,0.216469549,6814.426918,159,23479.49062,102,1006.082458,125,0.403861098,12627.37256,415,43508.32128,267,1864.306153,326,3.342892932,6531.399602,159,22504.30411,102,964.296286,125,0.23908577,7619.966202,658,26255.02146,423,1125.012334,517,1.759218945,16328.49901,850,56260.76028,546,2410.740715,668,0.023901729,0.029119206,0.023770782,0.6,0.743,0.247,0.01,0.542,0.418,0.04,1,1,0.02,0.686,0.147,0.147,1,0.74,0.26,0.92,0.08,0.96,0.04,0.15,0.85,1,0.9,0.1,0.01,0.99,0.35,0.65
Yongzhou City,Medium-small-cities,6,湖南省,47.2512,42.22908056,1545.2617,132,16071.34508,85,383.3932205,104,0.229467363,2687.0384,159,27946.28339,102,666.6782112,125,0.335752722,4979.176588,415,51785.44526,267,1235.378155,326,3.22344415,2575.436166,159,26785.57513,102,638.9887008,125,0.268711188,3004.675527,658,31249.83766,423,745.4868176,517,0.964744022,6438.590415,850,66963.93783,546,1597.471752,668,0.039779252,0.04313898,0.00898477,0.6,0.704,0.286,0.01,0.476,0.484,0.04,1,1,0.02,0.686,0.147,0.147,1,0.74,0.26,0.92,0.08,0.96,0.04,0.15,0.85,1,1,0,0.01,0.99,0.35,0.65
Yulin City (Shaanxi),Largecities,6,陕西省,72.868,65.34284369,3313.347802,132,13986.50298,85,700.1492132,104,0.186690738,5761.543679,159,24320.97463,102,1217.481687,125,0.463470611,10676.34292,415,45067.62073,267,2256.036354,326,4.78883451,5522.246337,159,23310.83831,102,1166.915355,125,0.179092859,6442.620727,658,27195.97802,423,1361.401248,517,1.907067596,13805.61584,850,58277.09577,546,2917.288388,668,0.053908023,0.037860835,0.457540687,0.6,0.756,0.234,0.01,0.572903158,0.378596842,0.0485,1,1,0.02,0.471221579,0.466494402,0.042284019,1,0.74,0.26,0.92,0.08,0.96,0.04,0.15,0.85,1,1,0,0.01,0.99,0.35,0.65
Yulin City (Guangxi),Medium-small-cities,6,广西壮族自治区,66.94,58.07914915,3738.541098,132,13652.41565,85,609.043247,104,0.16469983,6500.907577,159,23740.03389,102,1059.058535,125,0.391286869,12046.41021,415,43991.11711,267,1962.472685,326,5.719575915,6230.901831,159,22754.02609,102,1015.072078,125,0.495097671,7269.385469,658,26546.36377,423,1184.250758,517,2.09019057,15577.25458,850,56885.06523,546,2537.680196,668,0.041420069,0.042533551,0,0.6,0.717,0.273,0.01,0.498,0.462,0.04,1,1,0.02,0.686,0.147,0.147,1,0.74,0.26,0.92,0.08,0.96,0.04,0.15,0.85,1,1,0,0.01,0.99,0.35,0.65
Yuxi City,Medium-small-cities,6,云南省,46.8,39.78595323,1701.652369,132,15835.10853,85,463.2391042,104,0.131097759,2958.984397,159,27535.49427,102,805.5213311,125,0.200129912,5483.102078,415,51024.23859,267,1492.659336,326,5.347775252,2836.087282,159,26391.84754,102,772.0651736,125,0.315394609,3308.768496,658,30790.4888,423,900.7427025,517,1.019649237,7090.218205,850,65979.61886,546,1930.162934,668,0.054561944,0.03535055,0,0.6,0.743,0.247,0.01,0.542,0.418,0.04,1,1,0.02,0.686,0.147,0.147,1,0.74,0.26,0.92,0.08,0.96,0.04,0.15,0.85,1,1,0,0.01,0.99,0.35,0.65
Yueyang City,Largecities,6,湖南省,64.0815,57.27056298,1611.315637,132,15964.05735,85,424.6270103,104,0.311200834,2801.898857,159,27759.72195,102,738.3791901,125,0.455343738,5192.017051,415,51439.74036,267,1368.242589,326,4.371595564,2685.526061,159,26606.76226,102,707.7116838,125,0.364422829,3133.113738,658,31041.22263,423,825.6636311,517,1.308374053,6713.815152,850,66516.90564,546,1769.279209,668,0.031202908,0.043730039,0.070150661,0.6,0.73,0.26,0.01,0.530836842,0.420663158,0.0485,1,1,0.02,0.471221579,0.466494402,0.042284019,1,0.74,0.26,0.92,0.08,0.96,0.04,0.15,0.85,1,1,0,0.01,0.99,0.35,0.65
Yunfu City,Medium-small-cities,6,广东省,35.9123,31.88280382,3037.773472,132,14171.0528,85,791.173725,104,0.079617169,5282.350537,159,24641.88626,102,1375.7632,125,0.271225026,9788.381186,415,45662.28126,267,2549.337558,326,2.84948919,5062.955786,159,23618.42134,102,1318.622875,125,0.172400602,5906.78175,658,27554.8249,423,1538.393354,517,0.656764197,12657.38946,850,59046.05335,546,3296.557188,668,0.032755452,0.040281145,0,0.6,0.717,0.273,0.01,0.498,0.462,0.04,1,1,0.02,0.686,0.147,0.147,1,0.74,0.26,0.92,0.08,0.96,0.04,0.15,0.85,1,1,0,0.01,0.99,0.35,0.65
Yuncheng City,Medium-small-cities,6,山西省,91.3089,80.8275508,4985.274767,132,12334.60743,85,680.1178019,104,0.157420239,8668.8389,159,21448.51181,102,1182.649289,125,0.465809068,16063.66314,415,39744.84617,267,2191.490695,326,5.714870811,8308.791278,159,20557.67905,102,1133.52967,125,0.163871888,9693.589824,658,23983.95889,423,1322.451281,517,3.979377192,20771.97819,850,51394.19763,546,2833.824174,668,0.024844882,0.026592459,0.251209225,0.6,0.756,0.234,0.01,0.564,0.396,0.04,1,1,0.02,0.686,0.147,0.147,1,0.74,0.26,0.92,0.08,0.96,0.04,0.15,0.85,1,1,0,0.01,0.99,0.35,0.65
Zaozhuang City,Medium-small-cities,6,山东省,83.1533,73.12613655,4080.476334,132,13232.03037,85,687.4932923,104,0.143454727,7095.494959,159,23009.03059,102,1195.474447,125,0.473651019,13148.20152,415,42636.54231,267,2215.256164,326,6.093785089,6800.79389,159,22053.38396,102,1145.822154,125,0.285836227,7934.259538,658,25728.94795,423,1336.792513,517,3.030436391,17001.98473,850,55133.45989,546,2864.555385,668,0.046854147,0.036232509,0,0.6,0.743,0.247,0.01,0.542,0.418,0.04,1,1,0.02,0.686,0.147,0.147,1,0.74,0.26,0.92,0.08,0.96,0.04,0.15,0.85,1,1,0,0.01,0.99,0.35,0.65
Zhanjiang City,Largecities,6,广东省,67.64,60.05053561,2404.206818,132,15068.14143,85,527.6517551,104,0.149957127,4180.648522,159,26201.8237,102,917.5277741,125,0.510846165,7746.888636,415,48552.90015,267,1700.211211,326,5.36694806,4007.011363,159,25113.56904,102,879.4195918,125,0.324712611,4674.846591,658,29299.16389,423,1025.989524,517,1.237000423,10017.52841,850,62783.92261,546,2198.54898,668,0.039840163,0.04525029,0.307192492,0.6,0.73,0.26,0.01,0.530836842,0.420663158,0.0485,1,1,0.02,0.471221579,0.466494402,0.042284019,1,0.74,0.26,0.92,0.08,0.96,0.04,0.15,0.85,1,0.9,0.1,0.01,0.99,0.35,0.65
Zhangjiajie City,Medium-small-cities,6,湖南省,16.9139,15.11619696,1899.966876,132,15776.0848,85,323.9483273,104,0.08213946,3303.831291,159,27432.85856,102,563.3101468,125,0.120185053,6122.115491,415,50834.05101,267,1043.833499,326,1.153854548,3166.611461,159,26293.47466,102,539.9138788,125,0.096187063,3694.380038,658,30675.72044,423,629.8995252,517,0.345336921,7916.528652,850,65733.68665,546,1349.784697,668,0.050652597,0.044851952,0.226137936,0.6,0.717,0.273,0.01,0.498,0.462,0.04,1,1,0.02,0.686,0.147,0.147,1,0.74,0.26,0.92,0.08,0.96,0.04,0.15,0.85,1,1,0,0.01,0.99,0.35,0.65
Zhangjiakou City,Medium-small-cities,6,河北省,64.41,55.77586229,4771.969154,132,12225.69943,85,1002.33142,104,0.086361005,8297.924139,159,21259.13289,102,1742.94297,125,0.264971264,15376.34505,415,39393.92037,267,3229.734577,326,5.282153083,7953.281923,159,20376.16571,102,1670.552367,125,0.173507109,9278.82891,658,23772.19333,423,1948.977762,517,2.827145251,19883.20481,850,50940.41428,546,4176.380918,668,0.060749147,0.040590688,0.030898545,0.6,0.756,0.234,0.01,0.564,0.396,0.04,1,1,0.02,0.686,0.147,0.147,1,0.74,0.26,0.92,0.08,0.96,0.04,0.15,0.85,1,1,0,0.01,0.99,0.35,0.65
Zhangye City,Medium-small-cities,6,甘肃省,20.5,16.73295221,3320.67416,132,14074.61154,85,604.7143004,104,0.064907652,5774.2834,159,24474.18562,102,1051.530978,125,0.143638229,10699.95007,415,45351.52607,267,1948.523857,326,2.754969217,5534.456933,159,23457.6859,102,1007.857167,125,0.155658165,6456.866421,658,27367.30022,423,1175.833362,517,0.647874524,13836.14233,850,58644.21475,546,2519.642918,668,0.102083687,0.041547033,0.034313878,0.6,0.756,0.234,0.01,0.564,0.396,0.04,1,1,0.02,0.686,0.147,0.147,1,0.74,0.26,0.92,0.08,0.96,0.04,0.15,0.85,1,1,0,0.01,0.99,0.35,0.65
Zhangzhou City,Largecities,6,福建省,60.88,53.23574955,4387.107018,132,12762.62305,85,850.269927,104,0.198540292,7628.691648,159,22192.78342,102,1478.524929,125,0.319820562,14136.23372,415,41124.00762,267,2739.758654,326,5.678611714,7311.84503,159,21271.03842,102,1417.116545,125,0.180572845,8530.485869,658,24816.2115,423,1653.302636,517,1.266705033,18279.61258,850,53177.59606,546,3542.791362,668,0.020652301,0.01973843,0,0.6,0.704,0.286,0.01,0.488770526,0.462729474,0.0485,1,1,0.02,0.471221579,0.466494402,0.042284019,1,0.74,0.26,0.92,0.08,0.96,0.04,0.15,0.85,1,0.9,0.1,0.01,0.99,0.35,0.65
Changchun City,Largecities,6,吉林省,181.7334,160.7398775,5201.91525,132,11970.05633,85,828.0284219,104,0.542342782,9045.552628,159,20814.59795,102,1439.849423,125,1.461087644,16761.72692,415,38570.1815,267,2668.091582,326,12.06915057,8669.858749,159,19950.09388,102,1380.04737,125,0.740662158,10114.83521,658,23275.10953,423,1610.055265,517,6.180279315,21674.64687,850,49875.2347,546,3450.118425,668,0.036486117,0.028434562,0.908145976,0.6,0.73,0.26,0.01,0.530836842,0.420663158,0.0485,1,1,0.02,0.471221579,0.466494402,0.042284019,1,0.74,0.26,0.92,0.08,0.96,0.04,0.15,0.85,1,1,0,0.01,0.99,0.35,0.65
Changsha City,Extra-large-cities,6,湖南省,263.0833,235.1213486,2429.706263,132,14802.14299,85,768.1507482,104,1.277619007,4224.989223,159,25739.28198,102,1335.728801,125,1.86939028,7829.053513,415,47695.79408,267,2475.152411,326,17.94736058,4049.510438,159,24670.23832,102,1280.251247,125,1.496119169,4724.428844,658,28781.9447,423,1493.626455,517,5.371462332,10123.77609,850,61675.59579,546,3200.628117,668,0.031151695,0.030049179,1.765228995,0.6,0.721867969,0.242632031,0.0355,0.518615057,0.371884943,0.1095,1,1,0.02,0.014,0.9358125,0.0301875,1,0.74,0.26,0.92,0.08,0.96,0.04,0.15,0.85,1,1,0,0.01,0.99,0.35,0.65
Changzhi City,Medium-small-cities,6,山西省,60.5,53.55520462,4969.782267,132,12460.96531,85,569.2524216,104,0.104304449,8641.899164,159,21668.23413,102,989.8667108,125,0.308638573,16013.74286,415,40151.99934,267,1834.257803,326,3.786593466,8282.970445,159,20768.27552,102,948.7540359,125,0.108579221,9663.465519,658,24229.65477,423,1106.879709,517,2.636679668,20707.42611,850,51920.6888,546,2371.88509,668,0.044525071,0.046984432,0.138500015,0.6,0.756,0.234,0.01,0.564,0.396,0.04,1,1,0.02,0.686,0.147,0.147,1,0.74,0.26,0.92,0.08,0.96,0.04,0.15,0.85,1,1,0,0.01,0.99,0.35,0.65
Zhaotong City,Medium-small-cities,6,云南省,38.37,32.61938089,1864.623244,132,15739.4636,85,395.9131545,104,0.107483355,3242.372641,159,27369.17837,102,688.4489854,125,0.16408087,6008.230453,415,50716.04938,267,1275.720165,326,4.384490094,3107.705407,159,26232.43934,102,659.8552576,125,0.258583144,3625.656308,658,30604.51256,423,769.8311338,517,0.83598165,7769.263516,850,65581.09834,546,1649.638144,668,0.062334605,0.049946008,0.082558294,0.6,0.73,0.26,0.01,0.52,0.44,0.04,1,1,0.02,0.686,0.147,0.147,1,0.74,0.26,0.92,0.08,0.96,0.04,0.15,0.85,1,1,0,0.01,0.99,0.35,0.65
Zhaoqing City,Medium-small-cities,6,广东省,60.1702,53.41887549,3328.261036,132,14017.82031,85,653.9186522,104,0.133396663,5787.476135,159,24375.43199,102,1137.091879,125,0.454431046,10724.39667,415,45168.53211,267,2107.071213,326,4.774251008,5547.101727,159,23363.03385,102,1089.86442,125,0.288853086,6471.618682,658,27256.87283,423,1271.50849,517,1.100392709,13867.75432,850,58407.58463,546,2724.661051,668,0.036451455,0.038901266,0,0.6,0.717,0.273,0.01,0.498,0.462,0.04,1,1,0.02,0.686,0.147,0.147,1,0.74,0.26,0.92,0.08,0.96,0.04,0.15,0.85,1,1,0,0.01,0.99,0.35,0.65
Zhenjiang City,Largecities,6,江苏省,64.75,59.93807218,4499.334649,132,12825.6681,85,674.997256,104,0.134335394,7823.843028,159,22302.41174,102,1173.745229,125,0.391783225,14497.85609,415,41327.15275,267,2174.991158,326,2.197318938,7498.891081,159,21376.11349,102,1124.995427,125,0.380220178,8748.706261,658,24938.79907,423,1312.494665,517,1.708270086,18747.2277,850,53440.28373,546,2812.488567,668,0.03253696,0.030290966,0,0.6,0.743,0.247,0.01,0.55187,0.39963,0.0485,1,1,0.02,0.471221579,0.466494402,0.042284019,1,0.74,0.26,0.92,0.08,0.96,0.04,0.15,0.85,1,1,0,0.01,0.99,0.35,0.65
Zhengzhou City,Extra-large-cities,6,河南省,379.4752,334.9356242,5412.887828,132,11765.67585,85,821.4363202,104,0.862803586,9412.410501,159,20459.20301,102,1428.38649,125,1.872165588,17441.52745,415,37911.62219,267,2646.850365,326,27.21495255,9021.479714,159,19609.45975,102,1369.060534,125,0.936082794,10525.05967,658,22877.70304,423,1597.237289,517,13.65357126,22553.69928,850,49023.64938,546,3422.651334,668,0.029614106,0.018561104,1.618423447,0.6,0.744975781,0.219524219,0.0355,0.55403267,0.33646733,0.1095,1,1,0.02,0.014,0.9358125,0.0301875,1,0.74,0.26,0.92,0.08,0.96,0.04,0.15,0.85,1,1,0,0.01,0.99,0.35,0.65
Zhongshan City,Largecities,6,广东省,120.6398,107.1035572,5391.278793,132,11864.47092,85,744.250289,104,0.267457093,9374.83479,159,20630.99665,102,1294.168558,125,0.911123288,17371.89833,415,38229.96185,267,2398.13982,326,9.57225814,8985.464655,159,19774.1182,102,1240.417148,125,0.579143472,10483.0421,658,23069.80456,423,1447.15334,517,2.206260846,22463.66164,850,49435.29549,546,3101.042871,668,0.076203139,0.034000158,0,0.6,0.717,0.273,0.01,0.509803684,0.441696316,0.0485,1,1,0.02,0.471221579,0.466494402,0.042284019,1,0.74,0.26,0.92,0.08,0.96,0.04,0.15,0.85,1,0.9,0.1,0.01,0.99,0.35,0.65
Zhongwei City,Medium-small-cities,6,宁夏回族自治区,15.42,12.00601416,3272.570215,132,14269.70006,85,457.7297281,104,0.036402731,5690.635985,159,24813.42288,102,795.9411383,125,0.097401901,10544.94847,415,45980.14463,267,1474.906902,326,2.425208958,5454.283691,159,23782.83343,102,762.8828801,125,0.080676322,6363.330973,658,27746.639,423,890.0300268,517,0.774295923,13635.70923,850,59457.08357,546,1907.2072,668,0.056460094,0.036327809,0.993573143,0.6,0.756,0.234,0.01,0.564,0.396,0.04,1,1,0.02,0.686,0.147,0.147,1,0.74,0.26,0.92,0.08,0.96,0.04,0.15,0.85,1,1,0,0.01,0.99,0.35,0.65
Chongqing,Megacities,6,重庆市,459.5,411.9610346,1593.296,132,16072.80072,85,333.9032843,104,1.089976279,2770.56471,159,27948.81458,102,580.620711,125,3.119932102,5133.953777,415,51790.13564,267,1075.910583,326,29.06936737,2655.493333,159,26788.00119,102,556.5054738,125,2.489945812,3098.075555,658,31252.66806,423,649.2563861,517,11.76974386,6638.733332,850,66970.00298,546,1391.263685,668,0.036566034,0.035760554,3.264335271,0.6,0.532462687,0.181037313,0.2865,0.432631579,0.183868421,0.3835,1,1,0.02,0.121363934,0.519066128,0.339569937,1,0.74,0.26,0.92,0.08,0.96,0.04,0.15,0.85,1,1,0,0.01,0.99,0.35,0.65
Zhoushan City,Medium-small-cities,6,浙江省,19.5935,17.72169346,7227.937706,132,10376.59273,85,395.4695611,104,0.037866866,12568.58057,159,18043.74181,102,687.6776257,125,0.088750468,23290.0215,415,33435.68769,267,1274.290808,326,1.393145681,12046.56284,159,17294.32122,102,659.1159352,125,0.046268577,14054.32332,658,20176.70809,423,768.9685911,517,0.305774946,30116.40711,850,43235.80305,546,1647.789838,668,0.084622549,0.034884648,0.196822298,0.6,0.717,0.273,0.01,0.498,0.462,0.04,1,1,0.02,0.686,0.147,0.147,1,0.74,0.26,0.92,0.08,0.96,0.04,0.15,0.85,1,0.9,0.1,0.01,0.99,0.35,0.65
Zhoukou City,Largecities,6,河南省,98.4355,86.8819771,2382.727348,132,15233.13088,85,384.1417755,104,0.223810416,4143.298111,159,26488.72202,102,667.9798652,125,0.485637944,7677.677011,415,49084.53282,267,1237.790166,326,7.05953238,3971.212247,159,25388.55146,102,640.2362925,125,0.242818972,4633.080955,658,29619.9767,423,746.9423413,517,3.541723185,9928.030618,850,63471.37865,546,1600.590731,668,0.03131298,0.038150108,0,0.6,0.743,0.247,0.01,0.55187,0.39963,0.0485,1,1,0.02,0.471221579,0.466494402,0.042284019,1,0.74,0.26,0.92,0.08,0.96,0.04,0.15,0.85,1,1,0,0.01,0.99,0.35,0.65
Zhuhai City,Largecities,6,广东省,68.8579,61.13178262,11130.47519,132,4803.378388,85,2066.146424,104,0.152657197,19354.65963,159,8352.541307,102,3592.79906,125,0.520044266,35864.8645,415,15477.55258,267,6657.582922,326,5.463583277,18550.79198,159,8005.630646,102,3443.577374,125,0.330559262,21642.59064,658,9339.90242,423,4017.506936,517,1.25927338,46376.97995,850,20014.07662,546,8608.943434,668,0.04561731,0.028948449,0.585542917,0.6,0.717,0.273,0.01,0.509803684,0.441696316,0.0485,1,1,0.02,0.471221579,0.466494402,0.042284019,1,0.74,0.26,0.92,0.08,0.96,0.04,0.15,0.85,1,0.9,0.1,0.01,0.99,0.35,0.65
Zhuzhou City,Largecities,6,湖南省,54.8513,49.0213998,1717.675823,132,15649.35999,85,632.9641881,104,0.266375948,2986.847404,159,27212.4982,102,1100.654394,125,0.389756731,5534.733209,415,50425.71552,267,2039.551273,326,3.74191771,2862.793039,159,26082.26665,102,1054.940314,125,0.311931929,3339.925212,658,30429.31109,423,1230.763699,517,1.119917881,7156.982597,850,65205.66662,546,2637.350784,668,0.046803267,0.03463449,0,0.6,0.704,0.286,0.01,0.488770526,0.462729474,0.0485,1,1,0.02,0.471221579,0.466494402,0.042284019,1,0.74,0.26,0.92,0.08,0.96,0.04,0.15,0.85,1,1,0,0.01,0.99,0.35,0.65
Zhumadian City,Medium-small-cities,6,河南省,74.3745,65.64505291,2644.310717,132,14872.80077,85,482.8885112,104,0.169103502,4598.162525,159,25862.14801,102,839.6894667,125,0.366931435,8520.556755,415,47923.46915,267,1555.974092,326,5.333941423,4407.184528,159,24788.00129,102,804.8141853,125,0.183465717,5141.715283,658,28919.33483,423,938.9498829,517,2.676005008,11017.96132,850,61970.00322,546,2012.035463,668,0.034106592,0.032553823,0,0.6,0.756,0.234,0.01,0.564,0.396,0.04,1,1,0.02,0.686,0.147,0.147,1,0.74,0.26,0.92,0.08,0.96,0.04,0.15,0.85,1,1,0,0.01,0.99,0.35,0.65
Ziyang City,Medium-small-cities,6,四川省,32.24,28.88273708,2451.733681,132,15002.46158,85,545.8047387,104,0.059221956,4263.292457,159,26087.61375,102,949.0937955,125,0.208493734,7900.030751,415,48341.26509,267,1758.704158,326,2.154705675,4086.222802,159,25004.10263,102,909.6745644,125,0.169012431,4767.259936,658,29171.45307,423,1061.286992,517,0.765829125,10215.55701,850,62510.25658,546,2274.186411,668,0.045248422,0.057533127,0,0.6,0.73,0.26,0.01,0.52,0.44,0.04,1,1,0.02,0.686,0.147,0.147,1,0.74,0.26,0.92,0.08,0.96,0.04,0.15,0.85,1,1,0,0.01,0.99,0.35,0.65
Zibo City,Largecities,6,山东省,112.4472,98.88758837,4173.018946,132,13177.58512,85,649.39593,104,0.193992089,7256.416279,159,22914.35635,102,1129.227367,125,0.640512534,13446.39438,415,42461.10762,267,2092.497997,326,8.240551735,6955.031577,159,21962.64187,102,1082.32655,125,0.386532866,8114.203507,658,25623.08219,423,1262.714308,517,4.098022411,17387.57894,850,54906.60468,546,2705.816375,668,0.045500797,0.027953206,0,0.6,0.743,0.247,0.01,0.55187,0.39963,0.0485,1,1,0.02,0.471221579,0.466494402,0.042284019,1,0.74,0.26,0.92,0.08,0.96,0.04,0.15,0.85,1,1,0,0.01,0.99,0.35,0.65
Zigong City,Medium-small-cities,6,四川省,44.04,39.45396219,1696.42048,132,15661.98459,85,641.5949252,104,0.080897485,2949.886724,159,27234.45099,102,1115.662287,125,0.284803476,5466.24377,415,50466.3948,267,2067.361426,326,2.943338646,2827.367467,159,26103.30766,102,1069.324875,125,0.230871819,3298.595378,658,30453.85893,423,1247.545688,517,1.046126386,7068.418668,850,65258.26914,546,2673.312188,668,0.035355902,0.054738469,0,0.6,0.73,0.26,0.01,0.52,0.44,0.04,1,1,0.02,0.686,0.147,0.147,1,0.74,0.26,0.92,0.08,0.96,0.04,0.15,0.85,1,1,0,0.01,0.99,0.35,0.65
Zunyi City,Largecities,6,贵州省,94.97,82.22688574,1475.806452,132,15940.35301,85,583.8405356,104,0.338884001,2566.263441,159,27718.50274,102,1015.23382,125,0.55763452,4755.376344,415,51363.35971,267,1881.263948,326,9.660883586,2459.677419,159,26567.25502,102,973.0675593,125,0.525359853,2869.623656,658,30995.13086,423,1135.245486,517,1.660352301,6149.193548,850,66418.13755,546,2432.668898,668,0.073882841,0.056693951,0.38623873,0.6,0.73,0.26,0.01,0.530836842,0.420663158,0.0485,1,1,0.02,0.471221579,0.466494402,0.042284019,1,0.74,0.26,0.92,0.08,0.96,0.04,0.15,0.85,1,1,0,0.01,0.99,0.35,0.65
Altay Prefecture,Medium-small-cities,7,新疆维吾尔族自治区,12.0824,10.00871362,2460.359096,132,15298.20249,85,241.4384086,104,0.062001128,4278.291096,159,26601.87434,102,419.8345661,125,0.084064592,7927.823755,415,49294.20804,267,777.9682056,326,1.360952688,4100.598494,159,25497.00416,102,402.3973477,125,0.080433896,4784.031576,658,29746.50485,423,469.4635723,517,0.486234071,10251.49624,850,63742.5104,546,1005.993369,668,0.105481769,0.087647693,1.797202625,0.6,0.743,0.247,0.01,0.542,0.418,0.04,1,1,0.02,0.686,0.147,0.147,1,0.74,0.26,0.92,0.08,0.96,0.04,0.15,0.85,1,1,0,0.01,0.99,0.35,0.65
Ankang City,Medium-small-cities,7,陕西省,19.7762,17.73389067,1317.038723,132,16312.21311,85,370.7481659,104,0.050667417,2290.184001,159,28365.12613,102,644.6898662,125,0.125784809,4243.791439,415,52561.57558,267,1194.632979,326,1.299678172,2195.064538,159,27187.02185,102,617.9136098,125,0.048605371,2560.908627,658,31718.19216,423,720.8992114,517,0.51757356,5487.661344,850,67967.55463,546,1544.784024,668,0.083397063,0.083567074,4.873953751,0.6,0.73,0.26,0.01,0.52,0.44,0.04,1,1,0.02,0.686,0.147,0.147,1,0.74,0.26,0.92,0.08,0.96,0.04,0.15,0.85,1,1,0,0.01,0.99,0.35,0.65
Anqing City,Medium-small-cities,7,安徽省,57.3094,49.08328264,2113.94044,132,15563.22831,85,322.8312473,104,0.156693991,3675.907543,159,27062.72479,102,561.3676689,125,0.360332741,6811.585863,415,50148.18012,267,1040.234019,326,4.882254892,3523.234067,159,25938.71385,102,538.0520788,125,0.201101196,4110.439745,658,30261.83283,423,627.7274253,517,2.625734537,8808.085168,850,64846.78464,546,1345.130197,668,0.054564071,0.057463828,0.13275932,0.6,0.73,0.26,0.01,0.52,0.44,0.04,1,1,0.02,0.686,0.147,0.147,1,0.74,0.26,0.92,0.08,0.96,0.04,0.15,0.85,1,1,0,0.01,0.99,0.35,0.65
Anshun City,Medium-small-cities,7,贵州省,30.0547,26.0219478,3141.108703,132,14264.95395,85,593.9373451,104,0.107244993,5462.039023,159,24805.16993,102,1032.79105,125,0.17647192,10121.35027,415,45964.85162,267,1913.798112,326,3.057333452,5235.181172,159,23774.92325,102,989.8955751,125,0.166258111,6107.711368,658,27737.41046,423,1154.878171,517,0.525443722,13087.95293,850,59437.30813,546,2474.738938,668,0.103185528,0.096581864,0.300745399,0.6,0.717,0.273,0.01,0.498,0.462,0.04,1,1,0.02,0.686,0.147,0.147,1,0.74,0.26,0.92,0.08,0.96,0.04,0.15,0.85,1,1,0,0.01,0.99,0.35,0.65
Anyang City,Medium-small-cities,7,河南省,86.4084,76.26651595,4263.814068,132,13333.0768,85,403.1091273,104,0.19646469,7414.298907,159,23184.73911,102,700.9619825,125,0.426301463,13738.95644,415,42962.13637,267,1298.907188,326,6.19698074,7106.35678,159,22221.79467,102,671.8485455,125,0.213150732,8290.749577,658,25925.42712,423,783.8233031,517,3.108986429,17765.89195,850,55554.48669,546,1679.621364,668,0.063109088,0.05262186,0,0.6,0.756,0.234,0.01,0.564,0.396,0.04,1,1,0.02,0.686,0.147,0.147,1,0.74,0.26,0.92,0.08,0.96,0.04,0.15,0.85,1,1,0,0.01,0.99,0.35,0.65
Anshan City,Medium-small-cities,7,辽宁省,62.1968,54.16211227,3665.491148,132,13672.35752,85,662.1513331,104,0.291748213,6373.881829,159,23774.71058,102,1151.407596,125,0.544306367,11811.02703,415,44055.37423,267,2133.59874,326,4.505405239,6109.151913,159,22787.26253,102,1103.585555,125,0.32222937,7127.343898,658,26585.13962,423,1287.516481,517,2.370998537,15272.87978,850,56968.15633,546,2758.963888,668,0.077949329,0.070449994,0.035556078,0.6,0.743,0.247,0.01,0.542,0.418,0.04,1,1,0.02,0.686,0.147,0.147,1,0.74,0.26,0.92,0.08,0.96,0.04,0.15,0.85,1,1,0,0.01,0.99,0.35,0.65
Bayannur City,Medium-small-cities,7,内蒙古自治区,36.9,32.35197114,3806.314879,132,13893.16609,85,300.5190311,104,0.077815539,6618.758651,159,24158.67215,102,522.5692042,125,0.195503503,12264.79239,415,44766.86851,267,968.3391003,326,2.855380111,6343.858131,159,23155.27682,102,500.8650519,125,0.094536233,7401.16782,658,27014.48962,423,584.3425606,517,1.324793475,15859.64533,850,57888.19204,546,1252.16263,668,0.108049987,0.05865997,0.082337689,0.6,0.756,0.234,0.01,0.564,0.396,0.04,1,1,0.02,0.686,0.147,0.147,1,0.74,0.26,0.92,0.08,0.96,0.04,0.15,0.85,1,1,0,0.01,0.99,0.35,0.65
Bazhong City,Medium-small-cities,7,四川省,44.98,40.29607673,1257.48176,132,16396.60081,85,345.9174294,104,0.08262418,2186.62106,159,28511.86697,102,601.5119744,125,0.290882387,4051.885671,415,52833.4915,267,1114.622828,326,3.00616195,2095.802933,159,27327.66802,102,576.529049,125,0.235799601,2445.103422,658,31882.27935,423,672.6172238,517,1.068455151,5239.507333,850,68319.17004,546,1441.322622,668,0.093530344,0.088110453,0.059455043,0.6,0.717,0.273,0.01,0.498,0.462,0.04,1,1,0.02,0.686,0.147,0.147,1,0.74,0.26,0.92,0.08,0.96,0.04,0.15,0.85,1,1,0,0.01,0.99,0.35,0.65
Baicheng City,Medium-small-cities,7,吉林省,28.6851,25.37144774,4294.273734,132,13224.05883,85,481.6674325,104,0.08560428,7467.264882,159,22995.16897,102,837.5661465,125,0.230620487,13837.10425,415,42610.85624,267,1552.039505,326,1.905014659,7157.12289,159,22040.09806,102,802.7790541,125,0.116907338,8349.976705,658,25713.44773,423,936.5755632,517,0.975505494,17892.80722,850,55100.24514,546,2006.947635,668,0.063963413,0.057335076,0.030679457,0.6,0.756,0.234,0.01,0.564,0.396,0.04,1,1,0.02,0.686,0.147,0.147,1,0.74,0.26,0.92,0.08,0.96,0.04,0.15,0.85,1,1,0,0.01,0.99,0.35,0.65
Baishan City,Medium-small-cities,7,吉林省,14.5408,12.86107238,3177.732782,132,14210.43718,85,611.8300352,104,0.043393773,5525.724226,159,24710.37132,102,1063.90445,125,0.11690412,10239.36119,415,45789.18648,267,1971.452336,326,0.965673369,5296.221303,159,23684.06197,102,1019.716725,125,0.059261645,6178.924853,658,27631.40563,423,1189.669513,517,0.494494713,13240.55326,850,59210.15493,546,2549.291813,668,0.069708506,0.077366793,0.059324306,0.6,0.73,0.26,0.01,0.52,0.44,0.04,1,1,0.02,0.686,0.147,0.147,1,0.74,0.26,0.92,0.08,0.96,0.04,0.15,0.85,1,1,0,0.01,0.99,0.35,0.65
Baiyin City,Medium-small-cities,7,甘肃省,24.79,20.23462855,3825.158211,132,13622.1745,85,552.6672892,104,0.078490765,6651.525112,159,23687.44788,102,961.0270084,125,0.173697156,12325.50979,415,43893.67339,267,1780.816821,326,3.331496922,6375.263686,159,22703.62417,102,921.1121486,125,0.188232483,7437.807633,658,26487.56153,423,1074.63084,517,0.783454119,15938.15921,850,56759.06041,546,2302.780372,668,0.061849594,0.073630614,0,0.6,0.756,0.234,0.01,0.564,0.396,0.04,1,1,0.02,0.686,0.147,0.147,1,0.74,0.26,0.92,0.08,0.96,0.04,0.15,0.85,1,1,0,0.01,0.99,0.35,0.65
Baise City,Medium-small-cities,7,广西壮族自治区,39.4785,34.25272915,3273.166965,132,13885.34089,85,841.492145,104,0.097133287,5691.673667,159,24145.06499,102,1463.261341,125,0.230765143,10546.87133,415,44741.65398,267,2711.474689,326,3.373174152,5455.278275,159,23142.23482,102,1402.486908,125,0.291988548,6364.49132,658,26999.27395,423,1636.234726,517,1.232709716,13638.19569,850,57855.58704,546,3506.217271,668,0.097401079,0.090829613,0.074478482,0.6,0.73,0.26,0.01,0.52,0.44,0.04,1,1,0.02,0.686,0.147,0.147,1,0.74,0.26,0.92,0.08,0.96,0.04,0.15,0.85,1,1,0,0.01,0.99,0.35,0.65
Bengbu City,Medium-small-cities,7,安徽省,44.0785,37.75152896,4054.276663,132,13594.08659,85,351.6367476,104,0.120518381,7049.936642,159,23638.60612,102,611.4572334,125,0.277143483,13063.78036,415,43803.1679,267,1133.051742,326,3.755099028,6757.127772,159,22656.81098,102,586.061246,125,0.154673388,7883.315734,658,26432.94615,423,683.7381204,517,2.019536756,16892.81943,850,56642.02746,546,1465.153115,668,0.041847686,0.054842623,0,0.6,0.743,0.247,0.01,0.542,0.418,0.04,1,1,0.02,0.686,0.147,0.147,1,0.74,0.26,0.92,0.08,0.96,0.04,0.15,0.85,1,1,0,0.01,0.99,0.35,0.65
Baotou City,Medium-small-cities,7,内蒙古自治区,72.6,63.65184566,5064.302822,132,12057.65608,85,878.0411011,104,0.153100491,8806.259907,159,20966.92418,102,1526.815915,125,0.384649169,16318.30909,415,38852.44736,267,2829.243548,326,5.617902332,8440.504703,159,20096.09346,102,1463.401835,125,0.185998118,9847.255487,658,23445.44237,423,1707.302141,517,2.606504235,21101.26176,850,50240.23365,546,3658.504588,668,0.082338467,0.05443913,0.278611673,0.6,0.756,0.234,0.01,0.564,0.396,0.04,1,1,0.02,0.686,0.147,0.147,1,0.74,0.26,0.92,0.08,0.96,0.04,0.15,0.85,1,1,0,0.01,0.99,0.35,0.65
Baoji City,Medium-small-cities,7,陕西省,39.2303,35.17894495,2889.019585,132,14780.68576,85,330.2946539,104,0.100509602,5023.684056,159,25701.97024,102,574.3457037,125,0.24952093,9309.063107,415,47626.65412,267,1064.282774,326,2.578188155,4815.032641,159,24634.47627,102,550.4910898,125,0.096419095,5617.538082,658,28740.22231,423,642.2396048,517,1.026717268,12037.5816,850,61586.19067,546,1376.227725,668,0.088771193,0.069898385,0,0.6,0.743,0.247,0.01,0.542,0.418,0.04,1,1,0.02,0.686,0.147,0.147,1,0.74,0.26,0.92,0.08,0.96,0.04,0.15,0.85,1,1,0,0.01,0.99,0.35,0.65
Baoding City,Largecities,7,河北省,238,206.0961842,3178.423926,132,14255.61087,85,565.9652035,104,0.319110683,5526.926049,159,24788.92335,102,984.1506039,125,0.979089596,10241.58821,415,45934.74614,267,1823.665656,326,19.51796978,5297.37321,159,23759.35145,102,943.2753392,125,0.641122372,6180.268745,658,27719.24336,423,1100.487896,517,10.44652336,13243.43303,850,59398.37863,546,2358.188348,668,0.07507811,0.063644468,0,0.6,0.756,0.234,0.01,0.572903158,0.378596842,0.0485,1,1,0.02,0.471221579,0.466494402,0.042284019,1,0.74,0.26,0.92,0.08,0.96,0.04,0.15,0.85,1,1,0,0.01,0.99,0.35,0.65
Baoshan City,Medium-small-cities,7,云南省,28.66,24.36464572,1590.987868,132,15977.2617,85,431.7504333,104,0.080283371,2766.551127,159,27782.68284,102,750.7660312,125,0.12255819,5126.516464,415,51482.28769,267,1391.195841,326,3.274940998,2651.646447,159,26628.7695,102,719.5840555,125,0.193145502,3093.587522,658,31066.89775,423,839.5147314,517,0.624426221,6629.116118,850,66571.92374,546,1798.960139,668,0.098118535,0.069221436,0.814747796,0.6,0.73,0.26,0.01,0.52,0.44,0.04,1,1,0.02,0.686,0.147,0.147,1,0.74,0.26,0.92,0.08,0.96,0.04,0.15,0.85,1,1,0,0.01,0.99,0.35,0.65
Beihai City,Medium-small-cities,7,广西壮族自治区,30.3548,26.33673374,2599.601594,132,14348.60558,85,1051.792829,104,0.074685246,4520.418327,159,24950.63081,102,1828.950863,125,0.17743404,8376.494024,415,46234.39575,267,3389.110226,326,2.593614924,4332.669323,159,23914.34263,102,1752.988048,125,0.224508377,5054.780876,658,27900.0664,423,2045.152722,517,0.947823674,10831.67331,850,59785.85657,546,4382.47012,668,0.095155819,0.071973919,0.461059469,0.6,0.73,0.26,0.01,0.52,0.44,0.04,1,1,0.02,0.686,0.147,0.147,1,0.74,0.26,0.92,0.08,0.96,0.04,0.15,0.85,1,0.9,0.1,0.01,0.99,0.35,0.65
Beijing,Megacities,7,北京市,584.25,522.7,7707.502459,132,9352.499329,85,939.9982116,104,7.66,13402.49039,159,16262.95717,102,1634.552446,125,6.31,24835.2857,415,30135.83117,267,3028.883126,326,39.4,12845.83743,159,15587.49888,102,1566.663686,125,1.87,14986.81034,658,18185.41536,423,1827.7743,517,6.31,32114.59358,850,38968.74721,546,3916.659215,668,0.074265488,0.060772238,15.24230639,0.6,0.541514552,0.171985448,0.2865,0.441825,0.174675,0.3835,1,1,0.02,0.121363934,0.519066128,0.339569937,1,0.74,0.26,0.92,0.08,0.96,0.04,0.15,0.85,1,1,0,0.01,0.99,0.35,0.65
Benxi City,Medium-small-cities,7,辽宁省,15.1086,13.15684552,8159.6766,132,9840.3234,85,0,104,0.070870319,14188.77098,159,17111.22902,102,0,125,0.132220744,26292.29127,415,31707.70873,267,0,326,1.094435173,13599.461,159,16400.539,102,0,125,0.078274681,15866.03783,658,19133.96217,423,0,517,0.575953562,33998.6525,850,41001.3475,546,0,668,0.087379224,0.086802918,0,0.6,0.73,0.26,0.01,0.52,0.44,0.04,1,1,0.02,0.686,0.147,0.147,1,0.74,0.26,0.92,0.08,0.96,0.04,0.15,0.85,1,1,0,0.01,0.99,0.35,0.65
Bijie City,Medium-small-cities,7,贵州省,58.2,50.39069969,1444.917944,132,16017.58999,85,537.4920664,104,0.207676623,2512.551757,159,27852.80926,102,934.6389821,125,0.341732432,4655.846707,415,51612.23441,267,1731.918881,326,5.920431975,2408.196573,159,26695.98332,102,895.8201106,125,0.321953706,2809.562668,658,31145.31387,423,1045.123462,517,1.01750557,6020.491432,850,66739.95829,546,2239.550277,668,0.107211632,0.100891085,0.505272414,0.6,0.73,0.26,0.01,0.52,0.44,0.04,1,1,0.02,0.686,0.147,0.147,1,0.74,0.26,0.92,0.08,0.96,0.04,0.15,0.85,1,1,0,0.01,0.99,0.35,0.65
Binzhou City,Medium-small-cities,7,山东省,95.6195,84.08908141,2890.192846,132,14447.41907,85,662.3880883,104,0.164961213,5025.724226,159,25122.45649,102,1151.819287,125,0.544659967,9312.843613,415,46552.79477,267,2134.361618,326,7.007354889,4816.988076,159,24079.03178,102,1103.980147,125,0.328688303,5619.819422,658,28092.20374,423,1287.976838,517,3.484754213,12042.47019,850,60197.57944,546,2759.950368,668,0.052190617,0.063017299,0,0.6,0.743,0.247,0.01,0.542,0.418,0.04,1,1,0.02,0.686,0.147,0.147,1,0.74,0.26,0.92,0.08,0.96,0.04,0.15,0.85,1,0.9,0.1,0.01,0.99,0.35,0.65
Bozhou City,Medium-small-cities,7,安徽省,63.1152,54.0557256,2502.108931,132,15145.79131,85,352.0997616,104,0.172568071,4350.889419,159,26336.84822,102,612.2623632,125,0.396836698,8062.350999,415,48803.10532,267,1134.543676,326,5.376857792,4170.181551,159,25242.98551,102,586.832936,125,0.221474002,4865.21181,658,29450.14976,423,684.6384253,517,2.891737838,10425.45388,850,63107.46378,546,1467.08234,668,0.049172418,0.046276175,0,0.6,0.743,0.247,0.01,0.542,0.418,0.04,1,1,0.02,0.686,0.147,0.147,1,0.74,0.26,0.92,0.08,0.96,0.04,0.15,0.85,1,1,0,0.01,0.99,0.35,0.65
Cangzhou City,Largecities,7,河北省,85.0947,73.68778557,3144.492403,132,14282.09231,85,573.415292,104,0.114095075,5467.922901,159,24834.97162,102,997.1054799,125,0.350064435,10132.2533,415,46020.07521,267,1847.671496,326,6.978469678,5240.820672,159,23803.48718,102,955.6921533,125,0.229227378,6114.290784,658,27770.73504,423,1114.974179,517,3.735057864,13102.05168,850,59508.71794,546,2389.230383,668,0.056703212,0.061816218,0,0.6,0.756,0.234,0.01,0.572903158,0.378596842,0.0485,1,1,0.02,0.471221579,0.466494402,0.042284019,1,0.74,0.26,0.92,0.08,0.96,0.04,0.15,0.85,1,0.9,0.1,0.01,0.99,0.35,0.65
Chamdo City,Medium-small-cities,7,西藏自治区,13.7757,9.001351382,1766.100544,132,15994.48013,85,239.4193258,104,0.072150135,3071.052612,159,27812.62378,102,416.3236054,125,0.106981235,5690.768418,415,51537.76931,267,771.4622719,326,3.092504082,2943.500906,159,26657.46688,102,399.0322096,125,0.462756041,3434.08439,658,31100.37803,423,465.5375779,517,1.039957125,7358.752265,850,66643.66721,546,997.580524,668,0.152830743,0.091426522,0.291662531,0.6,0.73,0.26,0.01,0.52,0.44,0.04,1,1,0.02,0.686,0.147,0.147,1,0.74,0.26,0.92,0.08,0.96,0.04,0.15,0.85,1,1,0,0.01,0.99,0.35,0.65
Changde City,Largecities,7,湖南省,62.3495,55.72264954,1739.525849,132,15918.76738,85,341.7067679,104,0.302789673,3024.84217,159,27680.96773,102,594.190102,125,0.44303667,5605.138846,415,51293.80601,267,1101.055141,326,4.253439723,2899.209748,159,26531.27897,102,569.5112799,125,0.354573179,3382.411373,658,30953.1588,423,664.4298265,517,1.273011212,7248.02437,850,66328.19743,546,1423.7782,668,0.066928864,0.075980634,2.040753869,0.6,0.743,0.247,0.01,0.55187,0.39963,0.0485,1,1,0.02,0.471221579,0.466494402,0.042284019,1,0.74,0.26,0.92,0.08,0.96,0.04,0.15,0.85,1,1,0,0.01,0.99,0.35,0.65
Changzhou City,Largecities,7,江苏省,147.72,136.7421162,5151.340178,132,11909.36517,85,939.2946555,104,0.306471419,8957.608198,159,20709.06276,102,1633.32904,125,0.893810317,16598.76279,415,38374.62109,267,3026.616112,326,5.012941368,8585.566963,159,19848.94194,102,1565.491092,125,0.867430498,10016.49479,658,23157.09894,423,1826.406275,517,3.897230226,21463.91741,850,49622.35486,546,3913.727731,668,0.044092865,0.044804581,1.058670215,0.6,0.756,0.234,0.01,0.572903158,0.378596842,0.0485,1,1,0.02,0.471221579,0.466494402,0.042284019,1,0.74,0.26,0.92,0.08,0.96,0.04,0.15,0.85,1,1,0,0.01,0.99,0.35,0.65
Chaohu City,Medium-small-cities,7,安徽省,9.5791,8.204128341,4461.481206,132,13196.87384,85,341.6449572,104,0.026190946,7758.020097,159,22947.89728,102,594.08262,125,0.060228573,14375.88389,415,42523.26014,267,1100.855973,326,0.816054746,7435.80201,159,21994.78973,102,569.408262,125,0.033613482,8675.102345,658,25660.58802,423,664.309639,517,0.438883913,18589.50502,850,54986.97432,546,1423.520655,668,0.12036642,0.034341163,0,0.6,0.743,0.247,0.01,0.542,0.418,0.04,1,1,0.02,0.686,0.147,0.147,1,0.74,0.26,0.92,0.08,0.96,0.04,0.15,0.85,1,1,0,0.01,0.99,0.35,0.65
Chaoyang City,Medium-small-cities,7,辽宁省,41.8232,36.42040835,3214.504383,132,14183.1843,85,602.3113151,104,0.196181216,5589.665955,159,24662.98159,102,1047.352454,125,0.366009732,10357.84746,415,45701.37164,267,1940.780904,326,3.029584551,5357.507305,159,23638.6405,102,1003.852192,125,0.216677761,6250.425189,658,27578.41392,423,1171.160891,517,1.59433839,13393.76826,850,59096.60126,546,2509.63048,668,0.078660354,0.066035549,2.813449765,0.6,0.73,0.26,0.01,0.52,0.44,0.04,1,1,0.02,0.686,0.147,0.147,1,0.74,0.26,0.92,0.08,0.96,0.04,0.15,0.85,1,1,0,0.01,0.99,0.35,0.65
Chaozhou City,Medium-small-cities,7,广东省,37.4376,33.23695937,3654.915638,132,13714.93501,85,630.1493499,104,0.082998742,6355.492193,159,23848.7481,102,1095.759703,125,0.282744743,11776.95039,415,44192.56837,267,2030.481239,326,2.970515297,6091.526063,159,22858.22502,102,1050.248917,125,0.179722957,7106.780407,658,26667.92919,423,1225.290403,517,0.684658886,15228.81516,850,57145.56255,546,2625.622291,668,0.074251623,0.060880738,0,0.6,0.756,0.234,0.01,0.564,0.396,0.04,1,1,0.02,0.686,0.147,0.147,1,0.74,0.26,0.92,0.08,0.96,0.04,0.15,0.85,1,0.9,0.1,0.01,0.99,0.35,0.65
Chenzhou City,Medium-small-cities,7,湖南省,50.137,44.80816174,2075.037519,132,15349.67484,85,575.2876438,104,0.243481757,3608.259685,159,26691.37902,102,1000.361292,125,0.356258343,6686.232005,415,49460.06337,267,1853.70463,326,3.420311428,3458.395865,159,25582.7914,102,958.8127397,125,0.285122343,4034.795175,658,29846.58996,423,1118.614863,517,1.023664394,8645.989661,850,63956.97849,546,2397.031849,668,0.063160818,0.066198891,0,0.6,0.743,0.247,0.01,0.542,0.418,0.04,1,1,0.02,0.686,0.147,0.147,1,0.74,0.26,0.92,0.08,0.96,0.04,0.15,0.85,1,1,0,0.01,0.99,0.35,0.65
Chengdu City,Extra-large-cities,7,四川省,463.04,414.8220402,4230.957854,132,12714.22068,85,1054.821465,104,0.85056248,7357.165602,159,22108.61707,102,1834.217326,125,2.994445992,13633.08642,415,40968.04442,267,3398.869166,326,30.94649243,7051.596424,159,21190.3678,102,1758.035775,125,2.427404338,8226.862494,658,24722.09577,423,2051.041738,517,10.99905454,17628.99106,850,52975.9195,546,4395.089438,668,0.063204019,0.057801185,5.381383861,0.6,0.721867969,0.242632031,0.0355,0.518615057,0.371884943,0.1095,1,1,0.02,0.014,0.9358125,0.0301875,1,0.74,0.26,0.92,0.08,0.96,0.04,0.15,0.85,1,1,0,0.01,0.99,0.35,0.65
Chengde City,Medium-small-cities,7,河北省,56.9565,49.32150133,3472.735202,132,13921.25212,85,606.0126783,104,0.076367343,6038.700657,159,24207.51063,102,1053.788713,125,0.234308893,11189.92454,415,44857.36794,267,1952.707519,326,4.670904395,5787.892004,159,23202.08687,102,1010.02113,125,0.153428934,6752.540671,658,27069.10134,423,1178.357986,517,2.499989109,14469.73001,850,58005.21716,546,2525.052826,668,0.107741443,0.068256115,0.076375526,0.6,0.756,0.234,0.01,0.564,0.396,0.04,1,1,0.02,0.686,0.147,0.147,1,0.74,0.26,0.92,0.08,0.96,0.04,0.15,0.85,1,1,0,0.01,0.99,0.35,0.65
Chizhou City,Medium-small-cities,7,安徽省,18.5196,15.8613205,2882.596246,132,14621.06268,85,496.3410754,104,0.050635848,5012.514583,159,25424.40344,102,863.0819811,125,0.116441949,9288.36568,415,47112.31308,267,1599.321243,326,1.577706409,4804.327076,159,24368.4378,102,827.2351257,125,0.064986088,5605.048255,658,28429.8441,423,965.1076466,517,0.848509203,12010.81769,850,60921.0945,546,2068.087814,668,0.053086938,0.054413803,0.070968165,0.6,0.73,0.26,0.01,0.52,0.44,0.04,1,1,0.02,0.686,0.147,0.147,1,0.74,0.26,0.92,0.08,0.96,0.04,0.15,0.85,1,1,0,0.01,0.99,0.35,0.65
Chifeng City,Largecities,7,内蒙古自治区,159.421,139.771913,4186.424135,132,13394.13474,85,419.441123,104,0.336190543,7279.726412,159,23290.91208,102,729.3615083,125,0.84464401,13489.58888,415,43158.87861,267,1351.532507,326,12.33624804,6977.373558,159,22323.5579,102,699.0685383,125,0.408429834,8140.269151,658,26044.15089,423,815.5799614,517,5.723574541,17443.43389,850,55808.89476,546,1747.671346,668,0.118009644,0.071138883,3.59E-01,0.6,0.756,0.234,0.01,0.572903158,0.378596842,0.0485,1,1,0.02,0.471221579,0.466494402,0.042284019,1,0.74,0.26,0.92,0.08,0.96,0.04,0.15,0.85,1,1,0,0.01,0.99,0.35,0.65
Chongzuo City,Medium-small-cities,7,广西壮族自治区,19.1722,16.63437501,3308.791801,132,14184.87932,85,506.3288782,104,0.047171468,5753.621299,159,24665.92904,102,880.4496604,125,0.112067973,10661.66247,415,45706.83337,267,1631.504163,326,1.638136441,5514.653002,159,23641.46553,102,843.8814636,125,0.141800292,6433.761836,658,27581.70979,423,984.5283743,517,0.598648815,13786.63251,850,59103.66384,546,2109.703659,668,0.097561538,0.081838937,0,0.6,0.743,0.247,0.01,0.542,0.418,0.04,1,1,0.02,0.686,0.147,0.147,1,0.74,0.26,0.92,0.08,0.96,0.04,0.15,0.85,1,1,0,0.01,0.99,0.35,0.65
Chuzhou City,Medium-small-cities,7,安徽省,47.5566,40.73038698,3203.994139,132,14255.82026,85,540.1855972,104,0.130028119,5571.389808,159,24789.28746,102,939.3227329,125,0.29901203,10323.98111,415,45935.42085,267,1740.598035,326,4.05140244,5339.990232,159,23759.70044,102,900.3093287,125,0.166878193,6229.988604,658,27719.65051,423,1050.360883,517,2.178892242,13349.97558,850,59399.2511,546,2250.773322,668,0.057639603,0.056014867,0,0.6,0.743,0.247,0.01,0.542,0.418,0.04,1,1,0.02,0.686,0.147,0.147,1,0.74,0.26,0.92,0.08,0.96,0.04,0.15,0.85,1,1,0,0.01,0.99,0.35,0.65
Chuxiong Yi Autonomous Prefecture,Medium-small-cities,7,云南省,30.49,25.9203785,1216.107781,132,16437.06969,85,346.8225271,104,0.08540963,2114.676309,159,28582.23785,102,603.0858388,125,0.130383783,3918.569518,415,52963.89123,267,1117.539254,326,3.484052723,2026.846302,159,27395.11615,102,578.0375452,125,0.20547824,2364.65402,658,31960.96884,423,674.3771361,517,0.66429712,5067.115756,850,68487.79038,546,1445.093863,668,0.078051018,0.075871858,0,0.6,0.743,0.247,0.01,0.542,0.418,0.04,1,1,0.02,0.686,0.147,0.147,1,0.74,0.26,0.92,0.08,0.96,0.04,0.15,0.85,1,1,0,0.01,0.99,0.35,0.65
Dazhou City,Medium-small-cities,7,四川省,64.69,57.95360613,1819.812539,132,15603.28706,85,576.9004059,104,0.118829662,3164.451803,159,27132.38249,102,1003.165706,125,0.418345523,5863.840403,415,50277.25829,267,1858.901308,326,4.323446344,3033.020898,159,26005.47843,102,961.5006766,125,0.339125749,3538.524381,658,30339.72483,423,1121.750789,517,1.536646592,7582.552245,850,65013.69606,546,2403.751691,668,0.066723351,0.075645477,0.131558778,0.6,0.73,0.26,0.01,0.52,0.44,0.04,1,1,0.02,0.686,0.147,0.147,1,0.74,0.26,0.92,0.08,0.96,0.04,0.15,0.85,1,1,0,0.01,0.99,0.35,0.65
Dali Bai Autonomous Prefecture,Medium-small-cities,7,云南省,49.98,42.48935775,2012.317698,132,15555.77454,85,431.9077651,104,0.140005684,3499.196886,159,27049.7635,102,751.0396137,125,0.213728483,6484.134805,415,50124.1624,267,1391.702799,326,5.711149724,3353.86283,159,25926.29089,102,719.8462751,125,0.336825268,3912.839968,658,30247.33938,423,839.8206543,517,1.088933095,8384.657075,850,64815.72724,546,1799.615688,668,0.12788346,0.073397371,0.513614859,0.6,0.743,0.247,0.01,0.542,0.418,0.04,1,1,0.02,0.686,0.147,0.147,1,0.74,0.26,0.92,0.08,0.96,0.04,0.15,0.85,1,1,0,0.01,0.99,0.35,0.65
Dalian City,Largecities,7,辽宁省,169.4615,147.5701771,7802.839461,132,9501.274117,85,695.8864216,104,0.794897644,13568.27084,159,16521.65999,102,1210.069166,125,1.483017993,25142.48271,415,30615.2166,267,2242.300692,326,12.27543427,13004.73244,159,15835.45686,102,1159.810703,125,0.877946652,15172.18784,658,18474.69967,423,1353.112486,517,6.460026377,32511.83109,850,39588.64216,546,2899.526756,668,0.056807866,0.055319767,2.416537112,0.6,0.743,0.247,0.01,0.55187,0.39963,0.0485,1,1,0.02,0.471221579,0.466494402,0.042284019,1,0.74,0.26,0.92,0.08,0.96,0.04,0.15,0.85,1,0.9,0.1,0.01,0.99,0.35,0.65
Daqing City,Medium-small-cities,7,黑龙江省,97.5303,83.16189506,4294.283716,132,12990.46559,85,715.250692,104,0.399122359,7467.28224,159,22588.97628,102,1243.741481,125,0.969297159,13837.13642,415,41858.16691,267,2304.696674,326,8.299844495,7157.139527,159,21650.77599,102,1192.084487,125,0.796344136,8349.996115,658,25259.23865,423,1390.765234,517,3.903796792,17892.84882,850,54126.93997,546,2980.211217,668,0.068696066,0.066769793,0.126389657,0.6,0.743,0.247,0.01,0.542,0.418,0.04,1,1,0.02,0.686,0.147,0.147,1,0.74,0.26,0.92,0.08,0.96,0.04,0.15,0.85,1,1,0,0.01,0.99,0.35,0.65
Datong City,Medium-small-cities,7,山西省,78.5117,69.49934147,5284.235294,132,11922.35294,85,793.4117647,104,0.135357348,9188.698039,159,20731.64706,102,1379.654902,125,0.400524613,17026.98039,415,38416.47059,267,2556.54902,326,4.91391554,8807.058824,159,19870.58824,102,1322.352941,125,0.140904781,10274.90196,658,23182.35294,423,1542.745098,517,3.421656249,22017.64706,850,49676.47059,546,3305.882353,668,0.094762874,0.075630885,0.679890742,0.6,0.756,0.234,0.01,0.564,0.396,0.04,1,1,0.02,0.686,0.147,0.147,1,0.74,0.26,0.92,0.08,0.96,0.04,0.15,0.85,1,1,0,0.01,0.99,0.35,0.65
Dandong City,Medium-small-cities,7,辽宁省,34.6818,30.20154647,3373.178142,132,14105.71202,85,521.1098369,104,0.162682858,5865.581992,159,24528.2659,102,906.1521053,125,0.303512794,10869.12957,415,45451.73873,267,1679.131697,326,2.512276571,5621.96357,159,23509.52003,102,868.5163949,125,0.179679574,6558.957499,658,27427.77337,423,1013.269127,517,1.322101733,14054.90893,850,58773.80009,546,2171.290987,668,0.064963374,0.069030444,0.035538674,0.6,0.73,0.26,0.01,0.52,0.44,0.04,1,1,0.02,0.686,0.147,0.147,1,0.74,0.26,0.92,0.08,0.96,0.04,0.15,0.85,1,0.9,0.1,0.01,0.99,0.35,0.65
Deyang City,Medium-small-cities,7,四川省,67.79,60.73079239,2758.920456,132,14590.52863,85,650.550911,104,0.124524081,4797.456127,159,25371.30812,102,1131.235751,125,0.438392998,8889.854803,415,47013.92559,267,2096.219602,326,4.530629582,4598.20076,159,24317.54772,102,1084.251518,125,0.355376944,5364.567554,658,28370.47234,423,1264.960105,517,1.610284008,11495.5019,850,60793.8693,546,2710.628796,668,0.03988038,0.074510633,0,0.6,0.73,0.26,0.01,0.52,0.44,0.04,1,1,0.02,0.686,0.147,0.147,1,0.74,0.26,0.92,0.08,0.96,0.04,0.15,0.85,1,1,0,0.01,0.99,0.35,0.65
Dezhou City,Largecities,7,山东省,108.1157,95.07840869,2694.51356,132,14729.2358,85,576.2506377,104,0.186519455,4685.45969,159,25612.50448,102,1002.035831,125,0.615839798,8682.321471,415,47460.87092,267,1856.80761,326,7.923123201,4490.855933,159,24548.72634,102,960.4177294,125,0.371643503,5239.331922,658,28640.18073,423,1120.487351,517,3.940165354,11227.13983,850,61371.81584,546,2401.044324,668,0.069214741,0.075264122,0,0.6,0.756,0.234,0.01,0.572903158,0.378596842,0.0485,1,1,0.02,0.471221579,0.466494402,0.042284019,1,0.74,0.26,0.92,0.08,0.96,0.04,0.15,0.85,1,1,0,0.01,0.99,0.35,0.65
Diqing Tibetan Autonomous Prefecture,Medium-small-cities,7,云南省,7.96,6.767012558,2635.615028,132,15294.90479,85,69.48018528,104,0.022297824,4583.041688,159,26596.13999,102,120.8183222,125,0.03403919,8492.537313,415,49283.58209,267,223.880597,326,0.909578868,4392.691714,159,25491.50798,102,115.8003088,125,0.05364404,5124.806999,658,29740.09264,423,135.1003603,517,0.17342752,10981.72928,850,63728.76994,546,289.500772,668,0.078785775,0.097832127,0.350858878,0.6,0.73,0.26,0.01,0.52,0.44,0.04,1,1,0.02,0.686,0.147,0.147,1,0.74,0.26,0.92,0.08,0.96,0.04,0.15,0.85,1,1,0,0.01,0.99,0.35,0.65
Dingxi City,Medium-small-cities,7,甘肃省,30.58,24.96066725,2586.902241,132,14941.9649,85,471.1328548,104,0.096823219,4498.335564,159,25982.41675,102,819.2476864,125,0.214266198,8335.573888,415,48146.33136,267,1518.094754,326,4.10960774,4311.503735,159,24903.27484,102,785.2214247,125,0.232196423,5030.087691,658,29053.82065,423,916.0916621,517,0.966439167,10778.75934,850,62258.1871,546,1963.053562,668,0.11568063,0.088948612,0,0.6,0.743,0.247,0.01,0.542,0.418,0.04,1,1,0.02,0.686,0.147,0.147,1,0.74,0.26,0.92,0.08,0.96,0.04,0.15,0.85,1,1,0,0.01,0.99,0.35,0.65
Dongguan City,Medium-small-cities,7,广东省,322.8715,286.6440939,14943.90465,132,1673.117759,85,1382.977596,104,0.71580252,25985.78974,159,2909.36588,102,2404.844375,125,2.438463448,48152.58164,415,5391.157222,267,4456.261142,326,25.61848863,24906.50774,159,2788.529598,102,2304.96266,125,1.549977052,29057.59237,658,3253.284531,423,2689.123103,517,5.904674482,62266.26936,850,6971.323994,546,5762.40665,668,0.080454375,0.061866402,0,0.6,0.717,0.273,0.01,0.498,0.462,0.04,1,1,0.02,0.686,0.147,0.147,1,0.74,0.26,0.92,0.08,0.96,0.04,0.15,0.85,1,0.9,0.1,0.01,0.99,0.35,0.65
Dongying City,Largecities,7,山东省,73.1925,64.36647432,5867.834274,132,11583.63253,85,548.5331933,104,0.126270516,10203.51182,159,20142.6499,102,953.8382751,125,0.416913126,18907.46599,415,37325.03816,267,1767.495845,326,5.363820379,9779.72379,159,19306.05422,102,914.2219889,125,0.251596365,11409.67775,658,22523.72992,423,1066.59232,517,2.667425292,24449.30947,850,48265.13555,546,2285.554972,668,0.061031343,0.046222389,0.75823604,0.6,0.756,0.234,0.01,0.572903158,0.378596842,0.0485,1,1,0.02,0.471221579,0.466494402,0.042284019,1,0.74,0.26,0.92,0.08,0.96,0.04,0.15,0.85,1,0.9,0.1,0.01,0.99,0.35,0.65
Ordos City,Largecities,7,内蒙古自治区,70.5,61.81067657,2734.371634,132,14781.61847,85,484.0099006,104,0.148671965,4754.768452,159,25703.59211,102,841.6394383,125,0.373522953,8810.753042,415,47629.6595,267,1559.587457,326,5.455401025,4557.286056,159,24636.03078,102,806.6831677,125,0.180618007,5316.833732,658,28742.03591,423,941.1303623,517,2.531109484,11393.21514,850,61590.07694,546,2016.707919,668,0.098385108,0.057910083,0.656521468,0.6,0.756,0.234,0.01,0.572903158,0.378596842,0.0485,1,1,0.02,0.471221579,0.466494402,0.042284019,1,0.74,0.26,0.92,0.08,0.96,0.04,0.15,0.85,1,1,0,0.01,0.99,0.35,0.65
Ezhou City,Medium-small-cities,7,湖北省,7.7847,6.853170225,2985.665253,132,14577.35368,85,436.9810699,104,0.025196148,5191.740135,159,25348.39834,102,759.8615272,125,0.056031866,9620.476927,415,46971.47296,267,1408.050114,326,0.58005716,4976.108756,159,24295.58946,102,728.3017832,125,0.052848237,5805.460215,658,28344.85437,423,849.6854137,517,0.217396364,12440.27189,850,60738.97365,546,1820.754458,668,0.093293542,0.053044199,0,0.6,0.73,0.26,0.01,0.52,0.44,0.04,1,1,0.02,0.686,0.147,0.147,1,0.74,0.26,0.92,0.08,0.96,0.04,0.15,0.85,1,1,0,0.01,0.99,0.35,0.65
Enshi Tujia and Miao Autonomous Prefecture,Medium-small-cities,7,湖北省,48.4,42.60837783,2065.396485,132,15934.60352,85,0,104,0.156652606,3591.494998,159,27708.505,102,0,125,0.348368251,6655.16645,415,51344.83355,267,0,326,3.606403141,3442.327474,159,26557.67253,102,0,125,0.3285746,4016.04872,658,30983.95128,423,0,517,1.35162357,8605.818686,850,66394.18131,546,0,668,0.082011788,0.056902918,0.239572466,0.6,0.717,0.273,0.01,0.498,0.462,0.04,1,1,0.02,0.686,0.147,0.147,1,0.74,0.26,0.92,0.08,0.96,0.04,0.15,0.85,1,1,0,0.01,0.99,0.35,0.65
Fangchenggang City,Medium-small-cities,7,广西壮族自治区,15.5007,13.44887163,3343.471299,132,13881.08086,85,775.4478382,104,0.038138074,5813.925092,159,24137.65728,102,1348.41763,125,0.090606818,10773.40752,415,44727.92723,267,2498.665256,326,1.324431287,5572.452165,159,23135.13477,102,1292.413064,125,0.114645361,6501.194192,658,26990.99057,423,1507.815241,517,0.484006827,13931.13041,850,57837.83693,546,3231.032659,668,0.112940605,0.068827873,0,0.6,0.704,0.286,0.01,0.476,0.484,0.04,1,1,0.02,0.686,0.147,0.147,1,0.74,0.26,0.92,0.08,0.96,0.04,0.15,0.85,1,0.9,0.1,0.01,0.99,0.35,0.65
Foshan City,Extra-large-cities,7,广东省,272.9071,242.2858889,9689.575916,132,6462.946254,85,1847.47783,104,0.605032001,16849.0959,159,11238.34543,102,3212.558671,125,2.061110962,31221.96684,415,20825.04904,267,5952.98412,326,21.6540247,16149.29319,159,10771.57709,102,3079.129717,125,1.310117933,18840.84206,658,12566.83994,423,3592.318003,517,4.990925459,40373.23298,850,26928.94273,546,7697.824293,668,0.072808564,0.056894764,0.10239277,0.6,0.721867969,0.242632031,0.0355,0.518615057,0.371884943,0.1095,1,1,0.02,0.014,0.9358125,0.0301875,1,0.74,0.26,0.92,0.08,0.96,0.04,0.15,0.85,1,1,0,0.01,0.99,0.35,0.65
Fuzhou City (Fujian),Extra-large-cities,7,福建省,145.93,127.6066513,3323.763961,132,13637.94866,85,1038.28738,104,0.475903168,5779.656222,159,23714.87739,102,1805.466389,125,0.766613248,10709.9061,415,43944.50123,267,3345.592669,326,13.61169197,5539.606602,159,22729.91443,102,1730.478967,125,0.432835008,6462.874369,658,26518.2335,423,2018.892128,517,3.036305281,13849.01651,850,56824.78608,546,4326.197417,668,0.045141382,0.042849645,1.503875437,0.6,0.733421875,0.231078125,0.0355,0.536323864,0.354176136,0.1095,1,1,0.02,0.014,0.9358125,0.0301875,1,0.74,0.26,0.92,0.08,0.96,0.04,0.15,0.85,1,0.9,0.1,0.01,0.99,0.35,0.65
Fushun City,Medium-small-cities,7,辽宁省,28.5754,24.88398154,3259.609913,132,14149.61067,85,590.7794131,104,0.134039402,5668.099459,159,24604.60078,102,1027.299757,125,0.250073511,10503.1875,415,45593.18995,267,1903.622553,326,2.069941812,5432.683188,159,23582.68446,102,984.6323551,125,0.148043519,6338.130386,658,27513.13187,423,1148.737748,517,1.089320216,13581.70797,850,58956.71114,546,2461.580888,668,0.066931194,0.094154895,0,0.6,0.743,0.247,0.01,0.542,0.418,0.04,1,1,0.02,0.686,0.147,0.147,1,0.74,0.26,0.92,0.08,0.96,0.04,0.15,0.85,1,1,0,0.01,0.99,0.35,0.65
Fuzhou City (Jiangxi),Medium-small-cities,7,江西省,37.6025,32.33078066,2592.127129,132,14702.11882,85,705.7540507,104,0.088029665,4507.421064,159,25565.35106,102,1227.227877,125,0.190521345,8352.409639,415,47373.49398,267,2274.096386,326,3.050227877,4320.211882,159,24503.53137,102,1176.256751,125,0.240195228,5040.247196,658,28587.45326,423,1372.299543,517,1.702745226,10800.52971,850,61258.82842,546,2940.641878,668,0.060460839,0.060664386,0,0.6,0.704,0.286,0.01,0.476,0.484,0.04,1,1,0.02,0.686,0.147,0.147,1,0.74,0.26,0.92,0.08,0.96,0.04,0.15,0.85,1,1,0,0.01,0.99,0.35,0.65
Fuxin City,Medium-small-cities,7,辽宁省,28.8588,25.13077145,3020.240827,132,14510.06145,85,469.69772,104,0.135368754,5251.863216,159,25231.38464,102,816.7521464,125,0.252553646,9731.88711,415,46754.64246,267,1513.470431,326,2.090470711,5033.734712,159,24183.43575,102,782.8295333,125,0.149511758,5872.690497,658,28214.00838,423,913.3011222,517,1.100123681,12584.33678,850,60458.58939,546,1957.073833,668,0.071924613,0.07329159,0,0.6,0.756,0.234,0.01,0.564,0.396,0.04,1,1,0.02,0.686,0.147,0.147,1,0.74,0.26,0.92,0.08,0.96,0.04,0.15,0.85,1,1,0,0.01,0.99,0.35,0.65
Fuyang City,Medium-small-cities,7,安徽省,92.9875,79.64019419,2729.903537,132,15023.15113,85,246.9453376,104,0.2542442,4746.998928,159,26123.59057,102,429.4105038,125,0.584658726,8796.355841,415,48407.9314,267,795.7127546,326,7.921714007,4549.839228,159,25038.58521,102,411.5755627,125,0.326297212,5308.145766,658,29211.68274,423,480.1714898,517,4.260391668,11374.59807,850,62596.46302,546,1028.938907,668,0.062452423,0.052876142,0.289355193,0.6,0.743,0.247,0.01,0.542,0.418,0.04,1,1,0.02,0.686,0.147,0.147,1,0.74,0.26,0.92,0.08,0.96,0.04,0.15,0.85,1,1,0,0.01,0.99,0.35,0.65
Ganzhou City,Largecities,7,江西省,105.325,90.5588584,2365.408205,132,15023.30653,85,611.2852665,104,0.246572021,4113.182045,159,26123.8608,102,1062.957158,125,0.533652303,7621.870883,415,48408.43215,267,1969.69697,326,8.543720528,3942.347008,159,25038.84421,102,1018.808777,125,0.672789372,4599.404843,658,29211.98492,423,1188.61024,517,4.769407378,9855.867521,850,62597.11054,546,2547.021944,668,0.059928539,0.052268912,0.29394762,0.6,0.704,0.286,0.01,0.488770526,0.462729474,0.0485,1,1,0.02,0.471221579,0.466494402,0.042284019,1,0.74,0.26,0.92,0.08,0.96,0.04,0.15,0.85,1,1,0,0.01,0.99,0.35,0.65
Guyuan City,Medium-small-cities,7,宁夏回族自治区,17.92,13.95251452,4664.43934,132,12835.66507,85,499.8955941,104,0.0423046,8110.941741,159,22319.79536,102,869.2628941,125,0.11319339,15029.8601,415,41359.36521,267,1610.774692,326,2.818401072,7774.065567,159,21392.77511,102,833.1593234,125,0.093756141,9069.743161,658,24958.23763,423,972.0192107,517,0.899830281,19435.16392,850,53481.93777,546,2082.898309,668,0.107643594,0.073444295,0.54364051,0.6,0.756,0.234,0.01,0.564,0.396,0.04,1,1,0.02,0.686,0.147,0.147,1,0.74,0.26,0.92,0.08,0.96,0.04,0.15,0.85,1,1,0,0.01,0.99,0.35,0.65
Guang'an City,Medium-small-cities,7,四川省,39.23,35.14484416,1339.144511,132,16194.1468,85,466.7086867,104,0.072061952,2328.62351,159,28159.82194,102,811.5545496,125,0.253697556,4315.021201,415,52181.1397,267,1503.839102,326,2.62187046,2231.907518,159,26990.24467,102,777.8478111,125,0.205656255,2603.892104,658,31488.61878,423,907.489113,517,0.931869621,5579.768794,850,67475.61168,546,1944.619528,668,0.063188707,0.070122485,0,0.6,0.73,0.26,0.01,0.52,0.44,0.04,1,1,0.02,0.686,0.147,0.147,1,0.74,0.26,0.92,0.08,0.96,0.04,0.15,0.85,1,1,0,0.01,0.99,0.35,0.65
Guangyuan City,Medium-small-cities,7,四川省,44.13,39.53459018,1991.652725,132,15555.32212,85,453.0251595,104,0.081062807,3463.262795,159,27048.97679,102,787.7604163,125,0.285385499,6417.54767,415,50122.70459,267,1459.747736,326,2.949353643,3319.421209,159,25925.53686,102,755.0419326,125,0.231343628,3872.658077,658,30246.45967,423,880.8822547,517,1.048264247,8298.553022,850,64813.84215,546,1887.604831,668,0.092137642,0.077397743,1.630116467,0.6,0.73,0.26,0.01,0.52,0.44,0.04,1,1,0.02,0.686,0.147,0.147,1,0.74,0.26,0.92,0.08,0.96,0.04,0.15,0.85,1,1,0,0.01,0.99,0.35,0.65
Guangzhou City,Megacities,7,广东省,277.3517,246.231788,6796.081923,132,9140.249332,85,2063.668744,104,0.61488563,11817.63134,159,15893.87801,102,3588.49065,125,2.094678479,21898.4862,415,29451.91451,267,6649.599288,326,22.00668493,11326.80321,159,15233.74889,102,3439.447907,125,1.331454682,13214.60374,658,17772.70703,423,4012.689225,517,5.072208311,28317.00801,850,38084.37222,546,8598.619768,668,0.065828995,0.049663575,8.055246445,0.6,0.514358955,0.199141045,0.2865,0.414244737,0.202255263,0.3835,1,1,0.02,0.121363934,0.519066128,0.339569937,1,0.74,0.26,0.92,0.08,0.96,0.04,0.15,0.85,1,0.9,0.1,0.01,0.99,0.35,0.65
Guigang City,Medium-small-cities,7,广西壮族自治区,42.7409,37.08328512,3267.132813,132,14009.19702,85,723.6701636,104,0.105160128,5681.180948,159,24360.43705,102,1258.382007,125,0.249834971,10527.42795,415,45140.74596,267,2331.826083,326,3.651924443,5445.221356,159,23348.6617,102,1206.116939,125,0.316117718,6352.758248,658,27240.10532,423,1407.136429,517,1.334577624,13613.05339,850,58371.65426,546,3015.292348,668,0.073098432,0.076862058,0,0.6,0.717,0.273,0.01,0.498,0.462,0.04,1,1,0.02,0.686,0.147,0.147,1,0.74,0.26,0.92,0.08,0.96,0.04,0.15,0.85,1,1,0,0.01,0.99,0.35,0.65
Guiyang City,Largecities,7,贵州省,134.1511,116.1506494,5579.193658,132,11674.79948,85,746.0068641,104,0.478694972,9701.59786,159,20301.17909,102,1297.223047,125,0.787693843,17977.40179,415,37618.79832,267,2403.799895,326,13.64660588,9298.656096,159,19457.99913,102,1243.344774,125,0.742103846,10848.43211,658,22700.99899,423,1450.568902,517,2.345352086,23246.64024,850,48644.99783,546,3108.361934,668,0.075273058,0.07057424,4.26914106,0.6,0.73,0.26,0.01,0.530836842,0.420663158,0.0485,1,1,0.02,0.471221579,0.466494402,0.042284019,1,0.74,0.26,0.92,0.08,0.96,0.04,0.15,0.85,1,1,0,0.01,0.99,0.35,0.65
Guilin City,Medium-small-cities,7,广西壮族自治区,70.3696,61.05477284,3203.703704,132,13944.44444,85,851.8518519,104,0.173138051,5570.884774,159,24247.83951,102,1481.27572,125,0.411334037,10323.04527,415,44932.09877,267,2744.855967,326,6.012612329,5339.506173,159,23240.74074,102,1419.753086,125,0.520463476,6229.423868,658,27114.19753,423,1656.378601,517,2.19727927,13348.76543,850,58101.85185,546,3549.382716,668,0.089639165,0.071591636,1.008996128,0.6,0.704,0.286,0.01,0.476,0.484,0.04,1,1,0.02,0.686,0.147,0.147,1,0.74,0.26,0.92,0.08,0.96,0.04,0.15,0.85,1,1,0,0.01,0.99,0.35,0.65
Harbin City,Largecities,7,黑龙江省,195.2374,166.4745435,4371.074236,132,13016.03493,85,612.8908297,104,0.798968236,7600.812421,159,22633.43852,102,1065.749054,125,1.94035143,14084.57254,415,41940.55701,267,1974.870451,326,16.6147347,7285.123726,159,21693.39156,102,1021.484716,125,1.594131861,8499.311014,658,25308.95682,423,1191.732169,517,7.81467027,18212.80932,850,54233.47889,546,2553.71179,668,0.056691056,0.057846585,2.894986579,0.6,0.73,0.26,0.01,0.530836842,0.420663158,0.0485,1,1,0.02,0.471221579,0.466494402,0.042284019,1,0.74,0.26,0.92,0.08,0.96,0.04,0.15,0.85,1,1,0,0.01,0.99,0.35,0.65
Hami City,Medium-small-cities,7,新疆维吾尔族自治区,19.69,16.31063127,2619.429173,132,14791.83885,85,588.7319723,104,0.101039712,4554.896285,159,25721.36423,102,1023.739485,125,0.136995285,8440.382891,415,47662.59186,267,1897.025244,326,2.217867181,4365.715289,159,24653.06476,102,981.2199539,125,0.131078545,5093.334503,658,28761.90888,423,1144.756613,517,0.792388008,10914.28822,850,61632.66189,546,2453.049885,668,0.104222878,0.096410319,0.12068164,0.6,0.756,0.234,0.01,0.564,0.396,0.04,1,1,0.02,0.686,0.147,0.147,1,0.74,0.26,0.92,0.08,0.96,0.04,0.15,0.85,1,1,0,0.01,0.99,0.35,0.65
Haidong City,Medium-small-cities,7,青海省,21.2874,17.60100597,2650.554155,132,14875.06627,85,474.3795747,104,0.104094866,4609.019169,159,25866.08746,102,824.8933715,125,0.166910733,8540.674499,415,47930.76909,267,1528.556407,326,2.661598027,4417.590258,159,24791.77712,102,790.6326244,125,0.13281069,5153.855301,658,28923.73997,423,922.4047285,517,0.620979715,11043.97565,850,61979.44279,546,1976.581561,668,0.068178403,0.066961666,0,0.6,0.743,0.247,0.01,0.542,0.418,0.04,1,1,0.02,0.686,0.147,0.147,1,0.74,0.26,0.92,0.08,0.96,0.04,0.15,0.85,1,1,0,0.01,0.99,0.35,0.65
Haikou City,Medium-small-cities,7,海南省,82.071,70.53465009,6697.587168,132,10178.61088,85,1123.801957,104,0.342663859,11646.35991,159,17699.47336,102,1954.166736,125,1.00394499,21581.11421,415,32797.74615,267,3621.139638,326,8.410293657,11162.64528,159,16964.35146,102,1873.003261,125,0.679316071,13023.08616,658,19791.74337,423,2185.170472,517,1.100131336,27906.6132,850,42410.87865,546,4682.508153,668,0.06990293,0.052737346,2.724902008,0.6,0.743,0.247,0.01,0.542,0.418,0.04,1,1,0.02,0.686,0.147,0.147,1,0.74,0.26,0.92,0.08,0.96,0.04,0.15,0.85,1,0.9,0.1,0.01,0.99,0.35,0.65
Handan City,Largecities,7,河北省,153.9156,133.2832683,4985.983567,132,12498.79169,85,515.2247463,104,0.20637022,8670.071425,159,21734.00999,102,895.9185865,125,0.633181356,16065.94705,415,40273.88432,267,1660.168627,326,12.62235307,8309.972612,159,20831.31948,102,858.7079104,125,0.414616532,9694.968047,658,24303.20606,423,1001.825895,517,6.755810552,20774.93153,850,52078.2987,546,2146.769776,668,0.081368716,0.059726842,0.95131467,0.6,0.756,0.234,0.01,0.572903158,0.378596842,0.0485,1,1,0.02,0.471221579,0.466494402,0.042284019,1,0.74,0.26,0.92,0.08,0.96,0.04,0.15,0.85,1,1,0,0.01,0.99,0.35,0.65
Hanzhong City,Medium-small-cities,7,陕西省,33.1003,29.68199661,1791.909726,132,15718.37047,85,489.7198049,104,0.084804296,3115.931912,159,27332.49976,102,851.5683274,125,0.210531595,5773.931338,415,50648.08262,267,1577.986038,326,2.175328799,2986.516209,159,26197.28412,102,816.1996749,125,0.081352958,3484.268911,658,30563.49814,423,952.232954,517,0.866285743,7466.290523,850,65493.21029,546,2040.499187,668,0.087022476,0.083702518,0.445451182,0.6,0.717,0.273,0.01,0.498,0.462,0.04,1,1,0.02,0.686,0.147,0.147,1,0.74,0.26,0.92,0.08,0.96,0.04,0.15,0.85,1,1,0,0.01,0.99,0.35,0.65
Hangzhou City,Extra-large-cities,7,浙江省,274.584,248.3524372,5552.618369,132,11389.2109,85,1058.170735,104,0.530667601,9655.386386,159,19804.57228,102,1840.041333,125,1.243752189,17891.7703,415,36698.56844,267,3409.661257,326,19.5235927,9254.363949,159,18982.01816,102,1763.617891,125,0.648409475,10796.75794,658,22145.68785,423,2057.554207,517,4.285140876,23135.90987,850,47455.0454,546,4409.044728,668,0.073872462,0.041915031,5.032030454,0.6,0.721867969,0.242632031,0.0355,0.518615057,0.371884943,0.1095,1,1,0.02,0.014,0.9358125,0.0301875,1,0.74,0.26,0.92,0.08,0.96,0.04,0.15,0.85,1,1,0,0.01,0.99,0.35,0.65
Hefei City,Extra-large-cities,7,安徽省,216.4758,185.4031429,3778.326417,132,13766.87503,85,454.7985502,104,0.591882957,6570.089825,159,23939.06603,102,790.8441456,125,1.361091173,12174.60734,415,44359.93066,267,1465.461995,326,18.44182688,6297.210695,159,22944.79172,102,757.9975837,125,0.759623067,7346.745811,658,26768.92367,423,884.3305143,517,9.918233038,15743.02674,850,57361.9793,546,1894.993959,668,0.077725962,0.043237412,1.649288491,0.6,0.744975781,0.219524219,0.0355,0.55403267,0.33646733,0.1095,1,1,0.02,0.014,0.9358125,0.0301875,1,0.74,0.26,0.92,0.08,0.96,0.04,0.15,0.85,1,1,0,0.01,0.99,0.35,0.65
Hechi City,Medium-small-cities,7,广西壮族自治区,32.5873,28.27371761,3381.579088,132,14059.22775,85,559.1931642,104,0.080178111,5880.190303,159,24447.43492,102,972.37478,125,0.190483755,10896.19928,415,45301.95608,267,1801.84464,326,2.784367138,5635.965146,159,23432.04625,102,931.9886071,125,0.241020262,6575.292671,658,27337.38729,423,1087.320042,517,1.017533122,14089.91287,850,58580.11562,546,2329.971518,668,0.11529701,0.081826872,0.012389962,0.6,0.717,0.273,0.01,0.498,0.462,0.04,1,1,0.02,0.686,0.147,0.147,1,0.74,0.26,0.92,0.08,0.96,0.04,0.15,0.85,1,1,0,0.01,0.99,0.35,0.65
Heyuan City,Medium-small-cities,7,广东省,41.7966,37.10686305,3120.795984,132,14163.40119,85,715.8028261,104,0.092662597,5426.717461,159,24628.58096,102,1244.701581,125,0.315665772,10055.89817,415,45637.62606,267,2306.475773,326,3.31638352,5201.32664,159,23605.66865,102,1193.00471,125,0.200648775,6068.214413,658,27539.94676,423,1391.838829,517,0.764376284,13003.3166,850,59014.17163,546,2982.511775,668,0.053131571,0.066289216,0,0.6,0.704,0.286,0.01,0.476,0.484,0.04,1,1,0.02,0.686,0.147,0.147,1,0.74,0.26,0.92,0.08,0.96,0.04,0.15,0.85,1,1,0,0.01,0.99,0.35,0.65
Heze City,Largecities,7,山东省,118.3422,104.0717311,2678.835737,132,14823.70994,85,497.4543267,104,0.204162048,4658.197698,159,25776.7845,102,865.0178015,125,0.67409115,8631.804042,415,47765.28757,267,1602.908386,326,8.672559402,4464.726228,159,24706.18323,102,829.0905445,125,0.406796698,5208.847267,658,28823.88043,423,967.2723019,517,4.312859616,11161.81557,850,61765.45807,546,2072.726361,668,0.062937758,0.061990708,0,0.6,0.743,0.247,0.01,0.55187,0.39963,0.0485,1,1,0.02,0.471221579,0.466494402,0.042284019,1,0.74,0.26,0.92,0.08,0.96,0.04,0.15,0.85,1,1,0,0.01,0.99,0.35,0.65
Hezhou City,Medium-small-cities,7,广西壮族自治区,22.6107,19.61772061,3290.564464,132,14119.55149,85,589.8840431,104,0.055631587,5721.925985,159,24552.33121,102,1025.742808,125,0.132167165,10602.92994,415,45496.33259,267,1900.737472,326,1.931933301,5484.274107,159,23532.58582,102,983.1400719,125,0.167231923,6398.319792,658,27454.68346,423,1146.99675,517,0.706015416,13710.68527,850,58831.46455,546,2457.85018,668,0.086294889,0.077683642,0,0.6,0.704,0.286,0.01,0.476,0.484,0.04,1,1,0.02,0.686,0.147,0.147,1,0.74,0.26,0.92,0.08,0.96,0.04,0.15,0.85,1,1,0,0.01,0.99,0.35,0.65
Hebi City,Medium-small-cities,7,河南省,27.758,24.50000173,3134.8756,132,14562.6364,85,302.4879965,104,0.063112693,5451.200349,159,25322.80663,102,525.9930162,125,0.136945899,10101.26582,415,46924.05063,267,974.6835443,326,1.990729968,5224.792667,159,24271.06067,102,504.1466608,125,0.068472949,6095.591445,658,28316.23745,423,588.1711043,517,0.998736758,13061.98167,850,60677.65168,546,1260.366652,668,0.089921645,0.056641701,0,0.6,0.756,0.234,0.01,0.564,0.396,0.04,1,1,0.02,0.686,0.147,0.147,1,0.74,0.26,0.92,0.08,0.96,0.04,0.15,0.85,1,1,0,0.01,0.99,0.35,0.65
Hegang City,Medium-small-cities,7,黑龙江省,10,8.526775275,3452.564371,132,14029.01772,85,518.4179117,104,0.040922909,6003.625823,159,24394.90303,102,901.4711464,125,0.099384208,11124.92964,415,45204.61264,267,1670.457715,326,0.851001637,5754.273952,159,23381.6962,102,864.0298528,125,0.081650947,6713.31961,658,27278.64556,423,1008.034828,517,0.400265025,14385.68488,850,58454.24049,546,2160.074632,668,0.071222562,0.083516123,0,0.6,0.743,0.247,0.01,0.542,0.418,0.04,1,1,0.02,0.686,0.147,0.147,1,0.74,0.26,0.92,0.08,0.96,0.04,0.15,0.85,1,1,0,0.01,0.99,0.35,0.65
Heihe City,Medium-small-cities,7,黑龙江省,22.3434,19.05171507,2975.337243,132,14714.07026,85,310.5924971,104,0.091435693,5173.780872,159,25586.13329,102,540.0858421,125,0.222058111,9587.197782,415,47412.00417,267,1000.798046,326,1.901426997,4958.895405,159,24523.45043,102,517.6541618,125,0.182435977,5785.377972,658,28610.69217,423,603.9298554,517,0.894328155,12397.23851,850,61308.62608,546,1294.135405,668,0.073922164,0.096451759,0.142456285,0.6,0.73,0.26,0.01,0.52,0.44,0.04,1,1,0.02,0.686,0.147,0.147,1,0.74,0.26,0.92,0.08,0.96,0.04,0.15,0.85,1,1,0,0.01,0.99,0.35,0.65
Hengshui City,Medium-small-cities,7,河北省,83.8,72.56663965,3789.069621,132,13560.35305,85,650.577334,104,0.11235914,6588.771063,159,23579.94724,102,1131.281697,125,0.34473827,12209.22433,415,43694.47092,267,2096.304743,326,6.872293562,6315.116034,159,22600.58841,102,1084.295557,125,0.225739726,7367.635373,658,26367.35314,423,1265.011483,517,3.678229655,15787.79009,850,56501.47102,546,2710.738892,668,0.08599624,0.066097304,0,0.6,0.756,0.234,0.01,0.564,0.396,0.04,1,1,0.02,0.686,0.147,0.147,1,0.74,0.26,0.92,0.08,0.96,0.04,0.15,0.85,1,1,0,0.01,0.99,0.35,0.65
Hengyang City,Largecities,7,湖南省,62.6219,55.96609736,1311.072222,132,16122.78295,85,566.1448233,104,0.304112536,2279.80892,159,28035.72814,102,984.4629428,125,0.444972262,4224.56605,415,51951.18952,267,1824.244431,326,4.272022662,2185.120371,159,26871.30492,102,943.5747056,125,0.356122281,2549.307099,658,31349.85574,423,1100.837157,517,1.278572897,5462.800927,850,67178.26231,546,2358.936764,668,0.07477869,0.063109262,0.18043651,0.6,0.73,0.26,0.01,0.530836842,0.420663158,0.0485,1,1,0.02,0.471221579,0.466494402,0.042284019,1,0.74,0.26,0.92,0.08,0.96,0.04,0.15,0.85,1,1,0,0.01,0.99,0.35,0.65
Honghe Hani and Yi Autonomous Prefecture,Medium-small-cities,7,云南省,55.38,47.08004466,1780.17837,132,15702.80116,85,517.0204748,104,0.155132348,3095.532387,159,27305.42645,102,899.041159,125,0.236820396,5736.130302,415,50597.91483,267,1665.954863,326,6.328200715,2966.963949,159,26171.33526,102,861.7007914,125,0.373216954,3461.457941,658,30533.22447,423,1005.31759,517,1.20658493,7417.409873,850,65428.33815,546,2154.251978,668,0.094073593,0.081560507,0,0.6,0.73,0.26,0.01,0.52,0.44,0.04,1,1,0.02,0.686,0.147,0.147,1,0.74,0.26,0.92,0.08,0.96,0.04,0.15,0.85,1,1,0,0.01,0.99,0.35,0.65
Hohhot City,Medium-small-cities,7,内蒙古自治区,120.3595,105.5248529,4793.845789,132,12343.86647,85,862.2877426,104,0.253816785,8335.965177,159,21464.61225,102,1499.422575,125,0.637688452,15446.83643,415,39774.68084,267,2778.482726,326,9.313607655,7989.742981,159,20573.11078,102,1437.146238,125,0.308355929,9321.366811,658,24001.96258,423,1676.670611,517,4.321178326,19974.35745,850,51432.77695,546,3592.865594,668,0.081684551,0.049231783,1.813761962,0.6,0.756,0.234,0.01,0.564,0.396,0.04,1,1,0.02,0.686,0.147,0.147,1,0.74,0.26,0.92,0.08,0.96,0.04,0.15,0.85,1,1,0,0.01,0.99,0.35,0.65
Hulunbuir City,Medium-small-cities,7,内蒙古自治区,43.5885,38.21609469,4544.471029,132,13139.70665,85,315.8223239,104,0.091920396,7902.330178,159,22848.48989,102,549.17993,125,0.2309405,14643.29554,415,42339.05475,267,1017.64971,326,3.372946774,7574.118381,159,21899.51108,102,526.3705399,125,0.111671886,8836.471445,658,25549.42959,423,614.0989632,517,1.564925756,18935.29595,850,54748.7777,546,1315.92635,668,0.105473861,0.078007082,1.676943399,0.6,0.743,0.247,0.01,0.542,0.418,0.04,1,1,0.02,0.686,0.147,0.147,1,0.74,0.26,0.92,0.08,0.96,0.04,0.15,0.85,1,1,0,0.01,0.99,0.35,0.65
Huludao City,Medium-small-cities,7,辽宁省,42,36.57436903,3295.903749,132,14223.49695,85,480.5993033,104,0.197010537,5731.210409,159,24733.0808,102,835.7087885,125,0.367556971,10620.1343,415,45831.26794,267,1548.597755,326,3.042391571,5493.172916,159,23705.82825,102,800.9988388,125,0.217593727,6408.701735,658,27656.79962,423,934.4986453,517,1.601078167,13732.93229,850,59264.57061,546,2002.497097,668,0.07318578,0.061469446,0,0.6,0.743,0.247,0.01,0.542,0.418,0.04,1,1,0.02,0.686,0.147,0.147,1,0.74,0.26,0.92,0.08,0.96,0.04,0.15,0.85,1,0.9,0.1,0.01,0.99,0.35,0.65
Huzhou City,Largecities,7,浙江省,88.6936,80.22052166,4216.88193,132,12962.73795,85,820.3801218,104,0.171411371,7332.689134,159,22540.76099,102,1426.549878,125,0.401745401,13587.73066,415,41768.82228,267,2643.447059,326,6.306331474,7028.13655,159,21604.56325,102,1367.300203,125,0.209443269,8199.492642,658,25205.32379,423,1595.18357,517,1.384146821,17570.34138,850,54011.40812,546,3418.250507,668,0.068706303,0.033287674,0,0.6,0.717,0.273,0.01,0.509803684,0.441696316,0.0485,1,1,0.02,0.471221579,0.466494402,0.042284019,1,0.74,0.26,0.92,0.08,0.96,0.04,0.15,0.85,1,1,0,0.01,0.99,0.35,0.65
Huaihua City,Medium-small-cities,7,湖南省,41.2396,36.85642672,1877.990201,132,15502.06552,85,619.944279,104,0.200273057,3265.616294,159,26956.36949,102,1078.014218,125,0.293036112,6051.301758,415,49951.10001,267,1997.598232,326,2.81333696,3129.983668,159,25836.77587,102,1033.240465,125,0.234524031,3651.647613,658,30142.90518,423,1205.447209,517,0.842003115,7824.95917,850,64591.93967,546,2583.101162,668,0.101471692,0.068841285,0.625244972,0.6,0.73,0.26,0.01,0.52,0.44,0.04,1,1,0.02,0.686,0.147,0.147,1,0.74,0.26,0.92,0.08,0.96,0.04,0.15,0.85,1,1,0,0.01,0.99,0.35,0.65
Huai'an City,Largecities,7,江苏省,63.21,58.51251803,4195.68024,132,13221.40275,85,582.9170061,104,0.13114039,7295.82175,159,22990.55034,102,1013.627905,125,0.382465138,13519.41411,415,42602.29776,267,1878.288131,326,2.14505838,6992.8004,159,22035.67126,102,971.5283436,125,0.371177104,8158.267133,658,25708.28313,423,1133.449734,517,1.66764096,17482.001,850,55089.17814,546,2428.820859,668,0.062493302,0.057550128,0.653617927,0.6,0.743,0.247,0.01,0.55187,0.39963,0.0485,1,1,0.02,0.471221579,0.466494402,0.042284019,1,0.74,0.26,0.92,0.08,0.96,0.04,0.15,0.85,1,1,0,0.01,0.99,0.35,0.65
Huaibei City,Medium-small-cities,7,安徽省,30.9678,26.52272193,4642.256084,132,12993.40459,85,364.3393223,104,0.084671418,8072.367523,159,22594.08688,102,633.5455993,125,0.194709983,14958.38071,415,41867.63703,267,1173.982261,326,2.638183143,7737.093473,159,21655.67432,102,607.2322038,125,0.108667367,9026.609052,658,25264.95338,423,708.4375711,517,1.418846158,19342.73368,850,54139.18581,546,1518.080509,668,0.073789847,0.065209605,0,0.6,0.743,0.247,0.01,0.542,0.418,0.04,1,1,0.02,0.686,0.147,0.147,1,0.74,0.26,0.92,0.08,0.96,0.04,0.15,0.85,1,1,0,0.01,0.99,0.35,0.65
Huainan City,Medium-small-cities,7,安徽省,36.8604,31.56950573,3246.861925,132,14353.55649,85,399.58159,104,0.100782825,5645.932125,159,24959.23989,102,694.827987,125,0.231759694,10462.11065,415,46250.34868,267,1287.540679,326,3.140180637,5411.436541,159,23922.59414,102,665.9693166,125,0.129344759,6313.342631,658,27909.69317,423,776.9642027,517,1.688826359,13528.59135,850,59806.48536,546,1664.923291,668,0.065879193,0.060666682,0,0.6,0.743,0.247,0.01,0.542,0.418,0.04,1,1,0.02,0.686,0.147,0.147,1,0.74,0.26,0.92,0.08,0.96,0.04,0.15,0.85,1,1,0,0.01,0.99,0.35,0.65
Huanggang City,Medium-small-cities,7,湖北省,48.5984,42.78303697,2480.51108,132,15076.93336,85,442.5555565,104,0.157294752,4313.333156,159,26217.1119,102,769.5549399,125,0.349796273,7992.757925,415,48581.22973,267,1426.012349,326,3.621186413,4134.185134,159,25128.22227,102,737.5925942,125,0.329921484,4823.215989,658,29316.25932,423,860.5246932,517,1.35716411,10335.46283,850,62820.55568,546,1843.981485,668,0.073890613,0.060700739,0,0.6,0.73,0.26,0.01,0.52,0.44,0.04,1,1,0.02,0.686,0.147,0.147,1,0.74,0.26,0.92,0.08,0.96,0.04,0.15,0.85,1,1,0,0.01,0.99,0.35,0.65
Huangshan City,Medium-small-cities,7,安徽省,21.0622,18.03895898,3823.96088,132,13315.40342,85,860.6356968,104,0.057587764,6649.443086,159,23154.00706,102,1496.549851,125,0.132428542,12321.65173,415,42905.18881,267,2773.159468,326,1.79431348,6373.268134,159,22192.33904,102,1434.392828,125,0.073908183,7435.479489,658,25891.06221,423,1673.458299,517,0.965003053,15933.17033,850,55480.8476,546,3585.98207,668,0.079188146,0.060356622,0.216096243,0.6,0.717,0.273,0.01,0.498,0.462,0.04,1,1,0.02,0.686,0.147,0.147,1,0.74,0.26,0.92,0.08,0.96,0.04,0.15,0.85,1,1,0,0.01,0.99,0.35,0.65
Huangshi City,Medium-small-cities,7,湖北省,24.8889,21.91065403,2719.27783,132,14870.54201,85,410.1801631,104,0.080556013,4728.522005,159,25858.22027,102,713.257728,125,0.179142615,8762.117454,415,47916.19091,267,1321.691637,326,1.854533205,4532.129717,159,24784.23668,102,683.6336052,125,0.168964057,5287.48467,658,28914.94279,423,797.5725394,517,0.69505008,11330.32429,850,61960.59169,546,1709.084013,668,0.075450979,0.060007961,0,0.6,0.73,0.26,0.01,0.52,0.44,0.04,1,1,0.02,0.686,0.147,0.147,1,0.74,0.26,0.92,0.08,0.96,0.04,0.15,0.85,1,1,0,0.01,0.99,0.35,0.65
Huizhou City,Largecities,7,广东省,130.4393,115.8035161,4763.720712,132,12546.9638,85,689.3154886,104,0.289182475,8283.581016,159,21817.77594,102,1198.643044,125,0.985133297,15349.76674,415,40429.10558,267,2221.127686,326,10.34980704,7939.53452,159,20911.60633,102,1148.859148,125,0.626186956,9262.790273,658,24396.87405,423,1340.335672,517,2.385474116,19848.8363,850,52279.01583,546,2872.147869,668,0.087069139,0.06219691,0.372950872,0.6,0.704,0.286,0.01,0.488770526,0.462729474,0.0485,1,1,0.02,0.471221579,0.466494402,0.042284019,1,0.74,0.26,0.92,0.08,0.96,0.04,0.15,0.85,1,0.9,0.1,0.01,0.99,0.35,0.65
Jixi City,Medium-small-cities,7,黑龙江省,21.9,18.67363785,3365.897903,132,14114.00667,85,520.0954314,104,0.089621171,5852.922465,159,24542.68937,102,904.3881668,125,0.217651415,10845.67102,415,45478.46592,267,1675.863057,326,1.863693585,5609.829838,159,23523.34444,102,866.8257189,125,0.178815574,6544.801478,658,27443.90185,423,1011.296672,517,0.876580404,14024.5746,850,58808.36111,546,2167.064297,668,0.091722412,0.085392673,0.119547594,0.6,0.73,0.26,0.01,0.52,0.44,0.04,1,1,0.02,0.686,0.147,0.147,1,0.74,0.26,0.92,0.08,0.96,0.04,0.15,0.85,1,1,0,0.01,0.99,0.35,0.65
Ji'an City (Jiangxi),Medium-small-cities,7,江西省,49.7006,42.73277567,2441.279711,132,15096.58008,85,462.1402066,104,0.116352028,4245.114164,159,26251.27537,102,803.6104704,125,0.251819033,7866.345736,415,48644.53582,267,1489.118443,326,4.031597783,4068.799519,159,25160.9668,102,770.2336777,125,0.31747482,4746.932772,658,29354.46127,423,898.6059573,517,2.250580663,10171.9988,850,62902.41701,546,1925.584194,668,0.06402413,0.068229246,0.185490659,0.6,0.704,0.286,0.01,0.476,0.484,0.04,1,1,0.02,0.686,0.147,0.147,1,0.74,0.26,0.92,0.08,0.96,0.04,0.15,0.85,1,1,0,0.01,0.99,0.35,0.65
Jilin City,Medium-small-cities,7,吉林省,61.3329,54.24783135,3291.342708,132,14083.94013,85,624.7171594,104,0.183034355,5723.279264,159,24490.40701,102,1086.313727,125,0.493100016,10605.43761,415,45381.58487,267,2012.977514,326,4.073197359,5485.57118,159,23473.23355,102,1041.195266,125,0.249964828,6399.833043,658,27385.43915,423,1214.72781,517,2.085772088,13713.92795,850,58683.08389,546,2602.988164,668,0.068872121,0.061949061,0,0.6,0.73,0.26,0.01,0.52,0.44,0.04,1,1,0.02,0.686,0.147,0.147,1,0.74,0.26,0.92,0.08,0.96,0.04,0.15,0.85,1,1,0,0.01,0.99,0.35,0.65
Jinan City,Extra-large-cities,7,山东省,257.8872,226.7894912,5430.667142,132,11725.39229,85,843.9405715,104,0.444902823,9443.326753,159,20389.15436,102,1467.518883,125,1.468955953,17498.81635,415,37781.81959,267,2719.364064,326,18.89893936,9051.111904,159,19542.32048,102,1406.567619,125,0.886477195,10559.63055,658,22799.37389,423,1640.995556,517,9.398433444,22627.77976,850,48855.80119,546,3516.419048,668,0.068161989,0.050337839,2.028726997,0.6,0.744975781,0.219524219,0.0355,0.55403267,0.33646733,0.1095,1,1,0.02,0.014,0.9358125,0.0301875,1,0.74,0.26,0.92,0.08,0.96,0.04,0.15,0.85,1,1,0,0.01,0.99,0.35,0.65
Jining City,Largecities,7,山东省,155.2222,136.5045018,2910.365667,132,14516.9129,85,572.72143,104,0.267786827,5060.802521,159,25243.29855,102,995.898931,125,0.884163986,9377.844928,415,46776.71935,267,1845.435719,326,11.37526385,4850.609445,159,24194.85484,102,954.5357166,125,0.533570261,5659.044353,658,28227.33064,423,1113.625003,517,5.656913238,12126.52361,850,60487.13709,546,2386.339292,668,0.064365643,0.058927517,0.135051108,0.6,0.756,0.234,0.01,0.572903158,0.378596842,0.0485,1,1,0.02,0.471221579,0.466494402,0.042284019,1,0.74,0.26,0.92,0.08,0.96,0.04,0.15,0.85,1,1,0,0.01,0.99,0.35,0.65
Jiamusi City,Medium-small-cities,7,黑龙江省,29.8106,25.4188287,3298.768732,132,14240.36823,85,460.8630355,104,0.121993647,5736.192296,159,24762.41809,102,801.3896118,125,0.296270286,10629.36592,415,45885.63097,267,1485.003114,326,2.53688694,5497.947887,159,23733.94705,102,768.1050592,125,0.243406372,6414.272535,658,27689.6049,423,896.1225691,517,1.193214054,13744.86972,850,59334.86763,546,1920.262648,668,0.075811551,0.09032326,0.216780071,0.6,0.743,0.247,0.01,0.542,0.418,0.04,1,1,0.02,0.686,0.147,0.147,1,0.74,0.26,0.92,0.08,0.96,0.04,0.15,0.85,1,1,0,0.01,0.99,0.35,0.65
Jiaxing City,Largecities,7,浙江省,147.8138,133.6928498,6936.776062,132,10153.23359,85,909.9903475,104,0.285668483,12062.28282,159,17655.34508,102,1582.372104,125,0.669535506,22351.83398,415,32715.9749,267,2932.19112,326,10.50992202,11561.29344,159,16922.05598,102,1516.650579,125,0.349051177,13488.17568,658,19742.39865,423,1769.425676,517,2.306772996,28903.23359,850,42305.13996,546,3791.626448,668,0.072133571,0.041269538,0.00E+00,0.6,0.717,0.273,0.01,0.509803684,0.441696316,0.0485,1,1,0.02,0.471221579,0.466494402,0.042284019,1,0.74,0.26,0.92,0.08,0.96,0.04,0.15,0.85,1,0.9,0.1,0.01,0.99,0.35,0.65
Jiayuguan City,Medium-small-cities,7,甘肃省,7.31,5.966725887,4412.39369,132,8416.945573,85,5170.660737,104,0.023145119,7672.66236,159,14636.13314,102,8991.204504,125,0.051219291,14217.713,415,27121.26907,267,16661.01793,326,0.982381706,7353.989483,159,14028.24262,102,8617.767895,125,0.055505424,8579.654396,658,16366.28306,423,10054.06254,517,0.231022574,18384.97371,850,35070.60656,546,21544.41974,668,0.071265609,0.067418587,1.08E-01,0.6,0.743,0.247,0.01,0.542,0.418,0.04,1,1,0.02,0.686,0.147,0.147,1,0.74,0.26,0.92,0.08,0.96,0.04,0.15,0.85,1,1,0,0.01,0.99,0.35,0.65
Jiangmen City,Largecities,7,广东省,88.0028,78.12855227,6377.693905,132,10699.54708,85,922.7590111,104,0.195101228,11090.10107,159,18605.32354,102,1604.575392,125,0.664634726,20550.34703,415,34476.31838,267,2973.334591,326,6.982650159,10629.48984,159,17832.57847,102,1537.931685,125,0.422466277,12401.07148,658,20804.67489,423,1794.253633,517,1.60939534,26573.7246,850,44581.44618,546,3844.829213,668,0.077337584,0.066976416,0,0.6,0.704,0.286,0.01,0.488770526,0.462729474,0.0485,1,1,0.02,0.471221579,0.466494402,0.042284019,1,0.74,0.26,0.92,0.08,0.96,0.04,0.15,0.85,1,0.9,0.1,0.01,0.99,0.35,0.65
Jiaozuo City,Medium-small-cities,7,河南省,59.0428,52.11285764,6199.087209,132,11268.03997,85,532.872826,104,0.134244187,10779.52387,159,19593.8695,102,926.6066362,125,0.291291495,19974.83656,415,36308.12878,267,1717.034661,326,4.234392657,10331.81201,159,18780.06661,102,888.1213766,125,0.145645748,12053.78068,658,21910.07771,423,1036.141606,517,2.124368278,25829.53004,850,46950.16652,546,2220.303441,668,0.068846501,0.049749641,0,0.6,0.743,0.247,0.01,0.542,0.418,0.04,1,1,0.02,0.686,0.147,0.147,1,0.74,0.26,0.92,0.08,0.96,0.04,0.15,0.85,1,1,0,0.01,0.99,0.35,0.65
Jieyang City,Medium-small-cities,7,广东省,59.0227,52.40012934,4041.793569,132,13304.53395,85,653.6724777,104,0.130852669,7028.229928,159,23135.10626,102,1136.663808,125,0.445764636,13023.55705,415,42870.16496,267,2106.277984,326,4.683201734,6736.322615,159,22174.22326,102,1089.45413,125,0.283344397,7859.04305,658,25869.92713,423,1271.029818,517,1.079407227,16840.80654,850,55435.55814,546,2723.635324,668,0.057720757,0.055921011,1.033683473,0.6,0.704,0.286,0.01,0.476,0.484,0.04,1,1,0.02,0.686,0.147,0.147,1,0.74,0.26,0.92,0.08,0.96,0.04,0.15,0.85,1,0.9,0.1,0.01,0.99,0.35,0.65
Jinchang City,Medium-small-cities,7,甘肃省,8.51,6.946215773,4154.724307,132,13297.7645,85,547.5111884,104,0.026944591,7224.603935,159,23123.33494,102,952.0611221,125,0.059627382,13387.44499,415,42848.35229,267,1764.202718,326,1.143648197,6924.540512,159,22162.94084,102,912.5186474,125,0.064617121,8078.630598,658,25856.76431,423,1064.605089,517,0.268946936,17311.35128,850,55407.3521,546,2281.296618,668,0.074005952,0.071433196,0.076579277,0.6,0.756,0.234,0.01,0.564,0.396,0.04,1,1,0.02,0.686,0.147,0.147,1,0.74,0.26,0.92,0.08,0.96,0.04,0.15,0.85,1,1,0,0.01,0.99,0.35,0.65
Jinhua City,Largecities,7,浙江省,207.2702,187.4692601,4169.568744,132,13236.1739,85,594.257351,104,0.400575342,7250.41676,159,23016.23573,102,1033.347505,125,0.938848458,13435.27706,415,42649.89369,267,1914.829242,326,14.7374172,6949.28124,159,22060.28984,102,990.4289184,125,0.489452996,8107.49478,658,25737.00482,423,1155.500405,517,3.234645888,17373.2031,850,55150.7246,546,2476.072296,668,0.068380262,0.038054487,0.285646095,0.6,0.704,0.286,0.01,0.488770526,0.462729474,0.0485,1,1,0.02,0.471221579,0.466494402,0.042284019,1,0.74,0.26,0.92,0.08,0.96,0.04,0.15,0.85,1,1,0,0.01,0.99,0.35,0.65
Jinzhou City,Medium-small-cities,7,辽宁省,47.2959,41.18613572,3043.564768,132,14456.11504,85,500.3201934,104,0.221852158,5292.420958,159,25137.57782,102,870.0012252,125,0.41390328,9807.042031,415,46580.81512,267,1612.142845,326,3.426015416,5072.607947,159,24093.52506,102,833.866989,125,0.245030742,5918.042605,658,28109.11257,423,972.8448205,517,1.802962688,12681.51987,850,60233.81266,546,2084.667472,668,0.066909753,0.063676358,0.050973853,0.6,0.743,0.247,0.01,0.542,0.418,0.04,1,1,0.02,0.686,0.147,0.147,1,0.74,0.26,0.92,0.08,0.96,0.04,0.15,0.85,1,0.9,0.1,0.01,0.99,0.35,0.65
Jincheng City,Medium-small-cities,7,山西省,46.7224,41.35913541,4574.595939,132,12625.36262,85,800.0414422,104,0.080551309,7954.714049,159,21954.10278,102,1391.183174,125,0.238352643,14740.36469,415,40681.724,267,2577.911314,326,2.924276604,7624.326564,159,21042.27103,102,1333.402404,125,0.083852592,8895.047659,658,24549.3162,423,1555.636138,517,2.03623144,19060.81641,850,52605.67758,546,3333.506009,668,0.069725603,0.06049715,0,0.6,0.756,0.234,0.01,0.564,0.396,0.04,1,1,0.02,0.686,0.147,0.147,1,0.74,0.26,0.92,0.08,0.96,0.04,0.15,0.85,1,1,0,0.01,0.99,0.35,0.65
Jinzhong City,Medium-small-cities,7,山西省,67.4302,59.68988692,4861.689563,132,12438.988,85,699.3224343,104,0.116252394,8453.937962,159,21630.01803,102,1216.044011,125,0.343992739,15665.44415,415,40081.18356,267,2253.372288,326,4.220343053,8102.815938,159,20731.64667,102,1165.53739,125,0.121016836,9453.285261,658,24186.92112,423,1359.793622,517,2.938708055,20257.03985,850,51829.11668,546,2913.843476,668,0.092267497,0.069074145,0,0.6,0.756,0.234,0.01,0.564,0.396,0.04,1,1,0.02,0.686,0.147,0.147,1,0.74,0.26,0.92,0.08,0.96,0.04,0.15,0.85,1,1,0,0.01,0.99,0.35,0.65
Jingmen City,Medium-small-cities,7,湖北省,37.6966,33.18576396,3526.501845,132,14473.49815,85,0,104,0.122009724,6132.194875,159,25167.80512,102,0,125,0.271328483,11363.17261,415,46636.82739,267,0,326,2.808866459,5877.503075,159,24122.49692,102,0,125,0.255912092,6857.086921,658,28142.91308,423,0,517,1.052719278,14693.75769,850,60306.24231,546,0,668,0.06283042,0.051663912,0.00E+00,0.6,0.743,0.247,0.01,0.542,0.418,0.04,1,1,0.02,0.686,0.147,0.147,1,0.74,0.26,0.92,0.08,0.96,0.04,0.15,0.85,1,1,0,0.01,0.99,0.35,0.65
Jingzhou City,Medium-small-cities,7,湖北省,53.6687,47.24661668,2549.650178,132,15450.34982,85,0,104,0.173705408,4433.558365,159,26866.44163,102,0,125,0.386290726,8215.539462,415,49784.46054,267,0,326,3.998986947,4249.416963,159,25750.58304,102,0,125,0.364342389,4957.653124,658,30042.34688,423,0,517,1.498757849,10623.54241,850,64376.45759,546,0,668,0.064128536,0.054573716,0,0.6,0.73,0.26,0.01,0.52,0.44,0.04,1,1,0.02,0.686,0.147,0.147,1,0.74,0.26,0.92,0.08,0.96,0.04,0.15,0.85,1,1,0,0.01,0.99,0.35,0.65
Jingdezhen City,Medium-small-cities,7,江西省,23.4326,20.14744368,3703.444465,132,13636.76552,85,659.7900166,104,0.054857095,6439.878431,159,23712.82004,102,1147.301529,125,0.118726427,11933.32105,415,43940.68889,267,2125.990053,326,1.900798345,6172.407442,159,22727.94253,102,1099.650028,125,0.149681502,7201.142015,658,26515.93295,423,1282.925032,517,1.061092953,15431.0186,850,56819.85633,546,2749.125069,668,0.093808161,0.067401716,0.251543535,0.6,0.717,0.273,0.01,0.498,0.462,0.04,1,1,0.02,0.686,0.147,0.147,1,0.74,0.26,0.92,0.08,0.96,0.04,0.15,0.85,1,1,0,0.01,0.99,0.35,0.65
Jiujiang City,Largecities,7,江西省,61.3696,52.76582878,2421.947896,132,15066.01709,85,512.0350109,104,0.143669844,4211.498287,159,26198.12972,102,890.3719912,125,0.310942591,7804.054333,415,48546.05508,267,1649.890591,326,4.978160088,4036.579827,159,25110.02849,102,853.3916849,125,0.392013431,4709.343132,658,29295.03324,423,995.6236324,517,2.778985265,10091.44957,850,62775.07122,546,2133.479212,668,0.104709956,0.059801047,0,0.6,0.73,0.26,0.01,0.530836842,0.420663158,0.0485,1,1,0.02,0.471221579,0.466494402,0.042284019,1,0.74,0.26,0.92,0.08,0.96,0.04,0.15,0.85,1,1,0,0.01,0.99,0.35,0.65
Jiuquan City,Medium-small-cities,7,甘肃省,20.48,16.71662738,3171.549697,132,14186.68708,85,641.7632236,104,0.064844327,5514.972529,159,24669.07253,102,1115.954939,125,0.143498094,10219.43791,415,45712.65837,267,2067.903721,326,2.752281442,5285.916162,159,23644.47847,102,1069.605373,125,0.155506303,6166.902189,658,27585.22488,423,1247.872935,517,0.647242451,13214.79041,850,59111.19616,546,2674.013432,668,0.072822692,0.072874243,0.267992623,0.6,0.756,0.234,0.01,0.564,0.396,0.04,1,1,0.02,0.686,0.147,0.147,1,0.74,0.26,0.92,0.08,0.96,0.04,0.15,0.85,1,1,0,0.01,0.99,0.35,0.65
Kashgar Prefecture,Medium-small-cities,7,新疆维吾尔族自治区,60.22,49.88452083,3146.228791,132,14244.00668,85,609.7645331,104,0.309020387,5470.942287,159,24768.74494,102,1060.312771,125,0.418987102,10137.84833,415,45897.35484,267,1964.796829,326,6.783136702,5243.714652,159,23740.01113,102,1016.274222,125,0.400891313,6117.667094,658,27696.67965,423,1185.653259,517,2.423443669,13109.28663,850,59350.02782,546,2540.685554,668,0.108650848,0.101194,1.097754451,0.6,0.756,0.234,0.01,0.564,0.396,0.04,1,1,0.02,0.686,0.147,0.147,1,0.74,0.26,0.92,0.08,0.96,0.04,0.15,0.85,1,1,0,0.01,0.99,0.35,0.65
Kaifeng City,Medium-small-cities,7,河南省,64.4348,56.87199047,3005.046257,132,14122.582,85,872.371741,104,0.146503847,5225.441548,159,24557.60093,102,1516.957527,125,0.317893278,9682.926829,415,45506.09756,267,2810.97561,326,4.621092563,5008.410429,159,23537.63667,102,1453.952902,125,0.158946639,5843.1455,658,27460.57611,423,1696.278385,517,2.318373199,12521.02607,850,58844.09167,546,3634.882254,668,0.071429882,0.057711642,0,0.6,0.743,0.247,0.01,0.542,0.418,0.04,1,1,0.02,0.686,0.147,0.147,1,0.74,0.26,0.92,0.08,0.96,0.04,0.15,0.85,1,1,0,0.01,0.99,0.35,0.65
Karamay City,Medium-small-cities,7,新疆维吾尔族自治区,15.3,12.67408118,4461.973133,132,10435.33163,85,3102.695238,104,0.07851232,7758.875503,159,18145.88222,102,5395.242274,125,0.106451389,14377.46898,415,33624.95747,267,9997.573543,326,1.723380796,7436.621888,159,17392.21938,102,5171.158729,125,0.101853821,8676.05887,658,20290.92261,423,6033.018518,517,0.615720494,18591.55472,850,43480.54846,546,12927.89682,668,0.098953095,0.09087324,0.854007359,0.6,0.756,0.234,0.01,0.564,0.396,0.04,1,1,0.02,0.686,0.147,0.147,1,0.74,0.26,0.92,0.08,0.96,0.04,0.15,0.85,1,1,0,0.01,0.99,0.35,0.65
Kizilsu Kirgiz Autonomous Prefecture,Medium-small-cities,7,新疆维吾尔族自治区,13.7546,11.39391614,2480.236313,132,15320.58141,85,199.1822798,104,0.070582063,4312.855366,159,26640.78878,102,346.3558531,125,0.095699103,7991.872563,415,49366.31787,267,641.8095681,326,1.549308072,4133.727188,159,25534.30235,102,331.9704663,125,0.091565919,4822.681719,658,29790.0194,423,387.2988773,517,0.5535287,10334.31797,850,63835.75586,546,829.9261657,668,0.08767574,0.132724297,0,0.6,0.756,0.234,0.01,0.564,0.396,0.04,1,1,0.02,0.686,0.147,0.147,1,0.74,0.26,0.92,0.08,0.96,0.04,0.15,0.85,1,1,0,0.01,0.99,0.35,0.65
Kunming City,Largecities,7,云南省,250.39,212.8633511,1634.997791,132,15438.79806,85,926.2041538,104,0.701401023,2843.079491,159,26846.3544,102,1610.566112,125,1.070737794,5268.326214,415,49747.23818,267,2984.435607,326,28.61174028,2724.996318,159,25731.33009,102,1543.67359,125,1.687428548,3179.162371,658,30019.88511,423,1800.952521,517,5.45534129,6812.490794,850,64328.32523,546,3859.183974,668,0.087371877,0.056899904,10.29744764,0.6,0.743,0.247,0.01,0.55187,0.39963,0.0485,1,1,0.02,0.471221579,0.466494402,0.042284019,1,0.74,0.26,0.92,0.08,0.96,0.04,0.15,0.85,1,1,0,0.01,0.99,0.35,0.65
Lhasa City,Medium-small-cities,7,西藏自治区,25.7008,16.79347921,2851.73181,132,14593.22006,85,555.0481277,104,0.134607766,4958.844758,159,25375.98822,102,965.167022,125,0.199590825,9188.913609,415,47022.59798,267,1788.488411,326,5.769567347,4752.88635,159,24322.03344,102,925.0802128,125,0.863346361,5545.034075,658,28375.70568,423,1079.260248,517,1.940208488,11882.21587,850,60805.08359,546,2312.700532,668,0.119664243,0.068537438,1.585218908,0.6,0.73,0.26,0.01,0.52,0.44,0.04,1,1,0.02,0.686,0.147,0.147,1,0.74,0.26,0.92,0.08,0.96,0.04,0.15,0.85,1,1,0,0.01,0.99,0.35,0.65
Laibin City,Medium-small-cities,7,广西壮族自治区,23.2455,20.1684921,3439.94746,132,14017.76891,85,542.2836289,104,0.057193455,5981.686417,159,24375.34261,102,942.970977,125,0.135877785,11084.27515,415,45168.36649,267,1747.35836,326,1.986172721,5733.245767,159,23362.94818,102,903.8060482,125,0.171926993,6688.786728,658,27256.77288,423,1054.44039,517,0.725836942,14333.11442,850,58407.37046,546,2259.515121,668,0.072634522,0.069711052,0,0.6,0.717,0.273,0.01,0.498,0.462,0.04,1,1,0.02,0.686,0.147,0.147,1,0.74,0.26,0.92,0.08,0.96,0.04,0.15,0.85,1,1,0,0.01,0.99,0.35,0.65
Lanzhou City,Medium-small-cities,7,甘肃省,92.49,75.49418294,5046.794813,132,12046.05301,85,907.1521787,104,0.292844327,8775.815425,159,20946.74773,102,1577.436844,125,0.64805365,16261.8944,415,38815.05969,267,2923.045909,326,12.42961478,8411.324689,159,20076.75501,102,1511.920298,125,0.702284081,9813.212137,658,23422.88085,423,1763.907014,517,2.923020229,21028.31172,850,50191.88753,546,3779.800745,668,0.053333108,0.060944999,2.185201903,0.6,0.756,0.234,0.01,0.564,0.396,0.04,1,1,0.02,0.686,0.147,0.147,1,0.74,0.26,0.92,0.08,0.96,0.04,0.15,0.85,1,1,0,0.01,0.99,0.35,0.65
Langfang City,Largecities,7,河北省,85.5844,74.11184146,4541.953472,132,12843.25172,85,614.794807,104,0.114751665,7897.952427,159,22332.98771,102,1069.059859,125,0.352078973,14635.18341,415,41383.8111,267,1981.005489,326,7.018629131,7569.922454,159,21405.41953,102,1024.658012,125,0.230546528,8831.576196,658,24972.98946,423,1195.434347,517,3.756552244,18924.80613,850,53513.54884,546,2561.645029,668,0.073378199,0.049447394,0,0.6,0.756,0.234,0.01,0.572903158,0.378596842,0.0485,1,1,0.02,0.471221579,0.466494402,0.042284019,1,0.74,0.26,0.92,0.08,0.96,0.04,0.15,0.85,1,1,0,0.01,0.99,0.35,0.65
Leshan City,Medium-small-cities,7,四川省,60.09,53.83262007,2749.15203,132,14712.88341,85,537.9645558,104,0.11037988,4780.469919,159,25584.06949,102,935.4605887,125,0.388597658,8858.378764,415,47408.17989,267,1733.441347,326,4.016013152,4581.92005,159,24521.47236,102,896.607593,125,0.315011072,5345.573392,658,28608.38442,423,1046.042192,517,1.427378168,11454.80013,850,61303.68089,546,2241.518983,668,0.070327546,0.073379903,0,0.6,0.717,0.273,0.01,0.498,0.462,0.04,1,1,0.02,0.686,0.147,0.147,1,0.74,0.26,0.92,0.08,0.96,0.04,0.15,0.85,1,1,0,0.01,0.99,0.35,0.65
Lijiang City,Medium-small-cities,7,云南省,20.39,17.33409373,2105.070809,132,15642.07401,85,252.855185,104,0.057117165,3660.484239,159,27199.82869,102,439.6870717,125,0.087193353,6783.005939,415,50402.23847,267,814.7555962,326,2.329938833,3508.451348,159,26070.12334,102,421.4253084,125,0.137412309,4093.193239,658,30415.1439,423,491.6628598,517,0.444244614,8771.128369,850,65175.30836,546,1053.563271,668,0.11618303,0.078380645,1.25090975,0.6,0.73,0.26,0.01,0.52,0.44,0.04,1,1,0.02,0.686,0.147,0.147,1,0.74,0.26,0.92,0.08,0.96,0.04,0.15,0.85,1,1,0,0.01,0.99,0.35,0.65
Lishui City,Medium-small-cities,7,浙江省,42.852,38.75826209,2019.081024,132,15500.39858,85,480.5203916,104,0.082816799,3510.957559,159,26953.47087,102,835.5715698,125,0.194101873,6505.927745,415,49945.72877,267,1548.343484,326,3.046881808,3365.13504,159,25833.99764,102,800.8673193,125,0.101191777,3925.99088,658,30139.66391,423,934.3452058,517,0.668745655,8412.837601,850,64584.9941,546,2002.168298,668,0.065902939,0.052335188,0,0.6,0.704,0.286,0.01,0.476,0.484,0.04,1,1,0.02,0.686,0.147,0.147,1,0.74,0.26,0.92,0.08,0.96,0.04,0.15,0.85,1,1,0,0.01,0.99,0.35,0.65
Lianyungang City,Largecities,7,江苏省,73.41,67.95450006,5264.810378,132,12208.70858,85,526.4810378,104,0.152302105,9154.920268,159,21229.58771,102,915.4920268,125,0.444182341,16964.38899,415,39339.17211,267,1696.438899,326,2.491199742,8774.683963,159,20347.84764,102,877.4683963,125,0.431072792,10237.13129,658,23739.15558,423,1023.713129,517,1.936742966,21936.70991,850,50869.6191,546,2193.670991,668,0.068784593,0.062868073,0.335871215,0.6,0.743,0.247,0.01,0.55187,0.39963,0.0485,1,1,0.02,0.471221579,0.466494402,0.042284019,1,0.74,0.26,0.92,0.08,0.96,0.04,0.15,0.85,1,0.9,0.1,0.01,0.99,0.35,0.65
Liaoyang City,Medium-small-cities,7,辽宁省,27.5223,23.96692278,3909.83386,132,13542.93779,85,547.228345,104,0.129099597,6798.766657,159,23549.66405,102,951.5692888,125,0.240857458,12598.35355,415,43638.35512,267,1763.291334,326,1.993657465,6516.389767,159,22571.56299,102,912.0472417,125,0.142587615,7602.454728,658,26333.49016,423,1064.055115,517,1.049175087,16290.97442,850,56428.90748,546,2280.118104,668,0.059736529,0.07114809,0,0.6,0.743,0.247,0.01,0.542,0.418,0.04,1,1,0.02,0.686,0.147,0.147,1,0.74,0.26,0.92,0.08,0.96,0.04,0.15,0.85,1,1,0,0.01,0.99,0.35,0.65
Liaoyuan City,Medium-small-cities,7,吉林省,15.2145,13.45694774,2775.798262,132,14587.82957,85,636.3721665,104,0.04540428,4826.804756,159,25366.61475,102,1106.580489,125,0.122320487,8944.238844,415,47005.22862,267,2050.532536,326,1.010414659,4626.330437,159,24313.04929,102,1060.620277,125,0.062007338,5397.38551,658,28365.22417,423,1237.390324,517,0.517405494,11565.82609,850,60782.62321,546,2651.550694,668,0.064342011,0.072169241,0,0.6,0.73,0.26,0.01,0.52,0.44,0.04,1,1,0.02,0.686,0.147,0.147,1,0.74,0.26,0.92,0.08,0.96,0.04,0.15,0.85,1,1,0,0.01,0.99,0.35,0.65
Liaocheng City,Medium-small-cities,7,山东省,107.7707,94.77501102,2581.586507,132,14946.32717,85,472.0863199,104,0.185924267,4489.092092,159,25990.00225,102,820.9056563,125,0.613874637,8318.44541,415,48160.38756,267,1521.167031,326,7.89784031,4302.644178,159,24910.54529,102,786.8105332,125,0.370457579,5019.751541,658,29062.30284,423,917.945622,517,3.927592184,10756.61044,850,62276.36322,546,1967.026333,668,0.060586257,0.064726212,0,0.6,0.756,0.234,0.01,0.564,0.396,0.04,1,1,0.02,0.686,0.147,0.147,1,0.74,0.26,0.92,0.08,0.96,0.04,0.15,0.85,1,1,0,0.01,0.99,0.35,0.65
Nyingchi City,Medium-small-cities,7,西藏自治区,13.7757,9.001351382,2545.567995,132,15263.57552,85,190.8564814,104,0.072150135,4426.459902,159,26541.66188,102,331.8782149,125,0.106981235,8202.385761,415,49182.63224,267,614.9819957,326,3.092504082,4242.613324,159,25439.29254,102,318.0941357,125,0.462756041,4949.715545,658,29679.17463,423,371.109825,517,1.039957125,10606.53331,850,63598.23135,546,795.2353392,668,0.122193633,0.093913957,0.187765456,0.6,0.756,0.234,0.01,0.564,0.396,0.04,1,1,0.02,0.686,0.147,0.147,1,0.74,0.26,0.92,0.08,0.96,0.04,0.15,0.85,1,1,0,0.01,0.99,0.35,0.65
Lincang City,Medium-small-cities,7,云南省,22.2,18.87282397,1343.955626,132,16590.46169,85,65.5826853,104,0.062187399,2336.989505,159,28848.96949,102,114.0410028,125,0.09493342,4330.523683,415,53458.15433,267,211.321986,326,2.536765184,2239.926043,159,27650.76948,102,109.3044755,125,0.149610263,2613.24705,658,32259.23106,423,127.5218881,517,0.483679766,5599.815107,850,69126.9237,546,273.2611888,668,0.114927942,0.075347166,0.21323939,0.6,0.73,0.26,0.01,0.52,0.44,0.04,1,1,0.02,0.686,0.147,0.147,1,0.74,0.26,0.92,0.08,0.96,0.04,0.15,0.85,1,1,0,0.01,0.99,0.35,0.65
Linfen City,Medium-small-cities,7,山西省,72.5605,64.23127975,5307.872907,132,12069.49444,85,622.6326499,104,0.125097239,9229.801221,159,20987.50978,102,1082.688997,125,0.37016478,17103.14603,415,38890.59321,267,2006.260761,326,4.54143992,8846.454844,159,20115.82407,102,1037.721083,125,0.130224175,10320.86398,658,23468.46142,423,1210.674597,517,3.162294133,22116.13711,850,50289.56018,546,2594.302708,668,0.072253194,0.056977116,0.146382909,0.6,0.756,0.234,0.01,0.564,0.396,0.04,1,1,0.02,0.686,0.147,0.147,1,0.74,0.26,0.92,0.08,0.96,0.04,0.15,0.85,1,1,0,0.01,0.99,0.35,0.65
Linyi City,Largecities,7,山东省,262.1406,230.5299887,3319.76594,132,14132.46772,85,547.7663443,104,0.45224072,5772.704107,159,24574.79108,102,952.5048097,125,1.493183822,10697.02358,415,45537.95153,267,1765.024887,326,19.21064443,5532.943233,159,23554.11286,102,912.9439071,125,0.901098092,6455.100439,658,27479.79834,423,1065.101225,517,9.553444227,13832.35808,850,58885.28215,546,2282.359768,668,0.058534418,0.046167146,0.306461751,0.6,0.73,0.26,0.01,0.530836842,0.420663158,0.0485,1,1,0.02,0.471221579,0.466494402,0.042284019,1,0.74,0.26,0.92,0.08,0.96,0.04,0.15,0.85,1,1,0,0.01,0.99,0.35,0.65
Liuzhou City,Largecities,7,广西壮族自治区,79.6307,69.08998061,5159.904166,132,11995.3408,85,844.7550318,104,0.195924152,8972.500021,159,20858.56484,102,1468.935139,125,0.465468289,16626.35787,415,38651.6537,267,2721.988436,326,6.80391147,8599.840276,159,19992.23467,102,1407.925053,125,0.588959876,10033.14699,658,23324.27378,423,1642.579228,517,2.486455605,21499.60069,850,49980.58668,546,3519.812632,668,0.077389915,0.063362855,0.164315723,0.6,0.704,0.286,0.01,0.488770526,0.462729474,0.0485,1,1,0.02,0.471221579,0.466494402,0.042284019,1,0.74,0.26,0.92,0.08,0.96,0.04,0.15,0.85,1,1,0,0.01,0.99,0.35,0.65
Lu'an City,Medium-small-cities,7,安徽省,59.2794,50.77051138,2747.855918,132,14986.03284,85,266.1112472,104,0.162080318,4778.216123,159,26059.04599,102,462.737891,125,0.372719113,8854.202401,415,48288.32802,267,857.4695745,326,5.050081498,4579.759863,159,24976.72139,102,443.5187454,125,0.208014012,5343.053173,658,29139.50829,423,517.4385363,517,2.715993675,11449.39966,850,62441.80348,546,1108.796864,668,0.062202667,0.056234146,0,0.6,0.73,0.26,0.01,0.52,0.44,0.04,1,1,0.02,0.686,0.147,0.147,1,0.74,0.26,0.92,0.08,0.96,0.04,0.15,0.85,1,1,0,0.01,0.99,0.35,0.65
Liupanshui City,Medium-small-cities,7,贵州省,55.52,48.07030321,3213.295677,132,14107.79152,85,678.912802,104,0.198113507,5587.56415,159,24531.88192,102,1180.553928,125,0.3259963,10353.95274,415,45458.43934,267,2187.607918,326,5.647807273,5355.492795,159,23512.98587,102,1131.521337,125,0.307128346,6248.074928,658,27431.81685,423,1320.108226,517,0.970651361,13388.73199,850,58782.46467,546,2828.803342,668,0.078540371,0.092575604,0.129601411,0.6,0.73,0.26,0.01,0.52,0.44,0.04,1,1,0.02,0.686,0.147,0.147,1,0.74,0.26,0.92,0.08,0.96,0.04,0.15,0.85,1,1,0,0.01,0.99,0.35,0.65
Longyan City,Medium-small-cities,7,福建省,109,95.31367775,3736.171367,132,13421.90889,85,841.9197397,104,0.355468001,6496.786876,159,23339.20824,102,1464.004881,125,0.572609087,12038.7744,415,43248.3731,267,2712.852495,326,10.1670282,6226.952278,159,22369.84816,102,1403.199566,125,0.323298951,7264.777657,658,26098.15618,423,1637.066161,517,2.267918013,15567.38069,850,55924.62039,546,3507.998915,668,0.041950259,0.044850799,0.022773335,0.6,0.73,0.26,0.01,0.52,0.44,0.04,1,1,0.02,0.686,0.147,0.147,1,0.74,0.26,0.92,0.08,0.96,0.04,0.15,0.85,1,1,0,0.01,0.99,0.35,0.65
Longnan City,Medium-small-cities,7,甘肃省,19.11,15.59837643,3091.765073,132,14582.572,85,325.662923,104,0.060506596,5376.235932,159,25357.47243,102,566.2916384,125,0.133898857,9962.354123,415,46988.28757,267,1049.358308,326,2.568168865,5152.941788,159,24304.28667,102,542.7715384,125,0.145103782,6011.765419,658,28355.00112,423,633.2334615,517,0.603945471,12882.35447,850,60760.71668,546,1356.928846,668,0.076931134,0.096307511,0.115345076,0.6,0.756,0.234,0.01,0.564,0.396,0.04,1,1,0.02,0.686,0.147,0.147,1,0.74,0.26,0.92,0.08,0.96,0.04,0.15,0.85,1,1,0,0.01,0.99,0.35,0.65
Loudi City,Medium-small-cities,7,湖南省,40.8804,36.53540449,1503.178808,132,16128.47682,85,368.3443709,104,0.198528664,2613.860927,159,28045.62914,102,640.5099338,125,0.290483746,4843.576159,415,51969.53642,267,1186.887417,326,2.788832585,2505.298013,159,26880.7947,102,613.9072848,125,0.232481309,2922.847682,658,31360.92715,423,716.2251656,517,0.834669204,6263.245033,850,67201.98675,546,1534.768212,668,0.080211256,0.066490987,0,0.6,0.704,0.286,0.01,0.476,0.484,0.04,1,1,0.02,0.686,0.147,0.147,1,0.74,0.26,0.92,0.08,0.96,0.04,0.15,0.85,1,1,0,0.01,0.99,0.35,0.65
Luzhou City,Medium-small-cities,7,四川省,73.38,65.73868632,2635.624612,132,14744.91256,85,619.4628291,104,0.134792404,4583.058353,159,25639.76462,102,1077.177031,125,0.474543121,8492.568194,415,47511.38491,267,1996.046894,326,4.904227743,4392.707687,159,24574.85427,102,1032.438048,125,0.384681519,5124.825634,658,28670.66331,423,1204.511056,517,1.743068897,10981.76922,850,61437.13566,546,2581.095121,668,0.079532099,0.080782052,0.557364787,0.6,0.73,0.26,0.01,0.52,0.44,0.04,1,1,0.02,0.686,0.147,0.147,1,0.74,0.26,0.92,0.08,0.96,0.04,0.15,0.85,1,1,0,0.01,0.99,0.35,0.65
Luoyang City,Largecities,7,河南省,119.8284,105.7639602,3912.330431,132,13613.88945,85,473.7801174,104,0.272450935,6803.107917,159,23673.0411,102,823.850982,125,0.591181208,12606.39806,415,43866.97712,267,1526.624823,326,8.593774297,6520.550719,159,22689.81575,102,789.6335291,125,0.295590604,7607.309172,658,26471.45171,423,921.2391172,517,4.311442746,16301.3768,850,56724.53938,546,1974.083823,668,0.048963517,0.049505029,2.299875091,0.6,0.743,0.247,0.01,0.55187,0.39963,0.0485,1,1,0.02,0.471221579,0.466494402,0.042284019,1,0.74,0.26,0.92,0.08,0.96,0.04,0.15,0.85,1,1,0,0.01,0.99,0.35,0.65
Luohe City,Medium-small-cities,7,河南省,36.537,32.24859728,3798.895028,132,13783.42541,85,417.679558,104,0.083073293,6605.856354,159,23967.8453,102,726.2983425,125,0.180257667,12240.88398,415,44413.25967,267,1345.856354,326,2.62033651,6331.491713,159,22972.37569,102,696.1325967,125,0.090128833,7386.740331,658,26801.10497,423,812.1546961,517,1.314606417,15828.72928,850,57430.93923,546,1740.331492,668,0.076744775,0.054892527,0,0.6,0.743,0.247,0.01,0.542,0.418,0.04,1,1,0.02,0.686,0.147,0.147,1,0.74,0.26,0.92,0.08,0.96,0.04,0.15,0.85,1,1,0,0.01,0.99,0.35,0.65
Lüliang City,Medium-small-cities,7,山西省,46,40.71965971,4745.473298,132,12703.75888,85,550.7678203,104,0.079305862,8251.850791,159,22090.42517,102,957.7240431,125,0.234667345,15290.96952,415,40934.33417,267,1774.69631,326,2.8790628,7909.122164,159,21172.93147,102,917.9463672,125,0.082556102,9227.309191,658,24701.75338,423,1070.937428,517,2.004748177,19772.80541,850,52932.32867,546,2294.865918,668,0.049082827,0.066373955,0.125252423,0.6,0.756,0.234,0.01,0.564,0.396,0.04,1,1,0.02,0.686,0.147,0.147,1,0.74,0.26,0.92,0.08,0.96,0.04,0.15,0.85,1,1,0,0.01,0.99,0.35,0.65
Ma'anshan City,Medium-small-cities,7,安徽省,30.7566,26.34183731,4462.56648,132,13009.68226,85,527.7512614,104,0.08409396,7759.907269,159,22622.39193,102,917.7008046,125,0.193382063,14379.38088,415,41920.08728,267,1700.531842,326,2.620190768,7437.6108,159,21682.80376,102,879.5854357,125,0.107926257,8677.212601,658,25296.60439,423,1026.183008,517,1.409169645,18594.027,850,54207.00941,546,2198.963589,668,0.065845654,0.055450864,0,0.6,0.743,0.247,0.01,0.542,0.418,0.04,1,1,0.02,0.686,0.147,0.147,1,0.74,0.26,0.92,0.08,0.96,0.04,0.15,0.85,1,1,0,0.01,0.99,0.35,0.65
Maoming City,Largecities,7,广东省,71.5422,63.51489398,2920.427549,132,14566.75528,85,512.8171662,104,0.158608261,5078.299016,159,25329.96891,102,891.7320724,125,0.540317246,9410.266547,415,46937.32258,267,1652.410869,326,5.676571134,4867.379248,159,24277.92547,102,854.695277,125,0.343445514,5678.609123,658,28324.24639,423,997.1444899,517,1.308363862,12168.44812,850,60694.81369,546,2136.738193,668,0.060617931,0.070699837,0,0.6,0.717,0.273,0.01,0.509803684,0.441696316,0.0485,1,1,0.02,0.471221579,0.466494402,0.042284019,1,0.74,0.26,0.92,0.08,0.96,0.04,0.15,0.85,1,0.9,0.1,0.01,0.99,0.35,0.65
Meishan City,Medium-small-cities,7,四川省,59.77,53.54594278,2228.840294,132,15138.4093,85,632.7504038,104,0.109792069,3875.705622,159,26324.01173,102,1100.282647,125,0.386528241,7181.818724,415,48779.31886,267,2038.862412,326,3.994626495,3714.733823,159,25230.68217,102,1054.584006,125,0.313333529,4333.856127,658,29435.79587,423,1230.348007,517,1.419776887,9286.834557,850,63076.70543,546,2636.460016,668,0.082274376,0.067150987,0,0.6,0.717,0.273,0.01,0.498,0.462,0.04,1,1,0.02,0.686,0.147,0.147,1,0.74,0.26,0.92,0.08,0.96,0.04,0.15,0.85,1,1,0,0.01,0.99,0.35,0.65
Meizhou City,Medium-small-cities,7,广东省,57.8645,51.37188377,3350.75983,132,14030.12599,85,619.1141799,104,0.128284952,5826.599038,159,24396.83019,102,1076.570768,125,0.437017415,10796.89279,415,45208.18375,267,1994.923468,326,4.59130346,5584.599717,159,23383.54332,102,1031.856966,125,0.277784342,6515.366336,658,27280.80054,423,1203.833127,517,1.058226064,13961.49929,850,58458.85829,546,2579.642416,668,0.082926043,0.070534603,0.150024407,0.6,0.717,0.273,0.01,0.498,0.462,0.04,1,1,0.02,0.686,0.147,0.147,1,0.74,0.26,0.92,0.08,0.96,0.04,0.15,0.85,1,1,0,0.01,0.99,0.35,0.65
Mianyang City,Medium-small-cities,7,四川省,85.25,76.37262208,2223.80315,132,15206.05291,85,570.1439433,104,0.156596517,3866.946588,159,26441.63644,102,991.4169681,125,0.551305548,7165.587927,415,48997.28159,267,1837.130484,326,5.697539045,3706.338583,159,25343.42151,102,950.2399055,125,0.446907869,4324.06168,658,29567.3251,423,1108.613223,517,2.025028938,9265.846458,850,63358.55378,546,2375.599764,668,0.066110788,0.073093896,4.840242238,0.6,0.73,0.26,0.01,0.52,0.44,0.04,1,1,0.02,0.686,0.147,0.147,1,0.74,0.26,0.92,0.08,0.96,0.04,0.15,0.85,1,1,0,0.01,0.99,0.35,0.65
Mudanjiang City,Medium-small-cities,7,黑龙江省,28.9631,24.6961845,3610.849565,132,13901.63573,85,487.514702,104,0.118525431,6278.866188,159,24173.39991,102,847.7338985,125,0.287847474,11634.95971,415,44794.15958,267,1570.880707,326,2.464764551,6018.082608,159,23169.39289,102,812.5245034,125,0.236486455,7021.096376,658,27030.95837,423,947.945254,517,1.159291593,15045.20652,850,57923.48222,546,2031.311258,668,0.078749901,0.076777887,0.175818327,0.6,0.73,0.26,0.01,0.52,0.44,0.04,1,1,0.02,0.686,0.147,0.147,1,0.74,0.26,0.92,0.08,0.96,0.04,0.15,0.85,1,1,0,0.01,0.99,0.35,0.65
Nagqu City,Medium-small-cities,7,西藏自治区,13.7757,9.001351382,1880.700584,132,15846.17389,85,273.1255256,104,0.072150135,3270.32935,159,27554.73571,102,474.9349417,125,0.106981235,6060.035217,415,51059.89365,267,880.0711379,326,3.092504082,3134.500974,159,26410.28982,102,455.2092093,125,0.462756041,3656.917803,658,30812.00479,423,531.0774108,517,1.039957125,7836.252435,850,66025.72454,546,1138.023023,668,0.121253946,0.083529549,0,0.6,0.743,0.247,0.01,0.542,0.418,0.04,1,1,0.02,0.686,0.147,0.147,1,0.74,0.26,0.92,0.08,0.96,0.04,0.15,0.85,1,1,0,0.01,0.99,0.35,0.65
Nanchang City,Largecities,7,江西省,116.5112,100.1767981,2446.134559,132,14908.48308,85,645.3823652,104,0.272759573,4253.556206,159,25924.19557,102,1122.248224,125,0.590329648,7881.989135,415,48038.44547,267,2079.565399,326,9.451119213,4076.890932,159,24847.47179,102,1075.637275,125,0.744243978,4756.372754,658,28988.71709,423,1254.910155,517,5.27594946,10192.22733,850,62118.67948,546,2689.093188,668,0.082338053,0.042579382,1.670639127,0.6,0.717,0.273,0.01,0.509803684,0.441696316,0.0485,1,1,0.02,0.471221579,0.466494402,0.042284019,1,0.74,0.26,0.92,0.08,0.96,0.04,0.15,0.85,1,1,0,0.01,0.99,0.35,0.65
Nanchong City,Medium-small-cities,7,四川省,83.57,74.8675663,2232.821635,132,15187.67255,85,579.5058185,104,0.15351051,3882.628731,159,26409.67504,102,1007.696229,125,0.54044111,7194.64749,415,48938.05598,267,1867.296526,326,5.585259096,3721.369391,159,25312.78758,102,965.8430309,125,0.43810077,4341.597623,658,29531.58551,423,1126.816869,517,1.985122209,9303.423478,850,63281.96894,546,2414.607577,668,0.077500892,0.080496403,0.62739677,0.6,0.73,0.26,0.01,0.52,0.44,0.04,1,1,0.02,0.686,0.147,0.147,1,0.74,0.26,0.92,0.08,0.96,0.04,0.15,0.85,1,1,0,0.01,0.99,0.35,0.65
Nanjing City,Extra-large-cities,7,江苏省,269.94,249.8792773,7277.461191,132,9801.139713,85,921.3990961,104,0.560038552,12654.6964,159,17043.09295,102,1602.21065,125,1.633327626,23449.59717,415,31581.45019,267,2968.952643,326,9.160529332,12129.10198,159,16335.23286,102,1535.66516,125,1.585121776,14150.61898,658,19057.77166,423,1791.609354,517,7.121705438,30322.75496,850,40838.08214,546,3839.1629,668,0.071530419,0.049798434,2.335788204,0.6,0.744975781,0.219524219,0.0355,0.55403267,0.33646733,0.1095,1,1,0.02,0.014,0.9358125,0.0301875,1,0.74,0.26,0.92,0.08,0.96,0.04,0.15,0.85,1,1,0,0.01,0.99,0.35,0.65
Nanning City,Largecities,7,广西壮族自治区,176.1627,152.8440354,4883.750662,132,12308.89621,85,807.3531301,104,0.433432428,8492.299763,159,21403.80285,102,1403.897387,125,1.029730375,15736.52991,415,39661.99889,267,2601.471197,326,15.05192614,8139.584437,159,20514.82701,102,1345.58855,125,1.302924148,9496.181844,658,23933.96485,423,1569.853308,517,5.500651543,20348.96109,850,51287.06753,546,3363.971375,668,0.090417274,0.057722635,1.801910667,0.6,0.73,0.26,0.01,0.530836842,0.420663158,0.0485,1,1,0.02,0.471221579,0.466494402,0.042284019,1,0.74,0.26,0.92,0.08,0.96,0.04,0.15,0.85,1,1,0,0.01,0.99,0.35,0.65
Nanping City,Medium-small-cities,7,福建省,29.25,25.57729426,3347.172609,132,13388.69044,85,1264.136955,104,0.095389349,5820.361259,159,23281.44504,102,2198.193705,125,0.153658861,10785.33396,415,43141.33585,267,4073.330188,326,2.728308026,5578.621015,159,22314.48406,102,2106.894925,125,0.086756829,6508.391184,658,26033.56474,423,2458.044079,517,0.608592678,13946.55254,850,55786.21015,546,5267.237312,668,0.052515132,0.056261108,0.104524847,0.6,0.704,0.286,0.01,0.476,0.484,0.04,1,1,0.02,0.686,0.147,0.147,1,0.74,0.26,0.92,0.08,0.96,0.04,0.15,0.85,1,1,0,0.01,0.99,0.35,0.65
Nantong City,Extra-large-cities,7,江苏省,181.23,167.7618042,3129.873106,132,14295.01534,85,575.1115583,104,0.375993876,5442.501567,159,24857.44333,102,1000.055099,125,1.096569481,10085.14667,415,46061.71608,267,1853.137244,326,6.150117548,5216.455176,159,23825.02556,102,958.5192639,125,1.064205451,6085.864372,658,27795.86315,423,1118.272475,517,4.781309463,13041.13794,850,59562.5639,546,2396.29816,668,0.054604587,0.046717004,0.52848761,0.6,0.733421875,0.231078125,0.0355,0.536323864,0.354176136,0.1095,1,1,0.02,0.014,0.9358125,0.0301875,1,0.74,0.26,0.92,0.08,0.96,0.04,0.15,0.85,1,0.9,0.1,0.01,0.99,0.35,0.65
Nanyang City,Largecities,7,河南省,114.3854,100.9598133,3139.654786,132,14505.26788,85,355.0773369,104,0.260075318,5459.510822,159,25223.04914,102,617.4400359,125,0.564327813,10116.66542,415,46739.19649,267,1144.138086,326,8.203416807,5232.757977,159,24175.44646,102,591.7955615,125,0.282163906,6104.884306,658,28204.68754,423,690.4281551,517,4.115602838,13081.89494,850,60438.61615,546,1479.488904,668,0.074044079,0.055610249,0.927249551,0.6,0.756,0.234,0.01,0.572903158,0.378596842,0.0485,1,1,0.02,0.471221579,0.466494402,0.042284019,1,0.74,0.26,0.92,0.08,0.96,0.04,0.15,0.85,1,1,0,0.01,0.99,0.35,0.65
Neijiang City,Medium-small-cities,7,四川省,47.01,42.1146858,1365.546549,132,16199.57504,85,434.8784135,104,0.086353106,2374.533722,159,28169.26104,102,756.2052412,125,0.30401025,4400.094436,415,52198.63068,267,1401.274888,326,3.141833554,2275.910915,159,26999.29173,102,724.7973558,125,0.246441512,2655.229401,658,31499.17368,423,845.5969151,517,1.116675781,5689.777288,850,67498.22932,546,1811.993389,668,0.121364418,0.076668639,0,0.6,0.73,0.26,0.01,0.52,0.44,0.04,1,1,0.02,0.686,0.147,0.147,1,0.74,0.26,0.92,0.08,0.96,0.04,0.15,0.85,1,1,0,0.01,0.99,0.35,0.65
Ningbo City,Extra-large-cities,7,浙江省,277.0211,250.5567161,5973.626374,132,11129.14286,85,897.2307692,104,0.535377598,10387.47253,159,19352.34286,102,1560.184615,125,1.254791246,19248.35165,415,35860.57143,267,2891.076923,326,19.69687646,9956.043956,159,18548.57143,102,1495.384615,125,0.654164503,11615.38462,658,21640,423,1744.615385,517,4.323174108,24890.10989,850,46371.42857,546,3738.461538,668,0.063162169,0.049355864,1.435400607,0.6,0.710314063,0.254185938,0.0355,0.50090625,0.38959375,0.1095,1,1,0.02,0.014,0.9358125,0.0301875,1,0.74,0.26,0.92,0.08,0.96,0.04,0.15,0.85,1,0.9,0.1,0.01,0.99,0.35,0.65
Ningde City,Medium-small-cities,7,福建省,27.78,24.29187126,3955.652857,132,13416.97402,85,627.3731199,104,0.090595423,6878.440801,159,23330.62705,102,1090.932147,125,0.145936518,12745.99254,415,43232.47185,267,2021.535609,326,2.591193059,6592.754761,159,22361.62337,102,1045.621867,125,0.082396742,7691.547221,658,26088.5606,423,1219.892178,517,0.578006995,16481.8869,850,55904.05843,546,2614.054666,668,0.049019066,0.049391866,0,0.6,0.717,0.273,0.01,0.498,0.462,0.04,1,1,0.02,0.686,0.147,0.147,1,0.74,0.26,0.92,0.08,0.96,0.04,0.15,0.85,1,0.9,0.1,0.01,0.99,0.35,0.65
Panzhihua City,Medium-small-cities,7,四川省,25.2,22.57583667,2394.851291,132,14988.93276,85,616.2159532,104,0.046290114,4164.3803,159,26064.08863,102,1071.531074,125,0.162966567,7716.743048,415,48297.67221,267,1985.584738,326,1.684199225,3991.418818,159,24981.55459,102,1027.026589,125,0.13210649,4656.655288,658,29145.14703,423,1198.197687,517,0.598600929,9978.547045,850,62453.88648,546,2567.566471,668,0.094228715,0.102871379,0.219352397,0.6,0.73,0.26,0.01,0.52,0.44,0.04,1,1,0.02,0.686,0.147,0.147,1,0.74,0.26,0.92,0.08,0.96,0.04,0.15,0.85,1,1,0,0.01,0.99,0.35,0.65
Panjin City,Medium-small-cities,7,辽宁省,36.0316,31.37697702,3393.777463,132,14104.7176,85,501.5049333,104,0.169014401,5901.401922,159,24526.53672,102,872.0613562,125,0.315325375,10935.50516,415,45448.5345,267,1615.960341,326,2.610053241,5656.295772,159,23507.86267,102,835.8415555,125,0.186672622,6599.011734,658,27425.83978,423,975.1484814,517,1.373557335,14140.73943,850,58769.65668,546,2089.603889,668,0.061884764,0.063552154,0,0.6,0.756,0.234,0.01,0.564,0.396,0.04,1,1,0.02,0.686,0.147,0.147,1,0.74,0.26,0.92,0.08,0.96,0.04,0.15,0.85,1,0.9,0.1,0.01,0.99,0.35,0.65
Pingdingshan City,Medium-small-cities,7,河南省,71.3472,62.97307167,4066.522151,132,13382.33302,85,551.1448313,104,0.162220403,7071.230186,159,23270.39019,102,958.3796234,125,0.351996053,13103.23804,415,43120.85083,267,1775.911123,326,5.116831515,6777.536919,159,22303.88836,102,918.5747189,125,0.175998027,7907.126406,658,26021.20309,423,1071.670505,517,2.567082327,16943.8423,850,55759.72091,546,2296.436797,668,0.062479643,0.053516207,0,0.6,0.743,0.247,0.01,0.542,0.418,0.04,1,1,0.02,0.686,0.147,0.147,1,0.74,0.26,0.92,0.08,0.96,0.04,0.15,0.85,1,1,0,0.01,0.99,0.35,0.65
Pingliang City,Medium-small-cities,7,甘肃省,23.89,19.50001114,3125.07054,132,14260.15181,85,614.7776497,104,0.075641161,5434.150439,159,24796.81954,102,1069.030024,125,0.167391088,10069.67174,415,45949.37806,267,1980.950205,326,3.210547054,5208.4509,159,23766.91968,102,1024.629416,125,0.18139871,6076.52605,658,27728.07296,423,1195.400986,517,0.755010847,13021.12725,850,59417.29921,546,2561.573541,668,0.095189928,0.079743075,0,0.6,0.756,0.234,0.01,0.564,0.396,0.04,1,1,0.02,0.686,0.147,0.147,1,0.74,0.26,0.92,0.08,0.96,0.04,0.15,0.85,1,1,0,0.01,0.99,0.35,0.65
Pingxiang City,Medium-small-cities,7,江西省,24.34,20.92762985,2369.365776,132,15418.82728,85,211.8069406,104,0.056981372,4120.063821,159,26811.62744,102,368.3087355,125,0.123323969,7634.623055,415,49682.88791,267,682.4890307,326,1.974404535,3948.94296,159,25698.04547,102,353.0115676,125,0.155477743,4607.10012,658,29981.05305,423,411.8468289,517,1.102182536,9872.357399,850,64245.11368,546,882.528919,668,0.10407603,0.066545981,0,0.6,0.704,0.286,0.01,0.476,0.484,0.04,1,1,0.02,0.686,0.147,0.147,1,0.74,0.26,0.92,0.08,0.96,0.04,0.15,0.85,1,1,0,0.01,0.99,0.35,0.65
Putian City,Medium-small-cities,7,福建省,38.77,33.90193841,2922.184925,132,14355.50809,85,722.3069881,104,0.126435728,5081.354898,159,24962.63351,102,1256.011596,125,0.203670223,9415.929204,415,46256.63717,267,2327.433628,326,3.616290672,4870.308209,159,23925.84681,102,1203.84498,125,0.114993581,5682.026244,658,27913.48795,423,1404.48581,517,0.806671389,12175.77052,850,59814.61703,546,3009.61245,668,0.042206194,0.042592779,0,0.6,0.73,0.26,0.01,0.52,0.44,0.04,1,1,0.02,0.686,0.147,0.147,1,0.74,0.26,0.92,0.08,0.96,0.04,0.15,0.85,1,0.9,0.1,0.01,0.99,0.35,0.65
Puyang City,Medium-small-cities,7,河南省,68.6431,60.58635596,5197.01963,132,12240.72217,85,562.2582032,104,0.156072157,9037.039691,159,21285.25577,102,977.7045422,125,0.3386552,16745.95214,415,39442.32698,267,1811.720877,326,4.922900652,8661.699384,159,20401.20361,102,937.0970053,125,0.1693276,10105.31595,658,23801.40421,423,1093.27984,517,2.469788427,21654.24846,850,51003.00903,546,2342.742513,668,0.066898669,0.058507979,0,0.6,0.756,0.234,0.01,0.564,0.396,0.04,1,1,0.02,0.686,0.147,0.147,1,0.74,0.26,0.92,0.08,0.96,0.04,0.15,0.85,1,1,0,0.01,0.99,0.35,0.65
Pu'er City,Medium-small-cities,7,云南省,29.6,25.16376529,1452.67353,132,16375.45666,85,171.8698107,104,0.082916531,2526.037861,159,28475.09963,102,298.8625042,125,0.126577893,4680.836931,415,52765.36035,267,553.8027233,326,3.382353578,2421.122551,159,27292.42776,102,286.4496845,125,0.199480351,2824.642976,658,31841.16573,423,334.1912986,517,0.644906355,6052.806377,850,68231.06941,546,716.1242112,668,0.100895198,0.069393645,0.381129153,0.6,0.73,0.26,0.01,0.52,0.44,0.04,1,1,0.02,0.686,0.147,0.147,1,0.74,0.26,0.92,0.08,0.96,0.04,0.15,0.85,1,1,0,0.01,0.99,0.35,0.65
Qitaihe City,Medium-small-cities,7,黑龙江省,14.1179,12.03801607,3791.540327,132,13598.68505,85,609.7746234,104,0.057774554,6593.067346,159,23646.60234,102,1060.330317,125,0.140309631,12217.1855,415,43817.98516,267,1964.829342,326,1.201435601,6319.233878,159,22664.47508,102,1016.291039,125,0.115273991,7372.439524,658,26441.8876,423,1185.672879,517,0.565090159,15798.08469,850,56661.18771,546,2540.727598,668,0.078811734,0.08827433,0,0.6,0.743,0.247,0.01,0.542,0.418,0.04,1,1,0.02,0.686,0.147,0.147,1,0.74,0.26,0.92,0.08,0.96,0.04,0.15,0.85,1,1,0,0.01,0.99,0.35,0.65
Qiqihar City,Medium-small-cities,7,黑龙江省,7.8219,6.669558352,2939.433873,132,14479.93477,85,580.6313567,104,0.03200949,5111.348901,159,25178.99768,102,1009.653415,125,0.077737333,9471.509146,415,46657.56759,267,1870.92326,326,0.66564497,4899.056455,159,24133.22462,102,967.7189278,125,0.063866554,5715.565864,658,28155.42872,423,1129.005416,517,0.3130833,12247.64114,850,60333.06154,546,2419.297319,668,0.06803977,0.08110456,0.086172777,0.6,0.743,0.247,0.01,0.542,0.418,0.04,1,1,0.02,0.686,0.147,0.147,1,0.74,0.26,0.92,0.08,0.96,0.04,0.15,0.85,1,1,0,0.01,0.99,0.35,0.65
Qinzhou City,Medium-small-cities,7,广西壮族自治区,75.1807,65.22902731,3499.455826,132,13639.54465,85,860.9995198,104,0.184975329,6085.164853,159,23717.65265,102,1497.182498,125,0.439456539,11276.02433,415,43949.64389,267,2774.331786,326,6.423688691,5832.426376,159,22732.57442,102,1434.9992,125,0.556047049,6804.497439,658,26521.33683,423,1674.165733,517,2.347505082,14581.06594,850,56831.43606,546,3587.497999,668,0.073370809,0.075628025,0,0.6,0.73,0.26,0.01,0.52,0.44,0.04,1,1,0.02,0.686,0.147,0.147,1,0.74,0.26,0.92,0.08,0.96,0.04,0.15,0.85,1,0.9,0.1,0.01,0.99,0.35,0.65
Qinhuangdao City,Medium-small-cities,7,河北省,71.2,61.65566519,3813.279264,132,13485.09549,85,701.6252489,104,0.095465045,6630.868942,159,23449.08271,102,1220.04835,125,0.292904114,12287.23318,415,43451.97435,267,2260.792469,326,5.83898928,6355.46544,159,22475.15915,102,1169.375415,125,0.191797953,7414.709679,658,26221.019,423,1364.271317,517,3.125178418,15888.6636,850,56187.89786,546,2923.438537,668,0.06341275,0.063819214,0.42786416,0.6,0.743,0.247,0.01,0.542,0.418,0.04,1,1,0.02,0.686,0.147,0.147,1,0.74,0.26,0.92,0.08,0.96,0.04,0.15,0.85,1,0.9,0.1,0.01,0.99,0.35,0.65
Qingdao City,Extra-large-cities,7,山东省,291.0938,255.9918243,6001.288464,132,11124.7394,85,873.972137,104,0.502190311,10435.57383,159,19344.68573,102,1519.740438,125,1.658104669,19337.48505,415,35846.38251,267,2816.132441,326,21.3324433,10002.14744,159,18541.23233,102,1456.620228,125,1.000623588,11669.17201,658,21631.43772,423,1699.390266,517,10.60861379,25005.3686,850,46353.08083,546,3641.550571,668,0.072761497,0.053145297,3.530392596,0.6,0.756529688,0.207970313,0.0355,0.571741477,0.318758523,0.1095,1,1,0.02,0.014,0.9358125,0.0301875,1,0.74,0.26,0.92,0.08,0.96,0.04,0.15,0.85,1,0.9,0.1,0.01,0.99,0.35,0.65
Qingyuan City,Medium-small-cities,7,广东省,68.8998,61.16898128,2973.07071,132,14433.07097,85,593.8583224,104,0.152750089,5169.839624,159,25097.50674,102,1032.653638,125,0.520360713,9579.894511,415,46506.56201,267,1913.543483,326,5.466907865,4955.11785,159,24055.11828,102,989.7638706,125,0.330760407,5780.970826,658,28064.30466,423,1154.724516,517,1.260039647,12387.79463,850,60137.7957,546,2474.409677,668,0.064751302,0.073051521,0,0.6,0.704,0.286,0.01,0.476,0.484,0.04,1,1,0.02,0.686,0.147,0.147,1,0.74,0.26,0.92,0.08,0.96,0.04,0.15,0.85,1,1,0,0.01,0.99,0.35,0.65
Qingyang City,Medium-small-cities,7,甘肃省,31.7,25.87485781,2975.093417,132,14482.95058,85,541.9560024,104,0.100369393,5173.356885,159,25184.24184,102,942.4012709,125,0.22211375,9586.41212,415,46667.28521,267,1746.302674,326,4.260123131,4958.489028,159,24138.25097,102,903.260004,125,0.240700674,5784.903866,658,28161.2928,423,1053.803338,517,1.001835239,12396.22257,850,60345.62742,546,2258.15001,668,0.102363004,0.085570673,0.635450937,0.6,0.756,0.234,0.01,0.564,0.396,0.04,1,1,0.02,0.686,0.147,0.147,1,0.74,0.26,0.92,0.08,0.96,0.04,0.15,0.85,1,1,0,0.01,0.99,0.35,0.65
Qujing City,Medium-small-cities,7,云南省,76.69,65.19625541,1324.827586,132,16129.65517,85,545.5172414,104,0.214826648,2303.727969,159,28047.67816,102,948.5938697,125,0.327947927,4268.888889,415,51973.33333,267,1757.777778,326,8.763266753,2208.045977,159,26882.75862,102,909.1954023,125,0.516829328,2576.05364,658,31363.21839,423,1060.727969,517,1.670873931,5520.114943,850,67206.89655,546,2272.988506,668,0.08560421,0.065566952,0,0.6,0.73,0.26,0.01,0.52,0.44,0.04,1,1,0.02,0.686,0.147,0.147,1,0.74,0.26,0.92,0.08,0.96,0.04,0.15,0.85,1,1,0,0.01,0.99,0.35,0.65
Quzhou City,Medium-small-cities,7,浙江省,46.658,42.20066724,3134.733897,132,14216.72344,85,648.5426617,104,0.090172366,5450.953943,159,24721.30243,102,1127.743628,125,0.211341483,10100.80922,415,45809.4422,267,2089.748576,326,3.317497699,5224.556495,159,23694.53907,102,1080.904436,125,0.11017936,6095.31591,658,27643.62891,423,1261.055175,517,0.728141855,13061.39124,850,59236.34767,546,2702.26109,668,0.059897331,0.062934224,0.095566949,0.6,0.704,0.286,0.01,0.476,0.484,0.04,1,1,0.02,0.686,0.147,0.147,1,0.74,0.26,0.92,0.08,0.96,0.04,0.15,0.85,1,1,0,0.01,0.99,0.35,0.65
Quanzhou City,Extra-large-cities,7,福建省,160.18,140.0673844,3106.877114,132,14230.55242,85,662.5704622,104,0.522374902,5402.514092,159,24745.34949,102,1152.136415,125,0.841472693,10011.04848,415,45854.00225,267,2134.949267,326,14.94086768,5178.128523,159,23717.58737,102,1104.284104,125,0.475101155,6041.149944,658,27670.5186,423,1288.331454,517,3.33279915,12945.32131,850,59293.96843,546,2760.710259,668,0.053845964,0.044464381,0.955681531,0.6,0.721867969,0.242632031,0.0355,0.518615057,0.371884943,0.1095,1,1,0.02,0.014,0.9358125,0.0301875,1,0.74,0.26,0.92,0.08,0.96,0.04,0.15,0.85,1,0.9,0.1,0.01,0.99,0.35,0.65
Shigatse City,Medium-small-cities,7,西藏自治区,13.6951,8.948685534,1749.551761,132,15964.62293,85,285.8253076,104,0.071727993,3042.276117,159,27760.70543,102,497.0184516,125,0.106355301,5637.444563,415,51441.56278,267,920.9926579,326,3.074410204,2915.919601,159,26607.70489,102,476.3755127,125,0.46004851,3401.906202,658,31042.32237,423,555.7714315,517,1.033872458,7289.799003,850,66519.26222,546,1190.938782,668,0.111064419,0.089863001,9.98E-02,0.6,0.704,0.286,0.01,0.476,0.484,0.04,1,1,0.02,0.686,0.147,0.147,1,0.74,0.26,0.92,0.08,0.96,0.04,0.15,0.85,1,1,0,0.01,0.99,0.35,0.65
Rizhao City,Medium-small-cities,7,山东省,70.3935,61.90499587,3909.934142,132,13478.50295,85,611.562911,104,0.121441727,6798.941036,159,23437.61901,102,1063.439951,125,0.400969691,12598.67668,415,43430.73172,267,1970.591602,326,5.158699181,6516.556903,159,22464.17158,102,1019.271518,125,0.241974912,7602.64972,658,26208.20017,423,1189.150105,517,2.56541862,16291.39226,850,56160.42895,546,2548.178796,668,0.056092334,0.05093778,2.274381463,0.6,0.743,0.247,0.01,0.542,0.418,0.04,1,1,0.02,0.686,0.147,0.147,1,0.74,0.26,0.92,0.08,0.96,0.04,0.15,0.85,1,0.9,0.1,0.01,0.99,0.35,0.65
Sanmenxia City,Medium-small-cities,7,河南省,32.4525,28.6435012,3797.513321,132,13642.98401,85,559.5026643,104,0.073786464,6603.45372,159,23723.63331,102,972.9129663,125,0.16010652,12236.43181,415,43960.72627,267,1802.841918,326,2.327407028,6329.188869,159,22738.30669,102,932.5044405,125,0.08005326,7384.053681,658,26528.02447,423,1087.921847,517,1.167645531,15822.97217,850,56845.76673,546,2331.261101,668,0.053593549,0.062413995,0,0.6,0.743,0.247,0.01,0.542,0.418,0.04,1,1,0.02,0.686,0.147,0.147,1,0.74,0.26,0.92,0.08,0.96,0.04,0.15,0.85,1,1,0,0.01,0.99,0.35,0.65
Sanming City,Medium-small-cities,7,福建省,31.08,27.17751472,3363.313656,132,13931.99095,85,704.6953918,104,0.101357298,5848.428746,159,24226.18427,102,1225.386987,125,0.163272389,10837.344,415,44891.97085,267,2270.685151,326,2.899002169,5605.522759,159,23219.98492,102,1174.49232,125,0.092184692,6539.776553,658,27089.98241,423,1370.24104,517,0.646668733,14013.8069,850,58049.9623,546,2936.230799,668,0.053243427,0.052282538,0.041617809,0.6,0.704,0.286,0.01,0.476,0.484,0.04,1,1,0.02,0.686,0.147,0.147,1,0.74,0.26,0.92,0.08,0.96,0.04,0.15,0.85,1,1,0,0.01,0.99,0.35,0.65
Sanya City,Medium-small-cities,7,海南省,21.6115,18.57366902,2083.773391,132,14984.15791,85,932.0687003,104,0.090232603,3623.450397,159,26055.7857,102,1620.763907,125,0.264365697,6714.380928,415,48282.28659,267,3003.332479,326,2.214656351,3472.955652,159,24973.59651,102,1553.447834,125,0.178882178,4051.781594,658,29135.8626,423,1812.355806,517,0.289694147,8682.389131,850,62433.99128,546,3883.619585,668,0.075184319,0.063989893,2.218605082,0.6,0.73,0.26,0.01,0.52,0.44,0.04,1,1,0.02,0.686,0.147,0.147,1,0.74,0.26,0.92,0.08,0.96,0.04,0.15,0.85,1,0.9,0.1,0.01,0.99,0.35,0.65
Xiamen City,Largecities,7,福建省,140.53,122.8846893,6883.963849,132,10081.11177,85,1034.924383,104,0.458292827,11970.44825,159,17529.93324,102,1799.618511,125,0.738245459,22181.66129,415,32483.58236,267,3334.756347,326,13.10800434,11473.27308,159,16801.85295,102,1724.873972,125,0.416818363,13385.48526,658,19602.16177,423,2012.352968,517,2.92394971,28683.18271,850,42004.63236,546,4312.184931,668,0.053610676,0.047762311,3.918422202,0.6,0.73,0.26,0.01,0.530836842,0.420663158,0.0485,1,1,0.02,0.471221579,0.466494402,0.042284019,1,0.74,0.26,0.92,0.08,0.96,0.04,0.15,0.85,1,0.9,0.1,0.01,0.99,0.35,0.65
Shannan City,Medium-small-cities,7,西藏自治区,13.6951,8.948685534,2495.666996,132,15294.68369,85,209.6493101,104,0.071727993,4339.687609,159,26595.75554,102,364.5568559,125,0.106355301,8041.593652,415,49282.86968,267,675.5366658,326,3.074410204,4159.444993,159,25491.13949,102,349.4155168,125,0.46004851,4852.685825,658,29739.66274,423,407.6514363,517,1.033872458,10398.61248,850,63727.84873,546,873.538792,668,0.173624514,0.063087642,0,0.6,0.717,0.273,0.01,0.498,0.462,0.04,1,1,0.02,0.686,0.147,0.147,1,0.74,0.26,0.92,0.08,0.96,0.04,0.15,0.85,1,1,0,0.01,0.99,0.35,0.65
Shantou City,Medium-small-cities,7,广东省,79.0098,70.14460096,6190.96145,132,10590.06079,85,1218.977765,104,0.175163847,10765.39408,159,18414.93903,102,2119.666891,125,0.59671575,19948.65356,415,34123.5292,267,3927.817243,326,6.269093626,10318.26908,159,17650.10131,102,2031.629608,125,0.379294477,12037.9806,658,20591.78486,423,2370.234543,517,1.444931342,25795.67271,850,44125.25327,546,5079.074021,668,0.072068571,0.060710604,0,0.6,0.717,0.273,0.01,0.498,0.462,0.04,1,1,0.02,0.686,0.147,0.147,1,0.74,0.26,0.92,0.08,0.96,0.04,0.15,0.85,1,0.9,0.1,0.01,0.99,0.35,0.65
Shanwei City,Medium-small-cities,7,广东省,28.4348,25.24430766,3786.803785,132,13533.71399,85,679.4822228,104,0.063039635,6584.831026,159,23533.62489,102,1181.544087,125,0.214751752,12201.92331,415,43608.63397,267,2189.442718,326,2.256181175,6311.339642,159,22556.18999,102,1132.470371,125,0.136504112,7363.229582,658,26315.55498,423,1321.215433,517,0.520015666,15778.3491,850,56390.47497,546,2831.175928,668,0.082556356,0.06682513,0,0.6,0.717,0.273,0.01,0.498,0.462,0.04,1,1,0.02,0.686,0.147,0.147,1,0.74,0.26,0.92,0.08,0.96,0.04,0.15,0.85,1,0.9,0.1,0.01,0.99,0.35,0.65
Shangluo City,Medium-small-cities,7,陕西省,10.6124,9.516446099,2012.406417,132,15408.77005,85,578.8235294,104,0.027189394,3499.351159,159,26794.13904,102,1006.509804,125,0.067499252,6484.420677,415,49650.48128,267,1865.098039,326,0.697439581,3354.010695,159,25681.28342,102,964.7058824,125,0.026082849,3913.012478,658,29961.49733,423,1125.490196,517,0.277742825,8385.026738,850,64203.20856,546,2411.764706,668,0.132929591,0.083942386,0,0.6,0.743,0.247,0.01,0.542,0.418,0.04,1,1,0.02,0.686,0.147,0.147,1,0.74,0.26,0.92,0.08,0.96,0.04,0.15,0.85,1,1,0,0.01,0.99,0.35,0.65
Shangqiu City,Medium-small-cities,7,河南省,111.034,98.00177218,2444.221186,132,15186.14371,85,369.6351069,104,0.252455321,4250.229063,159,26407.01656,102,642.7543803,125,0.547793463,7875.823823,415,48933.12972,267,1191.046456,326,7.963063308,4073.701977,159,25310.23951,102,616.0585115,125,0.273896732,4752.652307,658,29528.61276,423,718.7349301,517,3.995018993,10184.25494,850,63275.59878,546,1540.146279,668,0.050844937,0.054435564,0.00E+00,0.6,0.756,0.234,0.01,0.564,0.396,0.04,1,1,0.02,0.686,0.147,0.147,1,0.74,0.26,0.92,0.08,0.96,0.04,0.15,0.85,1,1,0,0.01,0.99,0.35,0.65
Shanghai,Megacities,7,上海市,411.22,370.8034168,9438.098888,132,7395.937141,85,1165.963971,104,2.437984255,16411.80529,159,12860.71292,102,2027.481794,125,4.945910681,30411.65197,415,23831.35301,267,3756.995017,326,7.733605793,15730.16481,159,12326.5619,102,1943.273285,125,4.566224609,18351.85895,658,14380.98888,423,2267.152166,517,20.73285791,39325.41204,850,30816.40475,546,4858.183212,668,0.092815153,0.064397961,17.2459781,0.6,0.523410821,0.190089179,0.2865,0.423438158,0.193061842,0.3835,1,1,0.02,0.121363934,0.519066128,0.339569937,1,0.74,0.26,0.92,0.08,0.96,0.04,0.15,0.85,1,0.9,0.1,0.01,0.99,0.35,0.65
Shangrao City,Medium-small-cities,7,江西省,67.1715,57.75432572,3042.689076,132,14499.4958,85,457.8151261,104,0.157252433,5290.898226,159,25213.01214,102,796.0896359,125,0.340339194,9804.220355,415,46720.59757,267,1475.182073,326,5.448796804,5071.148459,159,24165.82633,102,763.0252101,125,0.429074496,5916.339869,658,28193.46405,423,890.1960784,517,3.041711347,12677.87115,850,60414.56583,546,1907.563025,668,0.07329302,0.069803114,0.099178008,0.6,0.704,0.286,0.01,0.476,0.484,0.04,1,1,0.02,0.686,0.147,0.147,1,0.74,0.26,0.92,0.08,0.96,0.04,0.15,0.85,1,1,0,0.01,0.99,0.35,0.65
Shaoguan City,Medium-small-cities,7,广东省,42.2016,37.46642052,2658.982089,132,14607.9092,85,733.1087072,104,0.093560477,4623.67441,159,25401.531,102,1274.794585,125,0.318724505,8567.831176,415,47069.92966,267,2362.239168,326,3.348518558,4431.636815,159,24346.51534,102,1221.847845,125,0.202593018,5170.242951,658,28404.2679,423,1425.489153,517,0.771782925,11079.09204,850,60866.28835,546,3054.619613,668,0.096448174,0.074467339,0,0.6,0.704,0.286,0.01,0.476,0.484,0.04,1,1,0.02,0.686,0.147,0.147,1,0.74,0.26,0.92,0.08,0.96,0.04,0.15,0.85,1,1,0,0.01,0.99,0.35,0.65
Shaoyang City,Medium-small-cities,7,湖南省,60.6648,54.2170088,1754.173124,132,15781.97919,85,463.8476865,104,0.294608215,3050.312154,159,27443.10826,102,806.5795882,125,0.431065702,5652.335621,415,50853.04406,267,1494.620323,326,4.138510655,2923.621873,159,26303.29865,102,773.0794775,125,0.344992518,3410.892185,658,30687.18176,423,901.9260571,517,1.238614112,7309.054682,850,65758.24662,546,1932.698694,668,0.049711531,0.060550534,0.076560098,0.6,0.717,0.273,0.01,0.498,0.462,0.04,1,1,0.02,0.686,0.147,0.147,1,0.74,0.26,0.92,0.08,0.96,0.04,0.15,0.85,1,1,0,0.01,0.99,0.35,0.65
Shaoxing City,Largecities,7,浙江省,153.3721,138.7201542,3431.813224,132,13792.28418,85,775.9026008,104,0.296410586,5967.541883,159,23983.24971,102,1349.208411,125,0.694712311,11058.06483,415,44441.80457,267,2500.130603,326,10.90513071,5719.688706,159,22987.14029,102,1293.171001,125,0.362176685,6672.970157,658,26818.33034,423,1508.699502,517,2.393515482,14299.22177,850,57467.85073,546,3232.927503,668,0.066325796,0.031387741,0,0.6,0.717,0.273,0.01,0.509803684,0.441696316,0.0485,1,1,0.02,0.471221579,0.466494402,0.042284019,1,0.74,0.26,0.92,0.08,0.96,0.04,0.15,0.85,1,1,0,0.01,0.99,0.35,0.65
Shenzhen City,Megacities,7,广东省,341.4152,303.1071204,7346.938776,132,220.4081633,85,10432.65306,104,0.756913696,12775.5102,159,383.2653061,102,18141.22449,125,2.578513389,23673.46939,415,710.2040816,267,33616.32653,326,27.08985283,12244.89796,159,367.3469388,102,17387.7551,125,1.638997945,14285.71429,658,428.5714286,423,20285.71429,517,6.243801696,30612.2449,850,918.3673469,546,43469.38776,668,0.076865304,0.06609359,6.368080701,0.6,0.523410821,0.190089179,0.2865,0.423438158,0.193061842,0.3835,1,1,0.02,0.121363934,0.519066128,0.339569937,1,0.74,0.26,0.92,0.08,0.96,0.04,0.15,0.85,1,0.9,0.1,0.01,0.99,0.35,0.65
Shenyang City,Largecities,7,辽宁省,257.9958,224.6674666,8851.440803,132,8253.63914,85,894.920057,104,1.210187881,15391.67206,159,14352.16139,102,1556.166544,125,2.257813211,28521.30925,415,26595.05945,267,2883.631295,326,18.68867255,14752.40134,159,13756.06523,102,1491.533428,125,1.336625421,17211.13489,658,16048.74277,423,1740.122333,517,9.835034347,36881.00334,850,34390.16309,546,3728.833571,668,0.067168226,0.051879993,2.388498363,0.6,0.743,0.247,0.01,0.55187,0.39963,0.0485,1,1,0.02,0.471221579,0.466494402,0.042284019,1,0.74,0.26,0.92,0.08,0.96,0.04,0.15,0.85,1,1,0,0.01,0.99,0.35,0.65
Shiyan City,Medium-small-cities,7,湖北省,39.0369,34.3656815,2256.822231,132,15446.65687,85,296.5208965,104,0.126347771,3924.363102,159,26860.02001,102,515.6168923,125,0.280975549,7271.982745,415,49772.56103,267,955.4562221,326,2.908735512,3761.370385,159,25744.42812,102,494.2014942,125,0.265011029,4388.26545,658,30035.16614,423,576.5684099,517,1.090148639,9403.425964,850,64361.0703,546,1235.503735,668,0.062604339,0.051977303,0.223075056,0.6,0.743,0.247,0.01,0.542,0.418,0.04,1,1,0.02,0.686,0.147,0.147,1,0.74,0.26,0.92,0.08,0.96,0.04,0.15,0.85,1,1,0,0.01,0.99,0.35,0.65
Shijiazhuang City,Largecities,7,河北省,287.6,249.0473217,3893.337501,132,13427.64833,85,679.0141721,104,0.385614422,6770.081322,159,23349.18848,102,1180.730199,125,1.183135159,12545.19862,415,43266.86683,267,2187.934555,326,23.58558029,6488.895836,159,22379.41388,102,1131.690287,125,0.77473443,7570.378475,658,26109.31619,423,1320.305335,517,12.62361395,16222.23959,850,55948.53469,546,2829.225717,668,0.072507794,0.051968292,1.149409322,0.6,0.756,0.234,0.01,0.572903158,0.378596842,0.0485,1,1,0.02,0.471221579,0.466494402,0.042284019,1,0.74,0.26,0.92,0.08,0.96,0.04,0.15,0.85,1,1,0,0.01,0.99,0.35,0.65
Shizuishan City,Medium-small-cities,7,宁夏回族自治区,12.2,9.498921712,3689.368015,132,13739.29804,85,571.3339425,104,0.028801123,6415.401048,159,23891.11271,102,993.4862445,125,0.077062464,11887.9636,415,44271.07147,267,1840.964926,326,1.918777515,6148.946692,159,22898.83007,102,952.2232375,125,0.063829516,7173.77114,658,26715.30175,423,1110.92711,517,0.612607669,15372.36673,850,57247.07518,546,2380.558094,668,0.12271329,0.094588945,0,0.6,0.756,0.234,0.01,0.564,0.396,0.04,1,1,0.02,0.686,0.147,0.147,1,0.74,0.26,0.92,0.08,0.96,0.04,0.15,0.85,1,1,0,0.01,0.99,0.35,0.65
Shuangyashan City,Medium-small-cities,7,黑龙江省,22.4332,19.12828551,3381.130226,132,14167.54062,85,451.3291519,104,0.09180318,5879.409781,159,24635.77897,102,784.8112475,125,0.222950581,10894.75295,415,45650.96423,267,1454.282823,326,1.909068992,5635.217043,159,23612.5677,102,752.2152532,125,0.183169203,6574.419883,658,27547.99565,423,877.5844621,517,0.897922535,14088.04261,850,59031.41926,546,1880.538133,668,0.083710091,0.095199938,0,0.6,0.743,0.247,0.01,0.542,0.418,0.04,1,1,0.02,0.686,0.147,0.147,1,0.74,0.26,0.92,0.08,0.96,0.04,0.15,0.85,1,1,0,0.01,0.99,0.35,0.65
Shuozhou City,Medium-small-cities,7,山西省,25.9063,22.93251566,4929.133858,132,12278.21522,85,792.6509186,104,0.04466351,8571.216098,159,21350.45203,102,1378.331875,125,0.132160057,15882.76465,415,39563.13794,267,2554.097404,326,1.62143184,8215.223097,159,20463.69204,102,1321.084864,125,0.046493981,9584.426947,658,23874.30738,423,1541.265675,517,1.12903495,20538.05774,850,51159.2301,546,3302.712161,668,0.072397092,0.076280395,0,0.6,0.756,0.234,0.01,0.564,0.396,0.04,1,1,0.02,0.686,0.147,0.147,1,0.74,0.26,0.92,0.08,0.96,0.04,0.15,0.85,1,1,0,0.01,0.99,0.35,0.65
Siping City,Medium-small-cities,7,吉林省,42.0783,37.21748885,2710.471766,132,15289.52823,85,0,104,0.125573297,4713.209238,159,26586.79076,102,0,125,0.338298212,8733.742359,415,49266.25764,267,0,326,2.794474424,4517.452944,159,25482.54706,102,0,125,0.171491891,5270.361768,658,29729.63823,423,0,517,1.430973322,11293.63236,850,63706.36764,546,0,668,0.06482839,0.075306152,0,0.6,0.73,0.26,0.01,0.52,0.44,0.04,1,1,0.02,0.686,0.147,0.147,1,0.74,0.26,0.92,0.08,0.96,0.04,0.15,0.85,1,1,0,0.01,0.99,0.35,0.65
Songyuan City,Medium-small-cities,7,吉林省,45.6072,40.33873654,3240.479099,132,14349.8883,85,409.6326012,104,0.136104512,5634.833099,159,24952.86132,102,712.3055787,125,0.366669618,10441.54376,415,46238.52897,267,1319.92727,326,3.028833246,5400.798498,159,23916.4805,102,682.721002,125,0.185874072,6300.93158,658,27902.56058,423,796.5078356,517,1.550982014,13501.99624,850,59791.20125,546,1706.802505,668,0.091332051,0.071326643,0.521802142,0.6,0.756,0.234,0.01,0.564,0.396,0.04,1,1,0.02,0.686,0.147,0.147,1,0.74,0.26,0.92,0.08,0.96,0.04,0.15,0.85,1,1,0,0.01,0.99,0.35,0.65
Suzhou City (Jiangsu),Extra-large-cities,7,江苏省,419.1,387.9543791,6476.357729,132,10593.76108,85,929.881194,104,0.869497508,11261.6665,159,18421.37343,102,1616.960076,125,2.535850959,20868.26379,415,34135.45236,267,2996.283847,326,14.22233772,10793.92955,159,17656.26846,102,1549.80199,125,2.461008136,12592.91781,658,20598.97987,423,1808.102322,517,11.05692654,26984.82387,850,44140.67115,546,3874.504975,668,0.06895335,0.043658408,0,0.6,0.733421875,0.231078125,0.0355,0.536323864,0.354176136,0.1095,1,1,0.02,0.014,0.9358125,0.0301875,1,0.74,0.26,0.92,0.08,0.96,0.04,0.15,0.85,1,1,0,0.01,0.99,0.35,0.65
Suqian City,Largecities,7,江苏省,107.5,99.51108508,4789.456233,132,12842.00928,85,368.5344828,104,0.223027874,8328.332228,159,22330.82725,102,640.8405172,125,0.650450914,15432.69231,415,41379.80769,267,1187.5,326,3.648058469,7982.427056,159,21403.34881,102,614.2241379,125,0.631253578,9312.831565,658,24970.57361,423,716.5948276,517,2.836124081,19956.06764,850,53508.37202,546,1535.560345,668,0.075448507,0.057181066,0,0.6,0.743,0.247,0.01,0.55187,0.39963,0.0485,1,1,0.02,0.471221579,0.466494402,0.042284019,1,0.74,0.26,0.92,0.08,0.96,0.04,0.15,0.85,1,1,0,0.01,0.99,0.35,0.65
Suzhou City (Anhui),Medium-small-cities,7,安徽省,58.2996,49.93135061,2995.621808,132,14667.5701,85,336.8080892,104,0.159401373,5209.053476,159,25505.27468,102,585.6718441,125,0.366558622,9652.559158,415,47262.17033,267,1085.27051,326,4.966611189,4992.703013,159,24445.95017,102,561.3468154,125,0.204575851,5824.820181,658,28520.2752,423,654.904618,517,2.671102353,12481.75753,850,61114.87543,546,1403.367038,668,0.077266001,0.061154041,0,0.6,0.743,0.247,0.01,0.542,0.418,0.04,1,1,0.02,0.686,0.147,0.147,1,0.74,0.26,0.92,0.08,0.96,0.04,0.15,0.85,1,1,0,0.01,0.99,0.35,0.65
Suihua City,Medium-small-cities,7,黑龙江省,33.2348,28.33856709,2448.473817,132,15122.3569,85,429.1692856,104,0.13600647,4257.623915,159,26296.09838,102,746.2777022,125,0.330301426,7889.526743,415,48727.59445,267,1382.878809,326,2.82828692,4080.789695,159,25203.92816,102,715.2821426,125,0.27136529,4760.92131,658,29404.58286,423,834.4958331,517,1.330272804,10201.97424,850,63009.82041,546,1788.205357,668,0.081312737,0.087188004,0,0.6,0.73,0.26,0.01,0.52,0.44,0.04,1,1,0.02,0.686,0.147,0.147,1,0.74,0.26,0.92,0.08,0.96,0.04,0.15,0.85,1,1,0,0.01,0.99,0.35,0.65
Suizhou City,Medium-small-cities,7,湖北省,23.3725,20.5757089,2527.561222,132,14944.14381,85,528.2949647,104,0.075647997,4395.148124,159,25986.20563,102,918.6462442,125,0.168228036,8144.363937,415,48153.35229,267,1702.283775,326,1.741542508,4212.602036,159,24906.90636,102,880.4916078,125,0.158669625,4914.702375,658,29058.05742,423,1027.240209,517,0.652702932,10531.50509,850,62267.26589,546,2201.22902,668,0.072172785,0.048505019,0,0.6,0.756,0.234,0.01,0.564,0.396,0.04,1,1,0.02,0.686,0.147,0.147,1,0.74,0.26,0.92,0.08,0.96,0.04,0.15,0.85,1,1,0,0.01,0.99,0.35,0.65
Suining City,Medium-small-cities,7,四川省,44.72,40.06315143,1889.743027,132,15400.61498,85,709.6419943,104,0.082146584,3286.053152,159,26779.95827,102,1233.988579,125,0.289200986,6089.171975,415,49624.20382,267,2286.624204,326,2.988785291,3149.571711,159,25667.69163,102,1182.736657,125,0.234436597,3674.500329,658,29945.64024,423,1379.859433,517,1.06227911,7873.929277,850,64169.22908,546,2956.841643,668,0.109205693,0.083761412,0,0.6,0.73,0.26,0.01,0.52,0.44,0.04,1,1,0.02,0.686,0.147,0.147,1,0.74,0.26,0.92,0.08,0.96,0.04,0.15,0.85,1,1,0,0.01,0.99,0.35,0.65
Tacheng Prefecture,Medium-small-cities,7,新疆维吾尔族自治区,23.1583,19.18367152,2474.124682,132,15264.00676,85,261.8685623,104,0.118837377,4302.227918,159,26542.41175,102,455.3603334,125,0.161126353,7972.179529,415,49184.02177,267,843.7987009,326,2.608533954,4123.541136,159,25440.01126,102,436.4476039,125,0.154167408,4810.797992,658,29680.01314,423,509.1888712,517,0.931963393,10308.85284,850,63600.02815,546,1091.11901,668,0.107374484,0.0828526,0.260338466,0.6,0.73,0.26,0.01,0.52,0.44,0.04,1,1,0.02,0.686,0.147,0.147,1,0.74,0.26,0.92,0.08,0.96,0.04,0.15,0.85,1,1,0,0.01,0.99,0.35,0.65
Taizhou City (Zhejiang),Largecities,7,浙江省,175.2182,158.4792523,3618.945923,132,13768.7438,85,612.3102738,104,0.338630881,6292.944855,159,23942.31561,102,1064.739532,125,0.793666127,11661.04797,415,44365.95225,267,1972.999771,326,12.45844175,6031.576539,159,22947.90634,102,1020.517123,125,0.413764608,7036.839295,658,26772.55739,423,1190.60331,517,2.734444363,15078.94135,850,57369.76585,546,2551.292808,668,0.06577353,0.047796463,0.160855374,0.6,0.704,0.286,0.01,0.488770526,0.462729474,0.0485,1,1,0.02,0.471221579,0.466494402,0.042284019,1,0.74,0.26,0.92,0.08,0.96,0.04,0.15,0.85,1,0.9,0.1,0.01,0.99,0.35,0.65
Taiyuan City,Largecities,7,山西省,168.37,149.0428067,5800.813542,132,11521.32266,85,677.8637974,104,0.290276694,10086.97021,159,20034.29996,102,1178.729825,125,0.858933497,18691.5103,415,37124.26191,267,2184.227792,326,10.53799573,9668.022569,159,19202.20444,102,1129.772996,125,0.30217328,11279.35966,658,22402.57184,423,1318.068495,517,7.337814143,24170.05642,850,48005.51109,546,2824.432489,668,0.071885205,0.051328075,1.816309062,0.6,0.756,0.234,0.01,0.572903158,0.378596842,0.0485,1,1,0.02,0.471221579,0.466494402,0.042284019,1,0.74,0.26,0.92,0.08,0.96,0.04,0.15,0.85,1,1,0,0.01,0.99,0.35,0.65
Tai'an City,Medium-small-cities,7,山东省,85.3328,75.04281832,3140.834262,132,14249.5804,85,609.5853388,104,0.147214765,5461.5618,159,24778.43703,102,1060.001173,125,0.486065708,10120.46596,415,45915.31462,267,1964.219425,326,6.253507007,5234.72377,159,23749.30066,102,1015.975565,125,0.293328173,6107.177732,658,27707.51744,423,1185.304826,517,3.109866024,13086.80943,850,59373.25166,546,2539.938912,668,0.045938971,0.061341325,0,0.6,0.743,0.247,0.01,0.542,0.418,0.04,1,1,0.02,0.686,0.147,0.147,1,0.74,0.26,0.92,0.08,0.96,0.04,0.15,0.85,1,1,0,0.01,0.99,0.35,0.65
Taizhou City (Jiangsu),Largecities,7,江苏省,82.87,76.71147554,3983.383495,132,13374.81476,85,641.8017491,104,0.171928558,6926.661299,159,23257.31677,102,1116.02193,125,0.501422021,12835.34682,415,43096.62533,267,2068.027858,326,2.812228887,6638.972491,159,22291.35793,102,1069.669582,125,0.486623107,7745.467906,658,26006.58425,423,1247.947845,517,2.186321885,16597.43123,850,55728.39482,546,2674.173954,668,0.074449924,0.049775064,0,0.6,0.743,0.247,0.01,0.55187,0.39963,0.0485,1,1,0.02,0.471221579,0.466494402,0.042284019,1,0.74,0.26,0.92,0.08,0.96,0.04,0.15,0.85,1,1,0,0.01,0.99,0.35,0.65
Tangshan City,Largecities,7,河北省,213.8,185.1401856,3950.672099,132,13442.34603,85,606.9818706,104,0.286663294,6869.779817,159,23374.74615,102,1055.474031,125,0.879535108,12729.94343,415,43314.2261,267,1955.830472,326,17.53336949,6584.453498,159,22403.91005,102,1011.636451,125,0.575932619,7681.862415,658,26137.89506,423,1180.242526,517,9.384313845,16461.13375,850,56009.77513,546,2529.091128,668,0.073747631,0.063919746,0.086663891,0.6,0.743,0.247,0.01,0.55187,0.39963,0.0485,1,1,0.02,0.471221579,0.466494402,0.042284019,1,0.74,0.26,0.92,0.08,0.96,0.04,0.15,0.85,1,0.9,0.1,0.01,0.99,0.35,0.65
Tianjin,Extra-large-cities,7,天津市,306.93,267.33,5872.427473,132,10682.6184,85,1444.954128,104,1.2,10211.49888,159,18575.88644,102,2512.614679,125,2.74,18922.2663,415,34421.77039,267,4655.963303,326,26.57,9787.379122,159,17804.364,102,2408.256881,125,1.01,11418.60898,658,20771.758,423,2809.633028,517,8.08,24468.44781,850,44510.90999,546,6020.642202,668,0.053072906,0.051504366,2.841291086,0.6,0.756529688,0.207970313,0.0355,0.571741477,0.318758523,0.1095,1,1,0.02,0.014,0.9358125,0.0301875,1,0.74,0.26,0.92,0.08,0.96,0.04,0.15,0.85,1,0.9,0.1,0.01,0.99,0.35,0.65
Tianshui City,Medium-small-cities,7,甘肃省,30.44,24.84639343,3280.462675,132,14144.29476,85,575.2425692,104,0.096379947,5704.360096,159,24595.35699,102,1000.282912,125,0.213285254,10570.37973,415,45576.06088,267,1853.55939,326,4.090793316,5467.437792,159,23573.82459,102,958.7376153,125,0.231133392,6378.677424,658,27502.79536,423,1118.527218,517,0.962014658,13668.59448,850,58934.56148,546,2396.844038,668,0.074305676,0.089433955,0.16451691,0.6,0.743,0.247,0.01,0.542,0.418,0.04,1,1,0.02,0.686,0.147,0.147,1,0.74,0.26,0.92,0.08,0.96,0.04,0.15,0.85,1,1,0,0.01,0.99,0.35,0.65
Tieling City,Medium-small-cities,7,辽宁省,37.023,32.2403063,3349.463476,132,14174.77601,85,475.7605189,104,0.173664788,5824.344822,159,24648.3605,102,827.2946801,125,0.32400147,10792.71564,415,45674.27824,267,1533.006117,326,2.68186817,5582.439126,159,23624.62668,102,792.9341982,125,0.19180887,6512.845648,658,27562.06445,423,925.0898979,517,1.411350404,13956.09782,850,59061.56669,546,1982.335496,668,0.093434076,0.075569617,0,0.6,0.743,0.247,0.01,0.542,0.418,0.04,1,1,0.02,0.686,0.147,0.147,1,0.74,0.26,0.92,0.08,0.96,0.04,0.15,0.85,1,1,0,0.01,0.99,0.35,0.65
Tonghua City,Medium-small-cities,7,吉林省,25.0754,22.17873393,3066.361534,132,14431.97186,85,501.6666072,104,0.074831936,5332.062,159,25095.59551,102,872.3424891,125,0.20159947,9880.498275,415,46503.02044,267,1616.48129,326,1.665289804,5110.602556,159,24053.28643,102,836.1110119,125,0.102195853,5962.369649,658,28062.1675,423,975.4628473,517,0.852749004,12776.50639,850,60133.21608,546,2090.27753,668,0.080670442,0.063565792,3.43E-02,0.6,0.743,0.247,0.01,0.542,0.418,0.04,1,1,0.02,0.686,0.147,0.147,1,0.74,0.26,0.92,0.08,0.96,0.04,0.15,0.85,1,1,0,0.01,0.99,0.35,0.65
Tongliao City,Largecities,7,内蒙古自治区,133.838,117.3420898,3022.894631,132,14270.18342,85,706.921944,104,0.282240545,5256.477886,159,24814.2634,102,1229.258714,125,0.709100213,9740.438256,415,45981.70215,267,2277.859597,326,10.35659521,5038.157719,159,23783.63904,102,1178.20324,125,0.342887274,5877.850672,658,27747.57888,423,1374.570447,517,4.805086967,12595.3943,850,59459.0976,546,2945.5081,668,0.092263077,0.056666403,0.441428597,0.6,0.756,0.234,0.01,0.572903158,0.378596842,0.0485,1,1,0.02,0.471221579,0.466494402,0.042284019,1,0.74,0.26,0.92,0.08,0.96,0.04,0.15,0.85,1,1,0,0.01,0.99,0.35,0.65
Tongchuan City,Medium-small-cities,7,陕西省,9.8757,8.855825896,3202.027516,132,13781.31789,85,1016.654598,104,0.025301939,5567.97007,159,23964.18055,102,1767.849385,125,0.062813536,10317.64422,415,44406.46874,267,3275.887038,326,0.649024167,5336.712527,159,22968.86314,102,1694.42433,125,0.024272209,6226.164615,658,26797.007,423,1976.828385,517,0.258462253,13341.78132,850,57422.15786,546,4236.060825,668,0.077250435,0.076394767,0,0.6,0.756,0.234,0.01,0.564,0.396,0.04,1,1,0.02,0.686,0.147,0.147,1,0.74,0.26,0.92,0.08,0.96,0.04,0.15,0.85,1,1,0,0.01,0.99,0.35,0.65
Tongling City,Medium-small-cities,7,安徽省,19.7746,16.93617942,3753.720078,132,13691.17964,85,555.1002804,104,0.054067239,6527.302135,159,23807.44016,102,965.2577097,125,0.124332759,12095.32025,415,44116.02329,267,1788.656459,326,1.684621329,6256.200129,159,22818.63274,102,925.1671339,125,0.069389938,7298.900151,658,26621.73819,423,1079.361656,517,0.906009314,15640.50032,850,57046.58184,546,2312.917835,668,0.067320102,0.056259952,0,0.6,0.73,0.26,0.01,0.52,0.44,0.04,1,1,0.02,0.686,0.147,0.147,1,0.74,0.26,0.92,0.08,0.96,0.04,0.15,0.85,1,1,0,0.01,0.99,0.35,0.65
Tongren City,Medium-small-cities,7,贵州省,34.9589,30.2681002,2557.963056,132,14943.14901,85,498.8879294,104,0.124744782,4448.013536,159,25984.47579,102,867.5106772,125,0.205267868,8242.325402,415,48150.14683,267,1607.527773,326,3.556216312,4263.27176,159,24905.24836,102,831.4798823,125,0.193387413,4973.817053,658,29056.12308,423,970.0598627,517,0.611183427,10658.1794,850,62263.1209,546,2078.699706,668,0.087142366,0.087705623,0.30967359,0.6,0.717,0.273,0.01,0.498,0.462,0.04,1,1,0.02,0.686,0.147,0.147,1,0.74,0.26,0.92,0.08,0.96,0.04,0.15,0.85,1,1,0,0.01,0.99,0.35,0.65
Turpan City,Medium-small-cities,7,新疆维吾尔族自治区,10.01,8.291996903,2511.189766,132,15233.95906,85,254.8511704,104,0.051366557,4366.679982,159,26490.16215,102,443.1578686,125,0.069645647,8091.611469,415,49087.20143,267,821.1871047,326,1.12751907,4185.316277,159,25389.93177,102,424.7519507,125,0.066637696,4882.86899,658,29621.58707,423,495.5439425,517,0.402834127,10463.29069,850,63474.82943,546,1061.879877,668,0.085590478,0.096912744,0.288908206,0.6,0.756,0.234,0.01,0.564,0.396,0.04,1,1,0.02,0.686,0.147,0.147,1,0.74,0.26,0.92,0.08,0.96,0.04,0.15,0.85,1,1,0,0.01,0.99,0.35,0.65
Weihai City,Largecities,7,山东省,80.9722,71.20804771,4453.251666,132,12842.99095,85,703.7573796,104,0.139691929,7743.709842,159,22332.53427,102,1223.755888,125,0.461227216,14349.36648,415,41382.97085,267,2267.662667,326,5.933945916,7422.086111,159,21404.98492,102,1172.928966,125,0.27833878,8659.100462,658,24972.48241,423,1368.417127,517,2.950948448,18555.21528,850,53512.46231,546,2932.322415,668,0.068507418,0.0646397,0.431854504,0.6,0.756,0.234,0.01,0.572903158,0.378596842,0.0485,1,1,0.02,0.471221579,0.466494402,0.042284019,1,0.74,0.26,0.92,0.08,0.96,0.04,0.15,0.85,1,0.9,0.1,0.01,0.99,0.35,0.65
Weifang City,Largecities,7,山东省,246.0261,216.3586795,3336.153397,132,14126.10438,85,537.7422264,104,0.424440245,5801.200073,159,24563.72594,102,935.0739826,125,1.401393727,10749.82761,415,45517.44744,267,1732.724952,326,18.02971355,5560.255661,159,23543.50729,102,896.237044,125,0.845705127,6486.964938,658,27467.42518,423,1045.609885,517,8.966167868,13900.63915,850,58858.76824,546,2240.59261,668,0.056572658,0.05582623,0.054616952,0.6,0.743,0.247,0.01,0.55187,0.39963,0.0485,1,1,0.02,0.471221579,0.466494402,0.042284019,1,0.74,0.26,0.92,0.08,0.96,0.04,0.15,0.85,1,0.9,0.1,0.01,0.99,0.35,0.65
Weinan City,Medium-small-cities,7,陕西省,59.7456,53.57560797,2273.408051,132,15367.44233,85,359.1496205,104,0.153070623,3953.204001,159,26722.27471,102,624.5212846,125,0.380006721,7325.425944,415,49517.31417,267,1157.259888,326,3.926439467,3789.013419,159,25612.40388,102,598.5827009,125,0.146841005,4420.515656,658,29881.13786,423,698.3464844,517,1.563634212,9472.533548,850,64031.0097,546,1496.456752,668,0.082470348,0.077252907,0,0.6,0.756,0.234,0.01,0.564,0.396,0.04,1,1,0.02,0.686,0.147,0.147,1,0.74,0.26,0.92,0.08,0.96,0.04,0.15,0.85,1,1,0,0.01,0.99,0.35,0.65
Wenzhou City,Largecities,7,浙江省,234.9526,212.5071047,3026.124377,132,14354.7164,85,619.1592187,104,0.45407501,5262.094056,159,24961.25686,102,1076.649086,125,1.064238305,9750.845216,415,46254.08619,267,1995.068594,326,16.70570341,5043.540629,159,23924.52734,102,1031.932031,125,0.554822903,5884.130734,658,27911.94856,423,1203.920703,517,3.666655705,12608.85157,850,59811.31835,546,2579.830078,668,0.062121327,0.04343606,1.730501432,0.6,0.704,0.286,0.01,0.488770526,0.462729474,0.0485,1,1,0.02,0.471221579,0.466494402,0.042284019,1,0.74,0.26,0.92,0.08,0.96,0.04,0.15,0.85,1,0.9,0.1,0.01,0.99,0.35,0.65
Wuhai City,Medium-small-cities,7,内蒙古自治区,21.65,18.98157656,4893.926174,132,9947.399329,85,3158.674497,104,0.045656001,8509.993848,159,17297.42217,102,5492.583986,125,0.114705985,15769.31767,415,32052.73117,267,10177.95116,326,1.675311095,8156.543624,159,16578.99888,102,5264.457494,125,0.055466381,9515.967562,658,19342.16536,423,6141.867077,517,0.777283976,20391.35906,850,41447.4972,546,13161.14374,668,0.083449028,0.056633364,8.00E-02,0.6,0.743,0.247,0.01,0.542,0.418,0.04,1,1,0.02,0.686,0.147,0.147,1,0.74,0.26,0.92,0.08,0.96,0.04,0.15,0.85,1,1,0,0.01,0.99,0.35,0.65
Ulanqab City,Medium-small-cities,7,内蒙古自治区,15.4501,13.54583169,2982.654877,132,14578.28445,85,439.0606721,104,0.032581514,5186.505425,159,25350.01685,102,763.4777242,125,0.081857688,9610.776826,415,46974.47212,267,1414.751054,326,1.195553069,4971.091462,159,24297.14075,102,731.7677868,125,0.0395825,5799.606705,658,28346.66421,423,853.7290845,517,0.554693541,12427.72865,850,60742.85188,546,1829.419467,668,0.097272469,0.064434625,0.063477157,0.6,0.756,0.234,0.01,0.564,0.396,0.04,1,1,0.02,0.686,0.147,0.147,1,0.74,0.26,0.92,0.08,0.96,0.04,0.15,0.85,1,1,0,0.01,0.99,0.35,0.65
ürümqi City,Largecities,7,新疆维吾尔族自治区,123.58,102.3701276,8627.79661,132,7682.033898,85,1690.169492,104,0.634153761,15002.77966,159,13358.20339,102,2939.016949,125,0.85982109,27800.67797,415,24753.22034,267,5446.101695,326,13.9199607,14379.66102,159,12803.38983,102,2816.949153,125,0.82268596,16776.27119,658,14937.28814,423,3286.440678,517,4.97325089,35949.15254,850,32008.47458,546,7042.372881,668,0.098633573,0.067006938,4.384736875,0.6,0.756,0.234,0.01,0.572903158,0.378596842,0.0485,1,1,0.02,0.471221579,0.466494402,0.042284019,1,0.74,0.26,0.92,0.08,0.96,0.04,0.15,0.85,1,1,0,0.01,0.99,0.35,0.65
Wuxi City,Extra-large-cities,7,江苏省,209.71,194.1252991,6111.603303,132,10760.66071,85,1127.735988,104,0.435080702,10627.39908,159,18711.59334,102,1961.007579,125,1.268893593,19692.94398,415,34673.24006,267,3633.81596,326,7.116598526,10186.00551,159,17934.43451,102,1879.55998,125,1.231443608,11883.67309,658,20923.50693,423,2192.819976,517,5.532684476,25465.01376,850,44836.08629,546,4698.899949,668,0.063150552,0.053240758,1.033247477,0.6,0.733421875,0.231078125,0.0355,0.536323864,0.354176136,0.1095,1,1,0.02,0.014,0.9358125,0.0301875,1,0.74,0.26,0.92,0.08,0.96,0.04,0.15,0.85,1,1,0,0.01,0.99,0.35,0.65
Wuhu City,Largecities,7,安徽省,61.5052,52.67682292,3554.497161,132,13990.47445,85,455.0283935,104,0.168166048,6180.875618,159,24327.88056,102,791.2438175,125,0.386713826,11453.37974,415,45080.41766,267,1466.202601,326,5.239700007,5924.161934,159,23317.45741,102,758.3806558,125,0.215824442,6911.522257,658,27203.70031,423,884.7774318,517,2.817972756,14810.40484,850,58293.64352,546,1895.951639,668,0.069528806,0.055731789,0,0.6,0.73,0.26,0.01,0.530836842,0.420663158,0.0485,1,1,0.02,0.471221579,0.466494402,0.042284019,1,0.74,0.26,0.92,0.08,0.96,0.04,0.15,0.85,1,1,0,0.01,0.99,0.35,0.65
Wuzhong City,Medium-small-cities,7,宁夏回族自治区,32.2,25.07092452,5444.501678,132,11717.63403,85,837.8642889,104,0.076016079,9467.383473,159,20375.66362,102,1456.952902,125,0.203394372,17543.39429,415,37756.82077,267,2699.784931,326,5.064314426,9074.169463,159,19529.39006,102,1396.440481,125,0.168468066,10586.53104,658,22784.2884,423,1629.180562,517,1.616882537,22685.42366,850,48823.47514,546,3491.101204,668,0.122920623,0.067740319,0,0.6,0.756,0.234,0.01,0.564,0.396,0.04,1,1,0.02,0.686,0.147,0.147,1,0.74,0.26,0.92,0.08,0.96,0.04,0.15,0.85,1,1,0,0.01,0.99,0.35,0.65
Wuzhou City,Medium-small-cities,7,广西壮族自治区,27.4065,23.77870034,3273.725685,132,14042.73649,85,683.5378293,104,0.06743122,5692.645219,159,24418.75844,102,1188.596336,125,0.160200233,10548.67165,415,45248.81756,267,2202.510783,326,2.34170238,5456.209475,159,23404.56081,102,1139.229715,125,0.202702335,6365.577721,658,27305.32094,423,1329.101335,517,0.855763488,13640.52369,850,58511.40202,546,2848.074289,668,0.113750843,0.085524364,1.721636569,0.6,0.717,0.273,0.01,0.498,0.462,0.04,1,1,0.02,0.686,0.147,0.147,1,0.74,0.26,0.92,0.08,0.96,0.04,0.15,0.85,1,1,0,0.01,0.99,0.35,0.65
Wuhan City,Extra-large-cities,7,湖北省,334.439,294.4194891,6342.295014,132,10654.25671,85,1003.448275,104,1.082453326,11028.54633,159,18526.56861,102,1744.885056,125,2.407188624,20436.28393,415,34330.38274,267,3233.33333,326,24.91987314,10570.49169,159,17757.09452,102,1672.413791,125,2.270416543,12332.24031,658,20716.61027,423,1951.149423,517,9.339579239,26426.22923,850,44392.7363,546,4181.034478,668,0.063387244,0.044916679,2.611766542,0.6,0.733421875,0.231078125,0.0355,0.536323864,0.354176136,0.1095,1,1,0.02,0.014,0.9358125,0.0301875,1,0.74,0.26,0.92,0.08,0.96,0.04,0.15,0.85,1,1,0,0.01,0.99,0.35,0.65
Wuwei City,Medium-small-cities,7,甘肃省,21.96,17.92466491,3159.468012,132,14207.0805,85,633.4514921,104,0.069530343,5493.963821,159,24704.53442,102,1101.501761,125,0.153868074,10180.50804,415,45778.37049,267,2041.121475,326,2.951176781,5265.78002,159,23678.46749,102,1055.752487,125,0.166744063,6143.410024,658,27624.87874,423,1231.711235,517,0.694015831,13164.45005,850,59196.16873,546,2639.381217,668,0.086111281,0.077725208,0,0.6,0.756,0.234,0.01,0.564,0.396,0.04,1,1,0.02,0.686,0.147,0.147,1,0.74,0.26,0.92,0.08,0.96,0.04,0.15,0.85,1,1,0,0.01,0.99,0.35,0.65
Xi'an City,Extra-large-cities,7,陕西省,341.2616,306.0191495,3816.225908,132,13415.95697,85,767.8171224,104,0.874325903,6635.992828,159,23328.85851,102,1335.148663,125,2.170564888,12296.72792,415,43229.19468,267,2474.077394,326,22.42747608,6360.376513,159,22359.92828,102,1279.695204,125,0.838742872,7420.439265,658,26086.583,423,1492.977738,517,8.931340769,15900.94128,850,55899.82071,546,3199.23801,668,0.078379354,0.05214232,7.057524211,0.6,0.744975781,0.219524219,0.0355,0.55403267,0.33646733,0.1095,1,1,0.02,0.014,0.9358125,0.0301875,1,0.74,0.26,0.92,0.08,0.96,0.04,0.15,0.85,1,1,0,0.01,0.99,0.35,0.65
Xining City,Medium-small-cities,7,青海省,49.0554,40.5603497,3162.472111,132,14311.06507,85,526.4628203,104,0.239879707,5499.187615,159,24885.35204,102,915.4603486,125,0.384634702,10190.18791,415,46113.43189,267,1696.380199,326,6.133475946,5270.786852,159,23851.77511,102,877.4380338,125,0.306053419,6149.251327,658,27827.07097,423,1023.677706,517,1.431006526,13176.96713,850,59629.43779,546,2193.595084,668,0.138358454,0.064829303,1.767022549,0.6,0.743,0.247,0.01,0.542,0.418,0.04,1,1,0.02,0.686,0.147,0.147,1,0.74,0.26,0.92,0.08,0.96,0.04,0.15,0.85,1,1,0,0.01,0.99,0.35,0.65
Xishuangbanna Dai Autonomous Prefecture,Medium-small-cities,7,云南省,20.74,17.63163825,1876.57563,132,15539.65336,85,583.7710084,104,0.058097597,3263.156513,159,27021.73057,102,1015.11292,125,0.088690051,6046.743697,415,50072.21639,267,1881.039916,326,2.369932879,3127.62605,159,25899.42227,102,972.9516807,125,0.13977103,3648.897059,658,30215.99265,423,1135.110294,517,0.451870196,7819.065126,850,64748.55567,546,2432.379202,668,0.087025668,0.059918097,1.288964062,0.6,0.73,0.26,0.01,0.52,0.44,0.04,1,1,0.02,0.686,0.147,0.147,1,0.74,0.26,0.92,0.08,0.96,0.04,0.15,0.85,1,1,0,0.01,0.99,0.35,0.65
Xianning City,Medium-small-cities,7,湖北省,26.43,23.26734351,2812.923363,132,14717.59064,85,469.4859948,104,0.085543975,4891.361181,159,25592.25484,102,816.3839799,125,0.190234977,9063.86417,415,47423.34762,267,1512.788206,326,1.96936436,4688.205605,159,24529.31774,102,782.476658,125,0.179426171,5469.573206,658,28617.53736,423,912.8894344,517,0.738087003,11720.51401,850,61323.29434,546,1956.191645,668,0.055091841,0.053433005,0,0.6,0.73,0.26,0.01,0.52,0.44,0.04,1,1,0.02,0.686,0.147,0.147,1,0.74,0.26,0.92,0.08,0.96,0.04,0.15,0.85,1,1,0,0.01,0.99,0.35,0.65
Xianyang City,Medium-small-cities,7,陕西省,45.2991,40.62101348,3177.837774,132,14260.12443,85,562.0377979,104,0.116058111,5525.906797,159,24796.77192,102,977.3212818,125,0.288121007,10239.6995,415,45949.28982,267,1811.010682,326,2.977025489,5296.396291,159,23766.87405,102,936.7296631,125,0.111334815,6179.129006,658,27728.01972,423,1092.851274,517,1.185547095,13240.99073,850,59417.18512,546,2341.824158,668,0.078606578,0.068681481,0,0.6,0.756,0.234,0.01,0.564,0.396,0.04,1,1,0.02,0.686,0.147,0.147,1,0.74,0.26,0.92,0.08,0.96,0.04,0.15,0.85,1,1,0,0.01,0.99,0.35,0.65
Xiangtan City,Medium-small-cities,7,湖南省,38.4975,34.40577231,1814.954683,132,15539.27492,85,645.7703927,104,0.186956518,3156.004532,159,27021.07251,102,1122.922961,125,0.27355158,5848.187311,415,50070.99698,267,2080.81571,326,2.626272796,3024.924471,159,25898.79154,102,1076.283988,125,0.218930079,3529.07855,658,30215.2568,423,1255.664653,517,0.786016715,7562.311178,850,64746.97885,546,2690.70997,668,0.061302345,0.063597806,0,0.6,0.717,0.273,0.01,0.498,0.462,0.04,1,1,0.02,0.686,0.147,0.147,1,0.74,0.26,0.92,0.08,0.96,0.04,0.15,0.85,1,1,0,0.01,0.99,0.35,0.65
Xiangyang City,Largecities,7,湖北省,79.7164,70.17740683,2596.206347,132,14997.77337,85,406.0202784,104,0.258012021,4514.51437,159,26079.46148,102,706.0241508,125,0.573774025,8365.553784,415,48326.15865,267,1308.287564,326,5.939865193,4327.010578,159,24996.28896,102,676.700464,125,0.541173228,5048.179008,658,29162.33712,423,789.4838747,517,2.226168702,10817.52645,850,62490.72239,546,1691.75116,668,0.059116529,0.047901653,0.992466791,0.6,0.743,0.247,0.01,0.55187,0.39963,0.0485,1,1,0.02,0.471221579,0.466494402,0.042284019,1,0.74,0.26,0.92,0.08,0.96,0.04,0.15,0.85,1,1,0,0.01,0.99,0.35,0.65
Xiaogan City,Medium-small-cities,7,湖北省,31.4296,27.6686833,2619.584771,132,14973.46336,85,406.9518663,104,0.101725801,4555.166851,159,26037.18907,102,707.6440786,125,0.226220553,8440.884261,415,48247.82639,267,1311.289347,326,2.341896863,4365.974618,159,24955.77227,102,678.2531104,125,0.213367113,5093.637054,658,29115.06765,423,791.2952955,517,0.877706367,10914.93654,850,62389.43068,546,1695.632776,668,0.08002613,0.064334139,0,0.6,0.743,0.247,0.01,0.542,0.418,0.04,1,1,0.02,0.686,0.147,0.147,1,0.74,0.26,0.92,0.08,0.96,0.04,0.15,0.85,1,1,0,0.01,0.99,0.35,0.65
Xinzhou City,Medium-small-cities,7,山西省,40.2784,35.65484221,3799.965748,132,13284.46652,85,915.5677342,104,0.069441592,6607.718217,159,23100.21122,102,1592.07056,125,0.205478808,12244.33408,415,42805.50323,267,2950.162699,326,2.520957459,6333.276246,159,22140.77753,102,1525.946224,125,0.072287559,7388.822287,658,25830.90712,423,1780.270594,517,1.755392369,15833.19061,850,55351.94383,546,3814.865559,668,0.088204343,0.071659349,0.185261506,0.6,0.756,0.234,0.01,0.564,0.396,0.04,1,1,0.02,0.686,0.147,0.147,1,0.74,0.26,0.92,0.08,0.96,0.04,0.15,0.85,1,1,0,0.01,0.99,0.35,0.65
Xinxiang City,Medium-small-cities,7,河南省,105.0265,92.69938151,4945.34712,132,12697.04579,85,357.6070901,104,0.238796213,8599.409158,159,22078.75185,102,621.8389956,125,0.518155071,15935.00739,415,40912.7031,267,1152.289513,326,7.532221378,8242.245199,159,21161.74298,102,596.0118168,125,0.259077535,9615.952733,658,24688.70015,423,695.3471196,517,3.778868295,20605.613,850,52904.35746,546,1490.029542,668,0.061657176,0.053358101,0,0.6,0.756,0.234,0.01,0.564,0.396,0.04,1,1,0.02,0.686,0.147,0.147,1,0.74,0.26,0.92,0.08,0.96,0.04,0.15,0.85,1,1,0,0.01,0.99,0.35,0.65
Xinyu City,Medium-small-cities,7,江西省,19.2386,16.54142562,3059.04059,132,14468.63469,85,472.3247232,104,0.045038694,5319.331693,159,25159.34809,102,821.3202132,125,0.097476603,9856.908569,415,46621.15621,267,1521.935219,326,1.56059076,5098.400984,159,24114.39114,102,787.2078721,125,0.122891295,5948.134481,658,28133.45633,423,918.4091841,517,0.871177031,12746.00246,850,60285.97786,546,1968.01968,668,0.089206868,0.069041683,0,0.6,0.704,0.286,0.01,0.476,0.484,0.04,1,1,0.02,0.686,0.147,0.147,1,0.74,0.26,0.92,0.08,0.96,0.04,0.15,0.85,1,1,0,0.01,0.99,0.35,0.65
Xinyang City,Medium-small-cities,7,河南省,66.5127,58.70600422,2815.016403,132,14787.72741,85,397.2561885,104,0.151228318,4895.000746,159,25714.21488,102,690.7843722,125,0.328144733,9070.60841,415,47649.34387,267,1280.047718,326,4.770114027,4691.694005,159,24646.21235,102,662.0936475,125,0.164072366,5473.643006,658,28753.91441,423,772.4425887,517,2.393136335,11729.23501,850,61615.53087,546,1655.234119,668,0.068730597,0.062047731,0.166555882,0.6,0.743,0.247,0.01,0.542,0.418,0.04,1,1,0.02,0.686,0.147,0.147,1,0.74,0.26,0.92,0.08,0.96,0.04,0.15,0.85,1,1,0,0.01,0.99,0.35,0.65
Xingtai City,Medium-small-cities,7,河北省,141.2,122.27219,2427.314684,132,15108.35435,85,464.330962,104,0.189321128,4220.830534,159,26271.74952,102,807.4199506,125,0.580871643,7821.347315,415,48682.47514,267,1496.177544,326,11.57956863,4045.524473,159,25180.59059,102,773.8849366,125,0.380363357,4719.778552,658,29377.35569,423,902.8657594,517,6.19768529,10113.81118,850,62951.47647,546,1934.712342,668,0.084744315,0.068478508,0,0.6,0.756,0.234,0.01,0.564,0.396,0.04,1,1,0.02,0.686,0.147,0.147,1,0.74,0.26,0.92,0.08,0.96,0.04,0.15,0.85,1,1,0,0.01,0.99,0.35,0.65
Xuzhou City,Largecities,7,江苏省,151.4,140.1486352,3448.237052,132,13890.54183,85,661.2211215,104,0.314106234,5996.101096,159,24154.10884,102,1149.790061,125,0.916076915,11110.98606,415,44758.41255,267,2130.601391,326,5.137823742,5747.061753,159,23150.90304,102,1102.035202,125,0.889039923,6704.905379,658,27009.38689,423,1285.707736,517,3.994318009,14367.65438,850,57877.25761,546,2755.088006,668,0.069363126,0.057260229,0.844875271,0.6,0.73,0.26,0.01,0.530836842,0.420663158,0.0485,1,1,0.02,0.471221579,0.466494402,0.042284019,1,0.74,0.26,0.92,0.08,0.96,0.04,0.15,0.85,1,1,0,0.01,0.99,0.35,0.65
Xuchang City,Largecities,7,河南省,70.6631,62.36926552,4035.133247,132,13460.02595,85,504.8408025,104,0.160664982,7016.648368,159,23405.48957,102,877.8620621,125,0.348621001,13002.09602,415,43371.19473,267,1626.709252,326,5.067769682,6725.222078,159,22433.37658,102,841.4013375,125,0.174310501,7846.092424,658,26172.27268,423,981.6348937,517,2.542468312,16813.0552,850,56083.44146,546,2103.503344,668,0.064751938,0.043760306,0,0.6,0.73,0.26,0.01,0.530836842,0.420663158,0.0485,1,1,0.02,0.471221579,0.466494402,0.042284019,1,0.74,0.26,0.92,0.08,0.96,0.04,0.15,0.85,1,1,0,0.01,0.99,0.35,0.65
Xuancheng City,Medium-small-cities,7,安徽省,43.3812,37.15431851,5051.580699,132,12440.69408,85,507.7252199,104,0.11861184,8784.137549,159,21632.98471,102,882.8777434,125,0.272759211,16277.31559,415,40086.68093,267,1636.003486,326,3.695695225,8419.301165,159,20734.49014,102,846.2086998,125,0.152226531,9822.518026,658,24190.23849,423,987.2434831,517,1.987588687,21048.25291,850,51836.22534,546,2115.521749,668,0.079038719,0.054351517,0,0.6,0.717,0.273,0.01,0.498,0.462,0.04,1,1,0.02,0.686,0.147,0.147,1,0.74,0.26,0.92,0.08,0.96,0.04,0.15,0.85,1,1,0,0.01,0.99,0.35,0.65
Ya'an City,Medium-small-cities,7,四川省,32.12,28.77523309,2486.06063,132,14886.73481,85,627.2045593,104,0.059001527,4322.983206,159,25886.37775,102,1090.639039,125,0.207717703,8010.639807,415,47968.36772,267,2020.992469,326,2.146685679,4143.434383,159,24811.22468,102,1045.340932,125,0.168383352,4834.00678,658,28946.4288,423,1219.564421,517,0.762978645,10358.58596,850,62028.06171,546,2613.35233,668,0.078378027,0.08190152,0,0.6,0.717,0.273,0.01,0.498,0.462,0.04,1,1,0.02,0.686,0.147,0.147,1,0.74,0.26,0.92,0.08,0.96,0.04,0.15,0.85,1,1,0,0.01,0.99,0.35,0.65
Yantai City,Largecities,7,山东省,174.1372,153.1386086,3239.599538,132,14113.59176,85,646.8086992,104,0.300418678,5633.30364,159,24541.9679,102,1124.72846,125,0.991906061,10438.70962,415,45477.12901,267,2084.161364,326,12.76142586,5399.332563,159,23522.65294,102,1078.014499,125,0.598589836,6299.221323,658,27443.09509,423,1257.683582,517,6.346250936,13498.33141,850,58806.63235,546,2695.036247,668,0.059141898,0.055756637,1.23430162,0.6,0.756,0.234,0.01,0.572903158,0.378596842,0.0485,1,1,0.02,0.471221579,0.466494402,0.042284019,1,0.74,0.26,0.92,0.08,0.96,0.04,0.15,0.85,1,0.9,0.1,0.01,0.99,0.35,0.65
Yan'an City,Medium-small-cities,7,陕西省,37.3688,33.50968405,4153.316201,132,13017.98896,85,828.6948439,104,0.095740364,7222.155394,159,22636.83635,102,1441.008256,125,0.23768102,13382.90776,415,41946.8533,267,2670.238941,326,2.455851664,6922.193668,159,21696.64826,102,1381.158073,125,0.091843954,8075.892613,658,25312.7563,423,1611.351085,517,0.977998951,17305.48417,850,54241.62065,546,3452.895183,668,0.088229134,0.066369308,0.187256467,0.6,0.756,0.234,0.01,0.564,0.396,0.04,1,1,0.02,0.686,0.147,0.147,1,0.74,0.26,0.92,0.08,0.96,0.04,0.15,0.85,1,1,0,0.01,0.99,0.35,0.65
Yancheng City,Largecities,7,江苏省,136.38,126.2448538,2738.151701,132,14731.49986,85,530.3484372,104,0.282944572,4761.341568,159,25616.44143,102,922.2170048,125,0.825195309,8822.933258,415,47468.16622,267,1708.90052,326,4.628113619,4563.586168,159,24552.49977,102,883.9140621,125,0.800840586,5324.183863,658,28644.58307,423,1031.233072,517,3.598052114,11408.96542,850,61381.24943,546,2209.785155,668,0.056732649,0.057783471,0.272539678,0.6,0.743,0.247,0.01,0.55187,0.39963,0.0485,1,1,0.02,0.471221579,0.466494402,0.042284019,1,0.74,0.26,0.92,0.08,0.96,0.04,0.15,0.85,1,0.9,0.1,0.01,0.99,0.35,0.65
Yangzhou City,Largecities,7,江苏省,82.73,76.58187971,4736.212373,132,12537.37217,85,726.4154598,104,0.171638103,8235.747071,159,21801.09716,102,1263.155772,125,0.500574922,15261.12876,415,40398.19921,267,2340.672037,326,2.807477927,7893.687288,159,20895.62028,102,1210.692433,125,0.48580101,9209.301836,658,24378.22366,423,1412.474505,517,2.182628328,19734.21822,850,52239.0507,546,3026.731083,668,0.063107119,0.056442799,1.877329719,0.6,0.756,0.234,0.01,0.572903158,0.378596842,0.0485,1,1,0.02,0.471221579,0.466494402,0.042284019,1,0.74,0.26,0.92,0.08,0.96,0.04,0.15,0.85,1,1,0,0.01,0.99,0.35,0.65
Yangjiang City,Medium-small-cities,7,广东省,42.9027,38.08885444,3458.124968,132,13721.161,85,820.7140363,104,0.095114808,6013.295083,159,23859.5744,102,1427.130519,125,0.324019512,11142.84712,415,44212.62988,267,2644.523006,326,3.404147879,5763.541613,159,22868.60166,102,1367.856727,125,0.205958719,6724.131882,658,26680.03527,423,1595.832848,517,0.784604643,14408.85403,850,57171.50415,546,3419.641818,668,0.099567831,0.06914962,0,0.6,0.704,0.286,0.01,0.476,0.484,0.04,1,1,0.02,0.686,0.147,0.147,1,0.74,0.26,0.92,0.08,0.96,0.04,0.15,0.85,1,0.9,0.1,0.01,0.99,0.35,0.65
Yangquan City,Medium-small-cities,7,山西省,25.2758,22.37439076,3635.918082,132,13475.58201,85,888.4999125,104,0.043576502,6322.457553,159,23432.53982,102,1545.002626,125,0.128943584,11715.73604,415,43421.3198,267,2862.944162,326,1.581969903,6059.863469,159,22459.30334,102,1480.833187,125,0.045362424,7069.840714,658,26202.52057,423,1727.638719,517,1.101556826,15149.65867,850,56148.25836,546,3702.082969,668,0.081972684,0.066073015,0,0.6,0.743,0.247,0.01,0.542,0.418,0.04,1,1,0.02,0.686,0.147,0.147,1,0.74,0.26,0.92,0.08,0.96,0.04,0.15,0.85,1,1,0,0.01,0.99,0.35,0.65
Yichun City (Heilongjiang),Medium-small-cities,7,黑龙江省,8.5064,7.25321612,3562.86611,132,13971.92696,85,465.2069302,104,0.034810663,6195.42829,159,24295.62855,102,808.943162,125,0.084540182,11480.34635,415,45020.65354,267,1499.000108,326,0.723896032,5938.110183,159,23286.54493,102,775.3448837,125,0.069455562,6927.795213,658,27167.63576,423,904.569031,517,0.34048144,14845.27546,850,58216.36233,546,1938.362209,668,0.076243338,0.080609008,0.054125787,0.6,0.73,0.26,0.01,0.52,0.44,0.04,1,1,0.02,0.686,0.147,0.147,1,0.74,0.26,0.92,0.08,0.96,0.04,0.15,0.85,1,1,0,0.01,0.99,0.35,0.65
Yibin City,Medium-small-cities,7,四川省,79.81,71.49910813,1961.703767,132,15441.6759,85,596.6203312,104,0.146603731,3411.184884,159,26851.35865,102,1037.456465,125,0.516125463,6321.045472,415,49756.51124,267,1922.443289,326,5.333965879,3269.506279,159,25736.1265,102,994.3672187,125,0.418389643,3814.423992,658,30025.48092,423,1160.095088,517,1.89580715,8173.765697,850,64340.31626,546,2485.918047,668,0.078893814,0.077686369,0.298443003,0.6,0.73,0.26,0.01,0.52,0.44,0.04,1,1,0.02,0.686,0.147,0.147,1,0.74,0.26,0.92,0.08,0.96,0.04,0.15,0.85,1,1,0,0.01,0.99,0.35,0.65
Yichang City,Largecities,7,湖北省,69.3144,61.02012695,2650.214758,132,14927.54892,85,422.2363219,104,0.224344657,4608.428995,159,25957.34896,102,734.2220487,125,0.498903642,8539.580886,415,48099.87985,267,1360.53926,326,5.164786567,4417.024596,159,24879.2482,102,703.7272032,125,0.470556844,5153.195362,658,29025.78957,423,821.0150704,517,1.935681339,11042.56149,850,62198.1205,546,1759.318008,668,0.083828952,0.05211863,1.224057066,0.6,0.73,0.26,0.01,0.530836842,0.420663158,0.0485,1,1,0.02,0.471221579,0.466494402,0.042284019,1,0.74,0.26,0.92,0.08,0.96,0.04,0.15,0.85,1,1,0,0.01,0.99,0.35,0.65
Yichun City (Jiangxi),Medium-small-cities,7,江西省,78.1102,67.15946396,2819.31645,132,14670.63348,85,510.0500689,104,0.182860573,4902.478049,159,25510.60155,102,886.9203976,125,0.395762526,9084.464117,415,47272.04122,267,1643.494667,326,6.336118862,4698.86075,159,24451.0558,102,850.0834482,125,0.498948136,5482.004209,658,28526.23177,423,991.7640229,517,3.537045945,11747.15188,850,61127.6395,546,2125.208621,668,0.104097238,0.057181325,0.145432933,0.6,0.704,0.286,0.01,0.476,0.484,0.04,1,1,0.02,0.686,0.147,0.147,1,0.74,0.26,0.92,0.08,0.96,0.04,0.15,0.85,1,1,0,0.01,0.99,0.35,0.65
Yiyang City,Medium-small-cities,7,湖南省,45.4055,40.57955178,1690.919138,132,15830.53969,85,478.5411678,104,0.220504037,2940.320501,159,27527.54958,102,832.1299196,125,0.322637736,5448.517222,415,51009.51679,267,1541.965985,326,3.097531774,2818.198563,159,26384.23282,102,797.568613,125,0.258214942,3287.898324,658,30781.60496,423,930.4967152,517,0.927059729,7045.496408,850,65960.58206,546,1993.921533,668,0.074890528,0.069073806,0,0.6,0.717,0.273,0.01,0.498,0.462,0.04,1,1,0.02,0.686,0.147,0.147,1,0.74,0.26,0.92,0.08,0.96,0.04,0.15,0.85,1,1,0,0.01,0.99,0.35,0.65
Yinchuan City,Medium-small-cities,7,宁夏回族自治区,92.7,72.17623301,4598.461568,132,12675.79024,85,725.7481947,104,0.218841319,7996.213727,159,22041.7908,102,1261.995472,125,0.585548395,14817.26505,415,40844.21299,267,2338.521961,326,14.57956358,7664.102614,159,21126.31706,102,1209.580324,125,0.484999681,8941.453049,658,24647.36991,423,1411.177045,517,4.654814011,19160.25653,850,52815.79265,546,3023.950811,668,0.0912165,0.059781836,1.774394238,0.6,0.756,0.234,0.01,0.564,0.396,0.04,1,1,0.02,0.686,0.147,0.147,1,0.74,0.26,0.92,0.08,0.96,0.04,0.15,0.85,1,1,0,0.01,0.99,0.35,0.65
Yingtan City,Medium-small-cities,7,江西省,14.3315,12.32228131,2770.320803,132,14871.87562,85,357.803582,104,0.033550885,4817.280063,159,25860.53926,102,622.1806731,125,0.0726137,8926.589254,415,47920.48809,267,1152.922653,326,1.162538151,4617.201338,159,24786.45936,102,596.3393033,125,0.091545985,5386.734895,658,28917.53592,423,695.7291872,517,0.648969968,11543.00335,850,61966.1484,546,1490.848258,668,0.096372128,0.067354764,0,0.6,0.704,0.286,0.01,0.476,0.484,0.04,1,1,0.02,0.686,0.147,0.147,1,0.74,0.26,0.92,0.08,0.96,0.04,0.15,0.85,1,1,0,0.01,0.99,0.35,0.65
Yingkou City,Medium-small-cities,7,辽宁省,46.1484,40.18687171,3918.839761,132,13502.58247,85,578.5777716,104,0.216469549,6814.426918,159,23479.49062,102,1006.082458,125,0.403861098,12627.37256,415,43508.32128,267,1864.306153,326,3.342892932,6531.399602,159,22504.30411,102,964.296286,125,0.23908577,7619.966202,658,26255.02146,423,1125.012334,517,1.759218945,16328.49901,850,56260.76028,546,2410.740715,668,0.051029891,0.055589602,0.059019604,0.6,0.743,0.247,0.01,0.542,0.418,0.04,1,1,0.02,0.686,0.147,0.147,1,0.74,0.26,0.92,0.08,0.96,0.04,0.15,0.85,1,0.9,0.1,0.01,0.99,0.35,0.65
Yongzhou City,Medium-small-cities,7,湖南省,47.2512,42.22908056,1545.2617,132,16071.34508,85,383.3932205,104,0.229467363,2687.0384,159,27946.28339,102,666.6782112,125,0.335752722,4979.176588,415,51785.44526,267,1235.378155,326,3.22344415,2575.436166,159,26785.57513,102,638.9887008,125,0.268711188,3004.675527,658,31249.83766,423,745.4868176,517,0.964744022,6438.590415,850,66963.93783,546,1597.471752,668,0.071109908,0.069826609,0.020992221,0.6,0.704,0.286,0.01,0.476,0.484,0.04,1,1,0.02,0.686,0.147,0.147,1,0.74,0.26,0.92,0.08,0.96,0.04,0.15,0.85,1,1,0,0.01,0.99,0.35,0.65
Yulin City (Shaanxi),Largecities,7,陕西省,72.868,65.34284369,3313.347802,132,13986.50298,85,700.1492132,104,0.186690738,5761.543679,159,24320.97463,102,1217.481687,125,0.463470611,10676.34292,415,45067.62073,267,2256.036354,326,4.78883451,5522.246337,159,23310.83831,102,1166.915355,125,0.179092859,6442.620727,658,27195.97802,423,1361.401248,517,1.907067596,13805.61584,850,58277.09577,546,2917.288388,668,0.102021541,0.067178935,0.699109906,0.6,0.756,0.234,0.01,0.572903158,0.378596842,0.0485,1,1,0.02,0.471221579,0.466494402,0.042284019,1,0.74,0.26,0.92,0.08,0.96,0.04,0.15,0.85,1,1,0,0.01,0.99,0.35,0.65
Yulin City (Guangxi),Medium-small-cities,7,广西壮族自治区,66.94,58.07914915,3738.541098,132,13652.41565,85,609.043247,104,0.16469983,6500.907577,159,23740.03389,102,1059.058535,125,0.391286869,12046.41021,415,43991.11711,267,1962.472685,326,5.719575915,6230.901831,159,22754.02609,102,1015.072078,125,0.495097671,7269.385469,658,26546.36377,423,1184.250758,517,2.09019057,15577.25458,850,56885.06523,546,2537.680196,668,0.076707876,0.076291705,0,0.6,0.717,0.273,0.01,0.498,0.462,0.04,1,1,0.02,0.686,0.147,0.147,1,0.74,0.26,0.92,0.08,0.96,0.04,0.15,0.85,1,1,0,0.01,0.99,0.35,0.65
Yuxi City,Medium-small-cities,7,云南省,46.8,39.78595323,1701.652369,132,15835.10853,85,463.2391042,104,0.131097759,2958.984397,159,27535.49427,102,805.5213311,125,0.200129912,5483.102078,415,51024.23859,267,1492.659336,326,5.347775252,2836.087282,159,26391.84754,102,772.0651736,125,0.315394609,3308.768496,658,30790.4888,423,900.7427025,517,1.019649237,7090.218205,850,65979.61886,546,1930.162934,668,0.097140492,0.064953969,0,0.6,0.743,0.247,0.01,0.542,0.418,0.04,1,1,0.02,0.686,0.147,0.147,1,0.74,0.26,0.92,0.08,0.96,0.04,0.15,0.85,1,1,0,0.01,0.99,0.35,0.65
Yueyang City,Largecities,7,湖南省,64.0815,57.27056298,1611.315637,132,15964.05735,85,424.6270103,104,0.311200834,2801.898857,159,27759.72195,102,738.3791901,125,0.455343738,5192.017051,415,51439.74036,267,1368.242589,326,4.371595564,2685.526061,159,26606.76226,102,707.7116838,125,0.364422829,3133.113738,658,31041.22263,423,825.6636311,517,1.308374053,6713.815152,850,66516.90564,546,1769.279209,668,0.06251223,0.072133351,0.129336679,0.6,0.73,0.26,0.01,0.530836842,0.420663158,0.0485,1,1,0.02,0.471221579,0.466494402,0.042284019,1,0.74,0.26,0.92,0.08,0.96,0.04,0.15,0.85,1,1,0,0.01,0.99,0.35,0.65
Yunfu City,Medium-small-cities,7,广东省,35.9123,31.88280382,3037.773472,132,14171.0528,85,791.173725,104,0.079617169,5282.350537,159,24641.88626,102,1375.7632,125,0.271225026,9788.381186,415,45662.28126,267,2549.337558,326,2.84948919,5062.955786,159,23618.42134,102,1318.622875,125,0.172400602,5906.78175,658,27554.8249,423,1538.393354,517,0.656764197,12657.38946,850,59046.05335,546,3296.557188,668,0.067051139,0.069643655,0,0.6,0.717,0.273,0.01,0.498,0.462,0.04,1,1,0.02,0.686,0.147,0.147,1,0.74,0.26,0.92,0.08,0.96,0.04,0.15,0.85,1,1,0,0.01,0.99,0.35,0.65
Yuncheng City,Medium-small-cities,7,山西省,91.3089,80.8275508,4985.274767,132,12334.60743,85,680.1178019,104,0.157420239,8668.8389,159,21448.51181,102,1182.649289,125,0.465809068,16063.66314,415,39744.84617,267,2191.490695,326,5.714870811,8308.791278,159,20557.67905,102,1133.52967,125,0.163871888,9693.589824,658,23983.95889,423,1322.451281,517,3.979377192,20771.97819,850,51394.19763,546,2833.824174,668,0.058436754,0.058709374,0.569390328,0.6,0.756,0.234,0.01,0.564,0.396,0.04,1,1,0.02,0.686,0.147,0.147,1,0.74,0.26,0.92,0.08,0.96,0.04,0.15,0.85,1,1,0,0.01,0.99,0.35,0.65
Zaozhuang City,Medium-small-cities,7,山东省,83.1533,73.12613655,4080.476334,132,13232.03037,85,687.4932923,104,0.143454727,7095.494959,159,23009.03059,102,1195.474447,125,0.473651019,13148.20152,415,42636.54231,267,2215.256164,326,6.093785089,6800.79389,159,22053.38396,102,1145.822154,125,0.285836227,7934.259538,658,25728.94795,423,1336.792513,517,3.030436391,17001.98473,850,55133.45989,546,2864.555385,668,0.082237353,0.067311523,0,0.6,0.743,0.247,0.01,0.542,0.418,0.04,1,1,0.02,0.686,0.147,0.147,1,0.74,0.26,0.92,0.08,0.96,0.04,0.15,0.85,1,1,0,0.01,0.99,0.35,0.65
Zhanjiang City,Largecities,7,广东省,67.64,60.05053561,2404.206818,132,15068.14143,85,527.6517551,104,0.149957127,4180.648522,159,26201.8237,102,917.5277741,125,0.510846165,7746.888636,415,48552.90015,267,1700.211211,326,5.36694806,4007.011363,159,25113.56904,102,879.4195918,125,0.324712611,4674.846591,658,29299.16389,423,1025.989524,517,1.237000423,10017.52841,850,62783.92261,546,2198.54898,668,0.079839089,0.078279103,0.616502611,0.6,0.73,0.26,0.01,0.530836842,0.420663158,0.0485,1,1,0.02,0.471221579,0.466494402,0.042284019,1,0.74,0.26,0.92,0.08,0.96,0.04,0.15,0.85,1,0.9,0.1,0.01,0.99,0.35,0.65
Zhangjiajie City,Medium-small-cities,7,湖南省,16.9139,15.11619696,1899.966876,132,15776.0848,85,323.9483273,104,0.08213946,3303.831291,159,27432.85856,102,563.3101468,125,0.120185053,6122.115491,415,50834.05101,267,1043.833499,326,1.153854548,3166.611461,159,26293.47466,102,539.9138788,125,0.096187063,3694.380038,658,30675.72044,423,629.8995252,517,0.345336921,7916.528652,850,65733.68665,546,1349.784697,668,0.07614565,0.07080357,0.420394301,0.6,0.717,0.273,0.01,0.498,0.462,0.04,1,1,0.02,0.686,0.147,0.147,1,0.74,0.26,0.92,0.08,0.96,0.04,0.15,0.85,1,1,0,0.01,0.99,0.35,0.65
Zhangjiakou City,Medium-small-cities,7,河北省,64.41,55.77586229,4771.969154,132,12225.69943,85,1002.33142,104,0.086361005,8297.924139,159,21259.13289,102,1742.94297,125,0.264971264,15376.34505,415,39393.92037,267,3229.734577,326,5.282153083,7953.281923,159,20376.16571,102,1670.552367,125,0.173507109,9278.82891,658,23772.19333,423,1948.977762,517,2.827145251,19883.20481,850,50940.41428,546,4176.380918,668,0.110212014,0.068366971,0.063459377,0.6,0.756,0.234,0.01,0.564,0.396,0.04,1,1,0.02,0.686,0.147,0.147,1,0.74,0.26,0.92,0.08,0.96,0.04,0.15,0.85,1,1,0,0.01,0.99,0.35,0.65
Zhangye City,Medium-small-cities,7,甘肃省,20.5,16.73295221,3320.67416,132,14074.61154,85,604.7143004,104,0.064907652,5774.2834,159,24474.18562,102,1051.530978,125,0.143638229,10699.95007,415,45351.52607,267,1948.523857,326,2.754969217,5534.456933,159,23457.6859,102,1007.857167,125,0.155658165,6456.866421,658,27367.30022,423,1175.833362,517,0.647874524,13836.14233,850,58644.21475,546,2519.642918,668,0.119662322,0.074994256,0.054953561,0.6,0.756,0.234,0.01,0.564,0.396,0.04,1,1,0.02,0.686,0.147,0.147,1,0.74,0.26,0.92,0.08,0.96,0.04,0.15,0.85,1,1,0,0.01,0.99,0.35,0.65
Zhangzhou City,Largecities,7,福建省,60.88,53.23574955,4387.107018,132,12762.62305,85,850.269927,104,0.198540292,7628.691648,159,22192.78342,102,1478.524929,125,0.319820562,14136.23372,415,41124.00762,267,2739.758654,326,5.678611714,7311.84503,159,21271.03842,102,1417.116545,125,0.180572845,8530.485869,658,24816.2115,423,1653.302636,517,1.266705033,18279.61258,850,53177.59606,546,3542.791362,668,0.049865797,0.044855867,0,0.6,0.704,0.286,0.01,0.488770526,0.462729474,0.0485,1,1,0.02,0.471221579,0.466494402,0.042284019,1,0.74,0.26,0.92,0.08,0.96,0.04,0.15,0.85,1,0.9,0.1,0.01,0.99,0.35,0.65
Changchun City,Largecities,7,吉林省,181.7334,160.7398775,5201.91525,132,11970.05633,85,828.0284219,104,0.542342782,9045.552628,159,20814.59795,102,1439.849423,125,1.461087644,16761.72692,415,38570.1815,267,2668.091582,326,12.06915057,8669.858749,159,19950.09388,102,1380.04737,125,0.740662158,10114.83521,658,23275.10953,423,1610.055265,517,6.180279315,21674.64687,850,49875.2347,546,3450.118425,668,0.075172915,0.053166181,1.779679769,0.6,0.73,0.26,0.01,0.530836842,0.420663158,0.0485,1,1,0.02,0.471221579,0.466494402,0.042284019,1,0.74,0.26,0.92,0.08,0.96,0.04,0.15,0.85,1,1,0,0.01,0.99,0.35,0.65
Changsha City,Extra-large-cities,7,湖南省,263.0833,235.1213486,2429.706263,132,14802.14299,85,768.1507482,104,1.277619007,4224.989223,159,25739.28198,102,1335.728801,125,1.86939028,7829.053513,415,47695.79408,267,2475.152411,326,17.94736058,4049.510438,159,24670.23832,102,1280.251247,125,1.496119169,4724.428844,658,28781.9447,423,1493.626455,517,5.371462332,10123.77609,850,61675.59579,546,3200.628117,668,0.063696528,0.052078921,3.249635212,0.6,0.721867969,0.242632031,0.0355,0.518615057,0.371884943,0.1095,1,1,0.02,0.014,0.9358125,0.0301875,1,0.74,0.26,0.92,0.08,0.96,0.04,0.15,0.85,1,1,0,0.01,0.99,0.35,0.65
Changzhi City,Medium-small-cities,7,山西省,60.5,53.55520462,4969.782267,132,12460.96531,85,569.2524216,104,0.104304449,8641.899164,159,21668.23413,102,989.8667108,125,0.308638573,16013.74286,415,40151.99934,267,1834.257803,326,3.786593466,8282.970445,159,20768.27552,102,948.7540359,125,0.108579221,9663.465519,658,24229.65477,423,1106.879709,517,2.636679668,20707.42611,850,51920.6888,546,2371.88509,668,0.081366407,0.082271481,0.276824429,0.6,0.756,0.234,0.01,0.564,0.396,0.04,1,1,0.02,0.686,0.147,0.147,1,0.74,0.26,0.92,0.08,0.96,0.04,0.15,0.85,1,1,0,0.01,0.99,0.35,0.65
Zhaotong City,Medium-small-cities,7,云南省,38.37,32.61938089,1864.623244,132,15739.4636,85,395.9131545,104,0.107483355,3242.372641,159,27369.17837,102,688.4489854,125,0.16408087,6008.230453,415,50716.04938,267,1275.720165,326,4.384490094,3107.705407,159,26232.43934,102,659.8552576,125,0.258583144,3625.656308,658,30604.51256,423,769.8311338,517,0.83598165,7769.263516,850,65581.09834,546,1649.638144,668,0.105562894,0.077521792,0.112573009,0.6,0.73,0.26,0.01,0.52,0.44,0.04,1,1,0.02,0.686,0.147,0.147,1,0.74,0.26,0.92,0.08,0.96,0.04,0.15,0.85,1,1,0,0.01,0.99,0.35,0.65
Zhaoqing City,Medium-small-cities,7,广东省,60.1702,53.41887549,3328.261036,132,14017.82031,85,653.9186522,104,0.133396663,5787.476135,159,24375.43199,102,1137.091879,125,0.454431046,10724.39667,415,45168.53211,267,2107.071213,326,4.774251008,5547.101727,159,23363.03385,102,1089.86442,125,0.288853086,6471.618682,658,27256.87283,423,1271.50849,517,1.100392709,13867.75432,850,58407.58463,546,2724.661051,668,0.073906666,0.06911557,0,0.6,0.717,0.273,0.01,0.498,0.462,0.04,1,1,0.02,0.686,0.147,0.147,1,0.74,0.26,0.92,0.08,0.96,0.04,0.15,0.85,1,1,0,0.01,0.99,0.35,0.65
Zhenjiang City,Largecities,7,江苏省,64.75,59.93807218,4499.334649,132,12825.6681,85,674.997256,104,0.134335394,7823.843028,159,22302.41174,102,1173.745229,125,0.391783225,14497.85609,415,41327.15275,267,2174.991158,326,2.197318938,7498.891081,159,21376.11349,102,1124.995427,125,0.380220178,8748.706261,658,24938.79907,423,1312.494665,517,1.708270086,18747.2277,850,53440.28373,546,2812.488567,668,0.06783548,0.054715637,0,0.6,0.743,0.247,0.01,0.55187,0.39963,0.0485,1,1,0.02,0.471221579,0.466494402,0.042284019,1,0.74,0.26,0.92,0.08,0.96,0.04,0.15,0.85,1,1,0,0.01,0.99,0.35,0.65
Zhengzhou City,Extra-large-cities,7,河南省,379.4752,334.9356242,5412.887828,132,11765.67585,85,821.4363202,104,0.862803586,9412.410501,159,20459.20301,102,1428.38649,125,1.872165588,17441.52745,415,37911.62219,267,2646.850365,326,27.21495255,9021.479714,159,19609.45975,102,1369.060534,125,0.936082794,10525.05967,658,22877.70304,423,1597.237289,517,13.65357126,22553.69928,850,49023.64938,546,3422.651334,668,0.058938532,0.039451676,3.393085691,0.6,0.744975781,0.219524219,0.0355,0.55403267,0.33646733,0.1095,1,1,0.02,0.014,0.9358125,0.0301875,1,0.74,0.26,0.92,0.08,0.96,0.04,0.15,0.85,1,1,0,0.01,0.99,0.35,0.65
Zhongshan City,Largecities,7,广东省,120.6398,107.1035572,5391.278793,132,11864.47092,85,744.250289,104,0.267457093,9374.83479,159,20630.99665,102,1294.168558,125,0.911123288,17371.89833,415,38229.96185,267,2398.13982,326,9.57225814,8985.464655,159,19774.1182,102,1240.417148,125,0.579143472,10483.0421,658,23069.80456,423,1447.15334,517,2.206260846,22463.66164,850,49435.29549,546,3101.042871,668,0.10269745,0.062745537,0,0.6,0.717,0.273,0.01,0.509803684,0.441696316,0.0485,1,1,0.02,0.471221579,0.466494402,0.042284019,1,0.74,0.26,0.92,0.08,0.96,0.04,0.15,0.85,1,0.9,0.1,0.01,0.99,0.35,0.65
Zhongwei City,Medium-small-cities,7,宁夏回族自治区,15.42,12.00601416,3272.570215,132,14269.70006,85,457.7297281,104,0.036402731,5690.635985,159,24813.42288,102,795.9411383,125,0.097401901,10544.94847,415,45980.14463,267,1474.906902,326,2.425208958,5454.283691,159,23782.83343,102,762.8828801,125,0.080676322,6363.330973,658,27746.639,423,890.0300268,517,0.774295923,13635.70923,850,59457.08357,546,1907.2072,668,0.10651387,0.07181605,1.688407984,0.6,0.756,0.234,0.01,0.564,0.396,0.04,1,1,0.02,0.686,0.147,0.147,1,0.74,0.26,0.92,0.08,0.96,0.04,0.15,0.85,1,1,0,0.01,0.99,0.35,0.65
Chongqing,Megacities,7,重庆市,459.5,411.9610346,1593.296,132,16072.80072,85,333.9032843,104,1.089976279,2770.56471,159,27948.81458,102,580.620711,125,3.119932102,5133.953777,415,51790.13564,267,1075.910583,326,29.06936737,2655.493333,159,26788.00119,102,556.5054738,125,2.489945812,3098.075555,658,31252.66806,423,649.2563861,517,11.76974386,6638.733332,850,66970.00298,546,1391.263685,668,6.54E-02,6.01E-02,6.34E+00,0.6,0.532462687,0.181037313,0.2865,0.432631579,0.183868421,0.3835,1,1,0.02,0.121363934,0.519066128,0.339569937,1,0.74,0.26,0.92,0.08,0.96,0.04,0.15,0.85,1,1,0,0.01,0.99,0.35,0.65
Zhoushan City,Medium-small-cities,7,浙江省,19.5935,17.72169346,7227.937706,132,10376.59273,85,395.4695611,104,0.037866866,12568.58057,159,18043.74181,102,687.6776257,125,0.088750468,23290.0215,415,33435.68769,267,1274.290808,326,1.393145681,12046.56284,159,17294.32122,102,659.1159352,125,0.046268577,14054.32332,658,20176.70809,423,768.9685911,517,0.305774946,30116.40711,850,43235.80305,546,1647.789838,668,0.117350409,0.062238895,0.442291933,0.6,0.717,0.273,0.01,0.498,0.462,0.04,1,1,0.02,0.686,0.147,0.147,1,0.74,0.26,0.92,0.08,0.96,0.04,0.15,0.85,1,0.9,0.1,0.01,0.99,0.35,0.65
Zhoukou City,Largecities,7,河南省,98.4355,86.8819771,2382.727348,132,15233.13088,85,384.1417755,104,0.223810416,4143.298111,159,26488.72202,102,667.9798652,125,0.485637944,7677.677011,415,49084.53282,267,1237.790166,326,7.05953238,3971.212247,159,25388.55146,102,640.2362925,125,0.242818972,4633.080955,658,29619.9767,423,746.9423413,517,3.541723185,9928.030618,850,63471.37865,546,1600.590731,668,0.063438704,0.067370865,0,0.6,0.743,0.247,0.01,0.55187,0.39963,0.0485,1,1,0.02,0.471221579,0.466494402,0.042284019,1,0.74,0.26,0.92,0.08,0.96,0.04,0.15,0.85,1,1,0,0.01,0.99,0.35,0.65
Zhuhai City,Largecities,7,广东省,68.8579,61.13178262,11130.47519,132,4803.378388,85,2066.146424,104,0.152657197,19354.65963,159,8352.541307,102,3592.79906,125,0.520044266,35864.8645,415,15477.55258,267,6657.582922,326,5.463583277,18550.79198,159,8005.630646,102,3443.577374,125,0.330559262,21642.59064,658,9339.90242,423,4017.506936,517,1.25927338,46376.97995,850,20014.07662,546,8608.943434,668,0.073231679,0.052202696,1.305382475,0.6,0.717,0.273,0.01,0.509803684,0.441696316,0.0485,1,1,0.02,0.471221579,0.466494402,0.042284019,1,0.74,0.26,0.92,0.08,0.96,0.04,0.15,0.85,1,0.9,0.1,0.01,0.99,0.35,0.65
Zhuzhou City,Largecities,7,湖南省,54.8513,49.0213998,1717.675823,132,15649.35999,85,632.9641881,104,0.266375948,2986.847404,159,27212.4982,102,1100.654394,125,0.389756731,5534.733209,415,50425.71552,267,2039.551273,326,3.74191771,2862.793039,159,26082.26665,102,1054.940314,125,0.311931929,3339.925212,658,30429.31109,423,1230.763699,517,1.119917881,7156.982597,850,65205.66662,546,2637.350784,668,0.071961851,0.059107217,0,0.6,0.704,0.286,0.01,0.488770526,0.462729474,0.0485,1,1,0.02,0.471221579,0.466494402,0.042284019,1,0.74,0.26,0.92,0.08,0.96,0.04,0.15,0.85,1,1,0,0.01,0.99,0.35,0.65
Zhumadian City,Medium-small-cities,7,河南省,74.3745,65.64505291,2644.310717,132,14872.80077,85,482.8885112,104,0.169103502,4598.162525,159,25862.14801,102,839.6894667,125,0.366931435,8520.556755,415,47923.46915,267,1555.974092,326,5.333941423,4407.184528,159,24788.00129,102,804.8141853,125,0.183465717,5141.715283,658,28919.33483,423,938.9498829,517,2.676005008,11017.96132,850,61970.00322,546,2012.035463,668,0.074088551,0.059106803,0,0.6,0.756,0.234,0.01,0.564,0.396,0.04,1,1,0.02,0.686,0.147,0.147,1,0.74,0.26,0.92,0.08,0.96,0.04,0.15,0.85,1,1,0,0.01,0.99,0.35,0.65
Ziyang City,Medium-small-cities,7,四川省,32.24,28.88273708,2451.733681,132,15002.46158,85,545.8047387,104,0.059221956,4263.292457,159,26087.61375,102,949.0937955,125,0.208493734,7900.030751,415,48341.26509,267,1758.704158,326,2.154705675,4086.222802,159,25004.10263,102,909.6745644,125,0.169012431,4767.259936,658,29171.45307,423,1061.286992,517,0.765829125,10215.55701,850,62510.25658,546,2274.186411,668,0.08421846,0.078731409,0,0.6,0.73,0.26,0.01,0.52,0.44,0.04,1,1,0.02,0.686,0.147,0.147,1,0.74,0.26,0.92,0.08,0.96,0.04,0.15,0.85,1,1,0,0.01,0.99,0.35,0.65
Zibo City,Largecities,7,山东省,112.4472,98.88758837,4173.018946,132,13177.58512,85,649.39593,104,0.193992089,7256.416279,159,22914.35635,102,1129.227367,125,0.640512534,13446.39438,415,42461.10762,267,2092.497997,326,8.240551735,6955.031577,159,21962.64187,102,1082.32655,125,0.386532866,8114.203507,658,25623.08219,423,1262.714308,517,4.098022411,17387.57894,850,54906.60468,546,2705.816375,668,0.071906861,0.054928821,0,0.6,0.743,0.247,0.01,0.55187,0.39963,0.0485,1,1,0.02,0.471221579,0.466494402,0.042284019,1,0.74,0.26,0.92,0.08,0.96,0.04,0.15,0.85,1,1,0,0.01,0.99,0.35,0.65
Zigong City,Medium-small-cities,7,四川省,44.04,39.45396219,1696.42048,132,15661.98459,85,641.5949252,104,0.080897485,2949.886724,159,27234.45099,102,1115.662287,125,0.284803476,5466.24377,415,50466.3948,267,2067.361426,326,2.943338646,2827.367467,159,26103.30766,102,1069.324875,125,0.230871819,3298.595378,658,30453.85893,423,1247.545688,517,1.046126386,7068.418668,850,65258.26914,546,2673.312188,668,0.078281505,0.083112672,0.00E+00,0.6,0.73,0.26,0.01,0.52,0.44,0.04,1,1,0.02,0.686,0.147,0.147,1,0.74,0.26,0.92,0.08,0.96,0.04,0.15,0.85,1,1,0,0.01,0.99,0.35,0.65
Zunyi City,Largecities,7,贵州省,94.97,82.22688574,1475.806452,132,15940.35301,85,583.8405356,104,0.338884001,2566.263441,159,27718.50274,102,1015.23382,125,0.55763452,4755.376344,415,51363.35971,267,1881.263948,326,9.660883586,2459.677419,159,26567.25502,102,973.0675593,125,0.525359853,2869.623656,658,30995.13086,423,1135.245486,517,1.660352301,6149.193548,850,66418.13755,546,2432.668898,668,0.110558208,0.089131516,0.751903563,0.6,0.73,0.26,0.01,0.530836842,0.420663158,0.0485,1,1,0.02,0.471221579,0.466494402,0.042284019,1,0.74,0.26,0.92,0.08,0.96,0.04,0.15,0.85,1,1,0,0.01,0.99,0.35,0.65
Altay Prefecture,Medium-small-cities,8,新疆维吾尔族自治区,12.0824,10.00871362,2460.359096,132,15298.20249,85,241.4384086,104,0.062001128,4278.291096,159,26601.87434,102,419.8345661,125,0.084064592,7927.823755,415,49294.20804,267,777.9682056,326,1.360952688,4100.598494,159,25497.00416,102,402.3973477,125,0.080433896,4784.031576,658,29746.50485,423,469.4635723,517,0.486234071,10251.49624,850,63742.5104,546,1005.993369,668,0.142701705,0.129290577,2.079953397,0.6,0.741758852,0.246587398,0.01165375,0.539673211,0.416205539,0.04412125,1,1,0.02,0.68204675,0,0.29795325,1,0.74,0.26,0.92,0.08,0.96,0.04,0.15,0.85,1,1,0,0.01,0.99,0.35,0.65
Ankang City,Medium-small-cities,8,陕西省,19.7762,17.73389067,1317.038723,132,16312.21311,85,370.7481659,104,0.050667417,2290.184001,159,28365.12613,102,644.6898662,125,0.125784809,4243.791439,415,52561.57558,267,1194.632979,326,1.299678172,2195.064538,159,27187.02185,102,617.9136098,125,0.048605371,2560.908627,658,31718.19216,423,720.8992114,517,0.51757356,5487.661344,850,67967.55463,546,1544.784024,668,0.143865557,0.121768608,5.528932782,0.6,0.728780568,0.259565682,0.01165375,0.517767656,0.438111094,0.04412125,1,1,0.02,0.68204675,0,0.29795325,1,0.74,0.26,0.92,0.08,0.96,0.04,0.15,0.85,1,1,0,0.01,0.99,0.35,0.65
Anqing City,Medium-small-cities,8,安徽省,57.3094,49.08328264,2113.94044,132,15563.22831,85,322.8312473,104,0.156693991,3675.907543,159,27062.72479,102,561.3676689,125,0.360332741,6811.585863,415,50148.18012,267,1040.234019,326,4.882254892,3523.234067,159,25938.71385,102,538.0520788,125,0.201101196,4110.439745,658,30261.83283,423,627.7274253,517,2.625734537,8808.085168,850,64846.78464,546,1345.130197,668,0.121567457,0.101036557,0.214715799,0.6,0.728780568,0.259565682,0.01165375,0.517767656,0.438111094,0.04412125,1,1,0.02,0.68204675,0,0.29795325,1,0.74,0.26,0.92,0.08,0.96,0.04,0.15,0.85,1,1,0,0.01,0.99,0.35,0.65
Anshun City,Medium-small-cities,8,贵州省,30.0547,26.0219478,3141.108703,132,14264.95395,85,593.9373451,104,0.107244993,5462.039023,159,24805.16993,102,1032.79105,125,0.17647192,10121.35027,415,45964.85162,267,1913.798112,326,3.057333452,5235.181172,159,23774.92325,102,989.8955751,125,0.166258111,6107.711368,658,27737.41046,423,1154.878171,517,0.525443722,13087.95293,850,59437.30813,546,2474.738938,668,0.145681438,0.132505555,0.349238526,0.6,0.715802284,0.272543966,0.01165375,0.495862102,0.460016648,0.04412125,1,1,0.02,0.68204675,0,0.29795325,1,0.74,0.26,0.92,0.08,0.96,0.04,0.15,0.85,1,1,0,0.01,0.99,0.35,0.65
Anyang City,Medium-small-cities,8,河南省,86.4084,76.26651595,4263.814068,132,13333.0768,85,403.1091273,104,0.19646469,7414.298907,159,23184.73911,102,700.9619825,125,0.426301463,13738.95644,415,42962.13637,267,1298.907188,326,6.19698074,7106.35678,159,22221.79467,102,671.8485455,125,0.213150732,8290.749577,658,25925.42712,423,783.8233031,517,3.108986429,17765.89195,850,55554.48669,546,1679.621364,668,0.117605865,0.105744502,0,0.6,0.754737136,0.233609114,0.01165375,0.561578766,0.394299984,0.04412125,1,1,0.02,0.68204675,0,0.29795325,1,0.74,0.26,0.92,0.08,0.96,0.04,0.15,0.85,1,1,0,0.01,0.99,0.35,0.65
Anshan City,Medium-small-cities,8,辽宁省,62.1968,54.16211227,3665.491148,132,13672.35752,85,662.1513331,104,0.291748213,6373.881829,159,23774.71058,102,1151.407596,125,0.544306367,11811.02703,415,44055.37423,267,2133.59874,326,4.505405239,6109.151913,159,22787.26253,102,1103.585555,125,0.32222937,7127.343898,658,26585.13962,423,1287.516481,517,2.370998537,15272.87978,850,56968.15633,546,2758.963888,668,0.135501673,0.108363833,0.060492751,0.6,0.741758852,0.246587398,0.01165375,0.539673211,0.416205539,0.04412125,1,1,0.02,0.68204675,0,0.29795325,1,0.74,0.26,0.92,0.08,0.96,0.04,0.15,0.85,1,1,0,0.01,0.99,0.35,0.65
Bayannur City,Medium-small-cities,8,内蒙古自治区,36.9,32.35197114,3806.314879,132,13893.16609,85,300.5190311,104,0.077815539,6618.758651,159,24158.67215,102,522.5692042,125,0.195503503,12264.79239,415,44766.86851,267,968.3391003,326,2.855380111,6343.858131,159,23155.27682,102,500.8650519,125,0.094536233,7401.16782,658,27014.48962,423,584.3425606,517,1.324793475,15859.64533,850,57888.19204,546,1252.16263,668,0.163109275,0.116913554,0.178196857,0.6,0.754737136,0.233609114,0.01165375,0.561578766,0.394299984,0.04412125,1,1,0.02,0.68204675,0,0.29795325,1,0.74,0.26,0.92,0.08,0.96,0.04,0.15,0.85,1,1,0,0.01,0.99,0.35,0.65
Bazhong City,Medium-small-cities,8,四川省,44.98,40.29607673,1257.48176,132,16396.60081,85,345.9174294,104,0.08262418,2186.62106,159,28511.86697,102,601.5119744,125,0.290882387,4051.885671,415,52833.4915,267,1114.622828,326,3.00616195,2095.802933,159,27327.66802,102,576.529049,125,0.235799601,2445.103422,658,31882.27935,423,672.6172238,517,1.068455151,5239.507333,850,68319.17004,546,1441.322622,668,0.109425365,0.124608648,0.060355871,0.6,0.715802284,0.272543966,0.01165375,0.495862102,0.460016648,0.04412125,1,1,0.02,0.68204675,0,0.29795325,1,0.74,0.26,0.92,0.08,0.96,0.04,0.15,0.85,1,1,0,0.01,0.99,0.35,0.65
Baicheng City,Medium-small-cities,8,吉林省,28.6851,25.37144774,4294.273734,132,13224.05883,85,481.6674325,104,0.08560428,7467.264882,159,22995.16897,102,837.5661465,125,0.230620487,13837.10425,415,42610.85624,267,1552.039505,326,1.905014659,7157.12289,159,22040.09806,102,802.7790541,125,0.116907338,8349.976705,658,25713.44773,423,936.5755632,517,0.975505494,17892.80722,850,55100.24514,546,2006.947635,668,0.117880143,0.108258184,0.038703912,0.6,0.754737136,0.233609114,0.01165375,0.561578766,0.394299984,0.04412125,1,1,0.02,0.68204675,0,0.29795325,1,0.74,0.26,0.92,0.08,0.96,0.04,0.15,0.85,1,1,0,0.01,0.99,0.35,0.65
Baishan City,Medium-small-cities,8,吉林省,14.5408,12.86107238,3177.732782,132,14210.43718,85,611.8300352,104,0.043393773,5525.724226,159,24710.37132,102,1063.90445,125,0.11690412,10239.36119,415,45789.18648,267,1971.452336,326,0.965673369,5296.221303,159,23684.06197,102,1019.716725,125,0.059261645,6178.924853,658,27631.40563,423,1189.669513,517,0.494494713,13240.55326,850,59210.15493,546,2549.291813,668,0.134415706,0.129302193,0.133675344,0.6,0.728780568,0.259565682,0.01165375,0.517767656,0.438111094,0.04412125,1,1,0.02,0.68204675,0,0.29795325,1,0.74,0.26,0.92,0.08,0.96,0.04,0.15,0.85,1,1,0,0.01,0.99,0.35,0.65
Baiyin City,Medium-small-cities,8,甘肃省,24.79,20.23462855,3825.158211,132,13622.1745,85,552.6672892,104,0.078490765,6651.525112,159,23687.44788,102,961.0270084,125,0.173697156,12325.50979,415,43893.67339,267,1780.816821,326,3.331496922,6375.263686,159,22703.62417,102,921.1121486,125,0.188232483,7437.807633,658,26487.56153,423,1074.63084,517,0.783454119,15938.15921,850,56759.06041,546,2302.780372,668,0.118245523,0.131028265,0,0.6,0.754737136,0.233609114,0.01165375,0.561578766,0.394299984,0.04412125,1,1,0.02,0.68204675,0,0.29795325,1,0.74,0.26,0.92,0.08,0.96,0.04,0.15,0.85,1,1,0,0.01,0.99,0.35,0.65
Baise City,Medium-small-cities,8,广西壮族自治区,39.4785,34.25272915,3273.166965,132,13885.34089,85,841.492145,104,0.097133287,5691.673667,159,24145.06499,102,1463.261341,125,0.230765143,10546.87133,415,44741.65398,267,2711.474689,326,3.373174152,5455.278275,159,23142.23482,102,1402.486908,125,0.291988548,6364.49132,658,26999.27395,423,1636.234726,517,1.232709716,13638.19569,850,57855.58704,546,3506.217271,668,0.14335416,0.136547704,0.121819875,0.6,0.728780568,0.259565682,0.01165375,0.517767656,0.438111094,0.04412125,1,1,0.02,0.68204675,0,0.29795325,1,0.74,0.26,0.92,0.08,0.96,0.04,0.15,0.85,1,1,0,0.01,0.99,0.35,0.65
Bengbu City,Medium-small-cities,8,安徽省,44.0785,37.75152896,4054.276663,132,13594.08659,85,351.6367476,104,0.120518381,7049.936642,159,23638.60612,102,611.4572334,125,0.277143483,13063.78036,415,43803.1679,267,1133.051742,326,3.755099028,6757.127772,159,22656.81098,102,586.061246,125,0.154673388,7883.315734,658,26432.94615,423,683.7381204,517,2.019536756,16892.81943,850,56642.02746,546,1465.153115,668,0.089795776,0.100727254,0,0.6,0.741758852,0.246587398,0.01165375,0.539673211,0.416205539,0.04412125,1,1,0.02,0.68204675,0,0.29795325,1,0.74,0.26,0.92,0.08,0.96,0.04,0.15,0.85,1,1,0,0.01,0.99,0.35,0.65
Baotou City,Medium-small-cities,8,内蒙古自治区,72.6,63.65184566,5064.302822,132,12057.65608,85,878.0411011,104,0.153100491,8806.259907,159,20966.92418,102,1526.815915,125,0.384649169,16318.30909,415,38852.44736,267,2829.243548,326,5.617902332,8440.504703,159,20096.09346,102,1463.401835,125,0.185998118,9847.255487,658,23445.44237,423,1707.302141,517,2.606504235,21101.26176,850,50240.23365,546,3658.504588,668,0.138088542,0.108091401,0.55905845,0.6,0.754737136,0.233609114,0.01165375,0.561578766,0.394299984,0.04412125,1,1,0.02,0.68204675,0,0.29795325,1,0.74,0.26,0.92,0.08,0.96,0.04,0.15,0.85,1,1,0,0.01,0.99,0.35,0.65
Baoji City,Medium-small-cities,8,陕西省,39.2303,35.17894495,2889.019585,132,14780.68576,85,330.2946539,104,0.100509602,5023.684056,159,25701.97024,102,574.3457037,125,0.24952093,9309.063107,415,47626.65412,267,1064.282774,326,2.578188155,4815.032641,159,24634.47627,102,550.4910898,125,0.096419095,5617.538082,658,28740.22231,423,642.2396048,517,1.026717268,12037.5816,850,61586.19067,546,1376.227725,668,0.146650293,0.11784624,0,0.6,0.741758852,0.246587398,0.01165375,0.539673211,0.416205539,0.04412125,1,1,0.02,0.68204675,0,0.29795325,1,0.74,0.26,0.92,0.08,0.96,0.04,0.15,0.85,1,1,0,0.01,0.99,0.35,0.65
Baoding City,Largecities,8,河北省,238,206.0961842,3178.423926,132,14255.61087,85,565.9652035,104,0.319110683,5526.926049,159,24788.92335,102,984.1506039,125,0.979089596,10241.58821,415,45934.74614,267,1823.665656,326,19.51796978,5297.37321,159,23759.35145,102,943.2753392,125,0.641122372,6180.268745,658,27719.24336,423,1100.487896,517,10.44652336,13243.43303,850,59398.37863,546,2358.188348,668,0.135232693,0.112548099,0,0.6,0.747580909,0.231394091,0.021025,0.561478211,0.371046789,0.067475,1,1,0.02,0.465223316,0.453325723,0.061450961,1,0.74,0.26,0.92,0.08,0.96,0.04,0.15,0.85,1,1,0,0.01,0.99,0.35,0.65
Baoshan City,Medium-small-cities,8,云南省,28.66,24.36464572,1590.987868,132,15977.2617,85,431.7504333,104,0.080283371,2766.551127,159,27782.68284,102,750.7660312,125,0.12255819,5126.516464,415,51482.28769,267,1391.195841,326,3.274940998,2651.646447,159,26628.7695,102,719.5840555,125,0.193145502,3093.587522,658,31066.89775,423,839.5147314,517,0.624426221,6629.116118,850,66571.92374,546,1798.960139,668,0.145770561,0.111005059,1.035519789,0.6,0.728780568,0.259565682,0.01165375,0.517767656,0.438111094,0.04412125,1,1,0.02,0.68204675,0,0.29795325,1,0.74,0.26,0.92,0.08,0.96,0.04,0.15,0.85,1,1,0,0.01,0.99,0.35,0.65
Beihai City,Medium-small-cities,8,广西壮族自治区,30.3548,26.33673374,2599.601594,132,14348.60558,85,1051.792829,104,0.074685246,4520.418327,159,24950.63081,102,1828.950863,125,0.17743404,8376.494024,415,46234.39575,267,3389.110226,326,2.593614924,4332.669323,159,23914.34263,102,1752.988048,125,0.224508377,5054.780876,658,27900.0664,423,2045.152722,517,0.947823674,10831.67331,850,59785.85657,546,4382.47012,668,0.142361361,0.122986349,0.773262323,0.6,0.728780568,0.259565682,0.01165375,0.517767656,0.438111094,0.04412125,1,1,0.02,0.68204675,0,0.29795325,1,0.74,0.26,0.92,0.08,0.96,0.04,0.15,0.85,1,0.9,0.1,0.01,0.99,0.35,0.65
Beijing,Megacities,8,北京市,584.25,522.7,7707.502459,132,9352.499329,85,939.9982116,104,7.66,13402.49039,159,16262.95717,102,1634.552446,125,6.31,24835.2857,415,30135.83117,267,3028.883126,326,39.4,12845.83743,159,15587.49888,102,1566.663686,125,1.87,14986.81034,658,18185.41536,423,1827.7743,517,6.31,32114.59358,850,38968.74721,546,3916.659215,668,0.140214765,0.10099945,24.44704983,0.6,0.5085,0.1615,0.33,0.4085,0.1615,0.43,1,1,0.02,0.112,0.476341463,0.391658537,1,0.74,0.26,0.92,0.08,0.96,0.04,0.15,0.85,1,1,0,0.01,0.99,0.35,0.65
Benxi City,Medium-small-cities,8,辽宁省,15.1086,13.15684552,8159.6766,132,9840.3234,85,0,104,0.070870319,14188.77098,159,17111.22902,102,0,125,0.132220744,26292.29127,415,31707.70873,267,0,326,1.094435173,13599.461,159,16400.539,102,0,125,0.078274681,15866.03783,658,19133.96217,423,0,517,0.575953562,33998.6525,850,41001.3475,546,0,668,0.15593095,0.120851796,0,0.6,0.728780568,0.259565682,0.01165375,0.517767656,0.438111094,0.04412125,1,1,0.02,0.68204675,0,0.29795325,1,0.74,0.26,0.92,0.08,0.96,0.04,0.15,0.85,1,1,0,0.01,0.99,0.35,0.65
Bijie City,Medium-small-cities,8,贵州省,58.2,50.39069969,1444.917944,132,16017.58999,85,537.4920664,104,0.207676623,2512.551757,159,27852.80926,102,934.6389821,125,0.341732432,4655.846707,415,51612.23441,267,1731.918881,326,5.920431975,2408.196573,159,26695.98332,102,895.8201106,125,0.321953706,2809.562668,658,31145.31387,423,1045.123462,517,1.01750557,6020.491432,850,66739.95829,546,2239.550277,668,0.15653694,0.15406669,0.675291489,0.6,0.728780568,0.259565682,0.01165375,0.517767656,0.438111094,0.04412125,1,1,0.02,0.68204675,0,0.29795325,1,0.74,0.26,0.92,0.08,0.96,0.04,0.15,0.85,1,1,0,0.01,0.99,0.35,0.65
Binzhou City,Medium-small-cities,8,山东省,95.6195,84.08908141,2890.192846,132,14447.41907,85,662.3880883,104,0.164961213,5025.724226,159,25122.45649,102,1151.819287,125,0.544659967,9312.843613,415,46552.79477,267,2134.361618,326,7.007354889,4816.988076,159,24079.03178,102,1103.980147,125,0.328688303,5619.819422,658,28092.20374,423,1287.976838,517,3.484754213,12042.47019,850,60197.57944,546,2759.950368,668,0.113221282,0.121004356,0,0.6,0.741758852,0.246587398,0.01165375,0.539673211,0.416205539,0.04412125,1,1,0.02,0.68204675,0,0.29795325,1,0.74,0.26,0.92,0.08,0.96,0.04,0.15,0.85,1,0.9,0.1,0.01,0.99,0.35,0.65
Bozhou City,Medium-small-cities,8,安徽省,63.1152,54.0557256,2502.108931,132,15145.79131,85,352.0997616,104,0.172568071,4350.889419,159,26336.84822,102,612.2623632,125,0.396836698,8062.350999,415,48803.10532,267,1134.543676,326,5.376857792,4170.181551,159,25242.98551,102,586.832936,125,0.221474002,4865.21181,658,29450.14976,423,684.6384253,517,2.891737838,10425.45388,850,63107.46378,546,1467.08234,668,0.110283721,0.081178844,0,0.6,0.741758852,0.246587398,0.01165375,0.539673211,0.416205539,0.04412125,1,1,0.02,0.68204675,0,0.29795325,1,0.74,0.26,0.92,0.08,0.96,0.04,0.15,0.85,1,1,0,0.01,0.99,0.35,0.65
Cangzhou City,Largecities,8,河北省,85.0947,73.68778557,3144.492403,132,14282.09231,85,573.415292,104,0.114095075,5467.922901,159,24834.97162,102,997.1054799,125,0.350064435,10132.2533,415,46020.07521,267,1847.671496,326,6.978469678,5240.820672,159,23803.48718,102,955.6921533,125,0.229227378,6114.290784,658,27770.73504,423,1114.974179,517,3.735057864,13102.05168,850,59508.71794,546,2389.230383,668,0.119521408,0.106113986,0,0.6,0.747580909,0.231394091,0.021025,0.561478211,0.371046789,0.067475,1,1,0.02,0.465223316,0.453325723,0.061450961,1,0.74,0.26,0.92,0.08,0.96,0.04,0.15,0.85,1,0.9,0.1,0.01,0.99,0.35,0.65
Chamdo City,Medium-small-cities,8,西藏自治区,13.7757,9.001351382,1766.100544,132,15994.48013,85,239.4193258,104,0.072150135,3071.052612,159,27812.62378,102,416.3236054,125,0.106981235,5690.768418,415,51537.76931,267,771.4622719,326,3.092504082,2943.500906,159,26657.46688,102,399.0322096,125,0.462756041,3434.08439,658,31100.37803,423,465.5375779,517,1.039957125,7358.752265,850,66643.66721,546,997.580524,668,0.143882518,0.113844869,0.090469576,0.6,0.728780568,0.259565682,0.01165375,0.517767656,0.438111094,0.04412125,1,1,0.02,0.68204675,0,0.29795325,1,0.74,0.26,0.92,0.08,0.96,0.04,0.15,0.85,1,1,0,0.01,0.99,0.35,0.65
Changde City,Largecities,8,湖南省,62.3495,55.72264954,1739.525849,132,15918.76738,85,341.7067679,104,0.302789673,3024.84217,159,27680.96773,102,594.190102,125,0.44303667,5605.138846,415,51293.80601,267,1101.055141,326,4.253439723,2899.209748,159,26531.27897,102,569.5112799,125,0.354573179,3382.411373,658,30953.1588,423,664.4298265,517,1.273011212,7248.02437,850,66328.19743,546,1423.7782,668,0.121347612,0.113537714,3.549210499,0.6,0.734725682,0.244249318,0.021025,0.5408645,0.3916605,0.067475,1,1,0.02,0.465223316,0.453325723,0.061450961,1,0.74,0.26,0.92,0.08,0.96,0.04,0.15,0.85,1,1,0,0.01,0.99,0.35,0.65
Changzhou City,Largecities,8,江苏省,147.72,136.7421162,5151.340178,132,11909.36517,85,939.2946555,104,0.306471419,8957.608198,159,20709.06276,102,1633.32904,125,0.893810317,16598.76279,415,38374.62109,267,3026.616112,326,5.012941368,8585.566963,159,19848.94194,102,1565.491092,125,0.867430498,10016.49479,658,23157.09894,423,1826.406275,517,3.897230226,21463.91741,850,49622.35486,546,3913.727731,668,0.095501187,0.07966436,1.980786322,0.6,0.747580909,0.231394091,0.021025,0.561478211,0.371046789,0.067475,1,1,0.02,0.465223316,0.453325723,0.061450961,1,0.74,0.26,0.92,0.08,0.96,0.04,0.15,0.85,1,1,0,0.01,0.99,0.35,0.65
Chaohu City,Medium-small-cities,8,安徽省,9.5791,8.204128341,4461.481206,132,13196.87384,85,341.6449572,104,0.026190946,7758.020097,159,22947.89728,102,594.08262,125,0.060228573,14375.88389,415,42523.26014,267,1100.855973,326,0.816054746,7435.80201,159,21994.78973,102,569.408262,125,0.033613482,8675.102345,658,25660.58802,423,664.309639,517,0.438883913,18589.50502,850,54986.97432,546,1423.520655,668,0.149133746,0.05704552,0,0.6,0.741758852,0.246587398,0.01165375,0.539673211,0.416205539,0.04412125,1,1,0.02,0.68204675,0,0.29795325,1,0.74,0.26,0.92,0.08,0.96,0.04,0.15,0.85,1,1,0,0.01,0.99,0.35,0.65
Chaoyang City,Medium-small-cities,8,辽宁省,41.8232,36.42040835,3214.504383,132,14183.1843,85,602.3113151,104,0.196181216,5589.665955,159,24662.98159,102,1047.352454,125,0.366009732,10357.84746,415,45701.37164,267,1940.780904,326,3.029584551,5357.507305,159,23638.6405,102,1003.852192,125,0.216677761,6250.425189,658,27578.41392,423,1171.160891,517,1.59433839,13393.76826,850,59096.60126,546,2509.63048,668,0.145316255,0.106037425,3.694698139,0.6,0.728780568,0.259565682,0.01165375,0.517767656,0.438111094,0.04412125,1,1,0.02,0.68204675,0,0.29795325,1,0.74,0.26,0.92,0.08,0.96,0.04,0.15,0.85,1,1,0,0.01,0.99,0.35,0.65
Chaozhou City,Medium-small-cities,8,广东省,37.4376,33.23695937,3654.915638,132,13714.93501,85,630.1493499,104,0.082998742,6355.492193,159,23848.7481,102,1095.759703,125,0.282744743,11776.95039,415,44192.56837,267,2030.481239,326,2.970515297,6091.526063,159,22858.22502,102,1050.248917,125,0.179722957,7106.780407,658,26667.92919,423,1225.290403,517,0.684658886,15228.81516,850,57145.56255,546,2625.622291,668,0.132373049,0.108785623,0,0.6,0.754737136,0.233609114,0.01165375,0.561578766,0.394299984,0.04412125,1,1,0.02,0.68204675,0,0.29795325,1,0.74,0.26,0.92,0.08,0.96,0.04,0.15,0.85,1,0.9,0.1,0.01,0.99,0.35,0.65
Chenzhou City,Medium-small-cities,8,湖南省,50.137,44.80816174,2075.037519,132,15349.67484,85,575.2876438,104,0.243481757,3608.259685,159,26691.37902,102,1000.361292,125,0.356258343,6686.232005,415,49460.06337,267,1853.70463,326,3.420311428,3458.395865,159,25582.7914,102,958.8127397,125,0.285122343,4034.795175,658,29846.58996,423,1118.614863,517,1.023664394,8645.989661,850,63956.97849,546,2397.031849,668,0.12422938,0.111695904,0,0.6,0.741758852,0.246587398,0.01165375,0.539673211,0.416205539,0.04412125,1,1,0.02,0.68204675,0,0.29795325,1,0.74,0.26,0.92,0.08,0.96,0.04,0.15,0.85,1,1,0,0.01,0.99,0.35,0.65
Chengdu City,Extra-large-cities,8,四川省,463.04,414.8220402,4230.957854,132,12714.22068,85,1054.821465,104,0.85056248,7357.165602,159,22108.61707,102,1834.217326,125,2.994445992,13633.08642,415,40968.04442,267,3398.869166,326,30.94649243,7051.596424,159,21190.3678,102,1758.035775,125,2.427404338,8226.862494,658,24722.09577,423,2051.041738,517,10.99905454,17628.99106,850,52975.9195,546,4395.089438,668,0.117942415,0.098879524,11.4213618,0.6,0.685942969,0.230557031,0.0835,0.485419034,0.348080966,0.1665,1,1,0.02,0.013248421,0.885273042,0.081478537,1,0.74,0.26,0.92,0.08,0.96,0.04,0.15,0.85,1,1,0,0.01,0.99,0.35,0.65
Chengde City,Medium-small-cities,8,河北省,56.9565,49.32150133,3472.735202,132,13921.25212,85,606.0126783,104,0.076367343,6038.700657,159,24207.51063,102,1053.788713,125,0.234308893,11189.92454,415,44857.36794,267,1952.707519,326,4.670904395,5787.892004,159,23202.08687,102,1010.02113,125,0.153428934,6752.540671,658,27069.10134,423,1178.357986,517,2.499989109,14469.73001,850,58005.21716,546,2525.052826,668,0.151868853,0.119698627,0.11048812,0.6,0.754737136,0.233609114,0.01165375,0.561578766,0.394299984,0.04412125,1,1,0.02,0.68204675,0,0.29795325,1,0.74,0.26,0.92,0.08,0.96,0.04,0.15,0.85,1,1,0,0.01,0.99,0.35,0.65
Chizhou City,Medium-small-cities,8,安徽省,18.5196,15.8613205,2882.596246,132,14621.06268,85,496.3410754,104,0.050635848,5012.514583,159,25424.40344,102,863.0819811,125,0.116441949,9288.36568,415,47112.31308,267,1599.321243,326,1.577706409,4804.327076,159,24368.4378,102,827.2351257,125,0.064986088,5605.048255,658,28429.8441,423,965.1076466,517,0.848509203,12010.81769,850,60921.0945,546,2068.087814,668,0.117745886,0.098813318,0.133092789,0.6,0.728780568,0.259565682,0.01165375,0.517767656,0.438111094,0.04412125,1,1,0.02,0.68204675,0,0.29795325,1,0.74,0.26,0.92,0.08,0.96,0.04,0.15,0.85,1,1,0,0.01,0.99,0.35,0.65
Chifeng City,Largecities,8,内蒙古自治区,159.421,139.771913,4186.424135,132,13394.13474,85,419.441123,104,0.336190543,7279.726412,159,23290.91208,102,729.3615083,125,0.84464401,13489.58888,415,43158.87861,267,1351.532507,326,12.33624804,6977.373558,159,22323.5579,102,699.0685383,125,0.408429834,8140.269151,658,26044.15089,423,815.5799614,517,5.723574541,17443.43389,850,55808.89476,546,1747.671346,668,0.159960837,0.127071982,0.656872185,0.6,0.747580909,0.231394091,0.021025,0.561478211,0.371046789,0.067475,1,1,0.02,0.465223316,0.453325723,0.061450961,1,0.74,0.26,0.92,0.08,0.96,0.04,0.15,0.85,1,1,0,0.01,0.99,0.35,0.65
Chongzuo City,Medium-small-cities,8,广西壮族自治区,19.1722,16.63437501,3308.791801,132,14184.87932,85,506.3288782,104,0.047171468,5753.621299,159,24665.92904,102,880.4496604,125,0.112067973,10661.66247,415,45706.83337,267,1631.504163,326,1.638136441,5514.653002,159,23641.46553,102,843.8814636,125,0.141800292,6433.761836,658,27581.70979,423,984.5283743,517,0.598648815,13786.63251,850,59103.66384,546,2109.703659,668,0.146028408,0.124394354,0,0.6,0.741758852,0.246587398,0.01165375,0.539673211,0.416205539,0.04412125,1,1,0.02,0.68204675,0,0.29795325,1,0.74,0.26,0.92,0.08,0.96,0.04,0.15,0.85,1,1,0,0.01,0.99,0.35,0.65
Chuzhou City,Medium-small-cities,8,安徽省,47.5566,40.73038698,3203.994139,132,14255.82026,85,540.1855972,104,0.130028119,5571.389808,159,24789.28746,102,939.3227329,125,0.29901203,10323.98111,415,45935.42085,267,1740.598035,326,4.05140244,5339.990232,159,23759.70044,102,900.3093287,125,0.166878193,6229.988604,658,27719.65051,423,1050.360883,517,2.178892242,13349.97558,850,59399.2511,546,2250.773322,668,0.119097981,0.094175656,0,0.6,0.741758852,0.246587398,0.01165375,0.539673211,0.416205539,0.04412125,1,1,0.02,0.68204675,0,0.29795325,1,0.74,0.26,0.92,0.08,0.96,0.04,0.15,0.85,1,1,0,0.01,0.99,0.35,0.65
Chuxiong Yi Autonomous Prefecture,Medium-small-cities,8,云南省,30.49,25.9203785,1216.107781,132,16437.06969,85,346.8225271,104,0.08540963,2114.676309,159,28582.23785,102,603.0858388,125,0.130383783,3918.569518,415,52963.89123,267,1117.539254,326,3.484052723,2026.846302,159,27395.11615,102,578.0375452,125,0.20547824,2364.65402,658,31960.96884,423,674.3771361,517,0.66429712,5067.115756,850,68487.79038,546,1445.093863,668,0.130246109,0.124285295,0,0.6,0.741758852,0.246587398,0.01165375,0.539673211,0.416205539,0.04412125,1,1,0.02,0.68204675,0,0.29795325,1,0.74,0.26,0.92,0.08,0.96,0.04,0.15,0.85,1,1,0,0.01,0.99,0.35,0.65
Dazhou City,Medium-small-cities,8,四川省,64.69,57.95360613,1819.812539,132,15603.28706,85,576.9004059,104,0.118829662,3164.451803,159,27132.38249,102,1003.165706,125,0.418345523,5863.840403,415,50277.25829,267,1858.901308,326,4.323446344,3033.020898,159,26005.47843,102,961.5006766,125,0.339125749,3538.524381,658,30339.72483,423,1121.750789,517,1.536646592,7582.552245,850,65013.69606,546,2403.751691,668,0.124684915,0.123793821,0.250022996,0.6,0.728780568,0.259565682,0.01165375,0.517767656,0.438111094,0.04412125,1,1,0.02,0.68204675,0,0.29795325,1,0.74,0.26,0.92,0.08,0.96,0.04,0.15,0.85,1,1,0,0.01,0.99,0.35,0.65
Dali Bai Autonomous Prefecture,Medium-small-cities,8,云南省,49.98,42.48935775,2012.317698,132,15555.77454,85,431.9077651,104,0.140005684,3499.196886,159,27049.7635,102,751.0396137,125,0.213728483,6484.134805,415,50124.1624,267,1391.702799,326,5.711149724,3353.86283,159,25926.29089,102,719.8462751,125,0.336825268,3912.839968,658,30247.33938,423,839.8206543,517,1.088933095,8384.657075,850,64815.72724,546,1799.615688,668,0.173878583,0.122606858,0.737061506,0.6,0.741758852,0.246587398,0.01165375,0.539673211,0.416205539,0.04412125,1,1,0.02,0.68204675,0,0.29795325,1,0.74,0.26,0.92,0.08,0.96,0.04,0.15,0.85,1,1,0,0.01,0.99,0.35,0.65
Dalian City,Largecities,8,辽宁省,169.4615,147.5701771,7802.839461,132,9501.274117,85,695.8864216,104,0.794897644,13568.27084,159,16521.65999,102,1210.069166,125,1.483017993,25142.48271,415,30615.2166,267,2242.300692,326,12.27543427,13004.73244,159,15835.45686,102,1159.810703,125,0.877946652,15172.18784,658,18474.69967,423,1353.112486,517,6.460026377,32511.83109,850,39588.64216,546,2899.526756,668,0.101010951,0.091779306,4.528452655,0.6,0.734725682,0.244249318,0.021025,0.5408645,0.3916605,0.067475,1,1,0.02,0.465223316,0.453325723,0.061450961,1,0.74,0.26,0.92,0.08,0.96,0.04,0.15,0.85,1,0.9,0.1,0.01,0.99,0.35,0.65
Daqing City,Medium-small-cities,8,黑龙江省,97.5303,83.16189506,4294.283716,132,12990.46559,85,715.250692,104,0.399122359,7467.28224,159,22588.97628,102,1243.741481,125,0.969297159,13837.13642,415,41858.16691,267,2304.696674,326,8.299844495,7157.139527,159,21650.77599,102,1192.084487,125,0.796344136,8349.996115,658,25259.23865,423,1390.765234,517,3.903796792,17892.84882,850,54126.93997,546,2980.211217,668,0.129708422,0.121653606,0.202551236,0.6,0.741758852,0.246587398,0.01165375,0.539673211,0.416205539,0.04412125,1,1,0.02,0.68204675,0,0.29795325,1,0.74,0.26,0.92,0.08,0.96,0.04,0.15,0.85,1,1,0,0.01,0.99,0.35,0.65
Datong City,Medium-small-cities,8,山西省,78.5117,69.49934147,5284.235294,132,11922.35294,85,793.4117647,104,0.135357348,9188.698039,159,20731.64706,102,1379.654902,125,0.400524613,17026.98039,415,38416.47059,267,2556.54902,326,4.91391554,8807.058824,159,19870.58824,102,1322.352941,125,0.140904781,10274.90196,658,23182.35294,423,1542.745098,517,3.421656249,22017.64706,850,49676.47059,546,3305.882353,668,0.168600355,0.127793354,1.025554501,0.6,0.754737136,0.233609114,0.01165375,0.561578766,0.394299984,0.04412125,1,1,0.02,0.68204675,0,0.29795325,1,0.74,0.26,0.92,0.08,0.96,0.04,0.15,0.85,1,1,0,0.01,0.99,0.35,0.65
Dandong City,Medium-small-cities,8,辽宁省,34.6818,30.20154647,3373.178142,132,14105.71202,85,521.1098369,104,0.162682858,5865.581992,159,24528.2659,102,906.1521053,125,0.303512794,10869.12957,415,45451.73873,267,1679.131697,326,2.512276571,5621.96357,159,23509.52003,102,868.5163949,125,0.179679574,6558.957499,658,27427.77337,423,1013.269127,517,1.322101733,14054.90893,850,58773.80009,546,2171.290987,668,0.113484936,0.093812531,0.063271698,0.6,0.728780568,0.259565682,0.01165375,0.517767656,0.438111094,0.04412125,1,1,0.02,0.68204675,0,0.29795325,1,0.74,0.26,0.92,0.08,0.96,0.04,0.15,0.85,1,0.9,0.1,0.01,0.99,0.35,0.65
Deyang City,Medium-small-cities,8,四川省,67.79,60.73079239,2758.920456,132,14590.52863,85,650.550911,104,0.124524081,4797.456127,159,25371.30812,102,1131.235751,125,0.438392998,8889.854803,415,47013.92559,267,2096.219602,326,4.530629582,4598.20076,159,24317.54772,102,1084.251518,125,0.355376944,5364.567554,658,28370.47234,423,1264.960105,517,1.610284008,11495.5019,850,60793.8693,546,2710.628796,668,0.078670632,0.113597585,0,0.6,0.728780568,0.259565682,0.01165375,0.517767656,0.438111094,0.04412125,1,1,0.02,0.68204675,0,0.29795325,1,0.74,0.26,0.92,0.08,0.96,0.04,0.15,0.85,1,1,0,0.01,0.99,0.35,0.65
Dezhou City,Largecities,8,山东省,108.1157,95.07840869,2694.51356,132,14729.2358,85,576.2506377,104,0.186519455,4685.45969,159,25612.50448,102,1002.035831,125,0.615839798,8682.321471,415,47460.87092,267,1856.80761,326,7.923123201,4490.855933,159,24548.72634,102,960.4177294,125,0.371643503,5239.331922,658,28640.18073,423,1120.487351,517,3.940165354,11227.13983,850,61371.81584,546,2401.044324,668,0.131703345,0.122800891,0,0.6,0.747580909,0.231394091,0.021025,0.561478211,0.371046789,0.067475,1,1,0.02,0.465223316,0.453325723,0.061450961,1,0.74,0.26,0.92,0.08,0.96,0.04,0.15,0.85,1,1,0,0.01,0.99,0.35,0.65
Diqing Tibetan Autonomous Prefecture,Medium-small-cities,8,云南省,7.96,6.767012558,2635.615028,132,15294.90479,85,69.48018528,104,0.022297824,4583.041688,159,26596.13999,102,120.8183222,125,0.03403919,8492.537313,415,49283.58209,267,223.880597,326,0.909578868,4392.691714,159,25491.50798,102,115.8003088,125,0.05364404,5124.806999,658,29740.09264,423,135.1003603,517,0.17342752,10981.72928,850,63728.76994,546,289.500772,668,0.13920081,0.129295684,0.33516105,0.6,0.728780568,0.259565682,0.01165375,0.517767656,0.438111094,0.04412125,1,1,0.02,0.68204675,0,0.29795325,1,0.74,0.26,0.92,0.08,0.96,0.04,0.15,0.85,1,1,0,0.01,0.99,0.35,0.65
Dingxi City,Medium-small-cities,8,甘肃省,30.58,24.96066725,2586.902241,132,14941.9649,85,471.1328548,104,0.096823219,4498.335564,159,25982.41675,102,819.2476864,125,0.214266198,8335.573888,415,48146.33136,267,1518.094754,326,4.10960774,4311.503735,159,24903.27484,102,785.2214247,125,0.232196423,5030.087691,658,29053.82065,423,916.0916621,517,0.966439167,10778.75934,850,62258.1871,546,1963.053562,668,0.140019892,0.140816181,0,0.6,0.741758852,0.246587398,0.01165375,0.539673211,0.416205539,0.04412125,1,1,0.02,0.68204675,0,0.29795325,1,0.74,0.26,0.92,0.08,0.96,0.04,0.15,0.85,1,1,0,0.01,0.99,0.35,0.65
Dongguan City,Medium-small-cities,8,广东省,322.8715,286.6440939,14943.90465,132,1673.117759,85,1382.977596,104,0.71580252,25985.78974,159,2909.36588,102,2404.844375,125,2.438463448,48152.58164,415,5391.157222,267,4456.261142,326,25.61848863,24906.50774,159,2788.529598,102,2304.96266,125,1.549977052,29057.59237,658,3253.284531,423,2689.123103,517,5.904674482,62266.26936,850,6971.323994,546,5762.40665,668,0.135359955,0.10806317,0,0.6,0.715802284,0.272543966,0.01165375,0.495862102,0.460016648,0.04412125,1,1,0.02,0.68204675,0,0.29795325,1,0.74,0.26,0.92,0.08,0.96,0.04,0.15,0.85,1,0.9,0.1,0.01,0.99,0.35,0.65
Dongying City,Largecities,8,山东省,73.1925,64.36647432,5867.834274,132,11583.63253,85,548.5331933,104,0.126270516,10203.51182,159,20142.6499,102,953.8382751,125,0.416913126,18907.46599,415,37325.03816,267,1767.495845,326,5.363820379,9779.72379,159,19306.05422,102,914.2219889,125,0.251596365,11409.67775,658,22523.72992,423,1066.59232,517,2.667425292,24449.30947,850,48265.13555,546,2285.554972,668,0.11602684,0.08805779,1.17219105,0.6,0.747580909,0.231394091,0.021025,0.561478211,0.371046789,0.067475,1,1,0.02,0.465223316,0.453325723,0.061450961,1,0.74,0.26,0.92,0.08,0.96,0.04,0.15,0.85,1,0.9,0.1,0.01,0.99,0.35,0.65
Ordos City,Largecities,8,内蒙古自治区,70.5,61.81067657,2734.371634,132,14781.61847,85,484.0099006,104,0.148671965,4754.768452,159,25703.59211,102,841.6394383,125,0.373522953,8810.753042,415,47629.6595,267,1559.587457,326,5.455401025,4557.286056,159,24636.03078,102,806.6831677,125,0.180618007,5316.833732,658,28742.03591,423,941.1303623,517,2.531109484,11393.21514,850,61590.07694,546,2016.707919,668,0.157177857,0.108999358,1.102146303,0.6,0.747580909,0.231394091,0.021025,0.561478211,0.371046789,0.067475,1,1,0.02,0.465223316,0.453325723,0.061450961,1,0.74,0.26,0.92,0.08,0.96,0.04,0.15,0.85,1,1,0,0.01,0.99,0.35,0.65
Ezhou City,Medium-small-cities,8,湖北省,7.7847,6.853170225,2985.665253,132,14577.35368,85,436.9810699,104,0.025196148,5191.740135,159,25348.39834,102,759.8615272,125,0.056031866,9620.476927,415,46971.47296,267,1408.050114,326,0.58005716,4976.108756,159,24295.58946,102,728.3017832,125,0.052848237,5805.460215,658,28344.85437,423,849.6854137,517,0.217396364,12440.27189,850,60738.97365,546,1820.754458,668,0.129927375,0.094294337,0,0.6,0.728780568,0.259565682,0.01165375,0.517767656,0.438111094,0.04412125,1,1,0.02,0.68204675,0,0.29795325,1,0.74,0.26,0.92,0.08,0.96,0.04,0.15,0.85,1,1,0,0.01,0.99,0.35,0.65
Enshi Tujia and Miao Autonomous Prefecture,Medium-small-cities,8,湖北省,48.4,42.60837783,2065.396485,132,15934.60352,85,0,104,0.156652606,3591.494998,159,27708.505,102,0,125,0.348368251,6655.16645,415,51344.83355,267,0,326,3.606403141,3442.327474,159,26557.67253,102,0,125,0.3285746,4016.04872,658,30983.95128,423,0,517,1.35162357,8605.818686,850,66394.18131,546,0,668,0.129558025,0.099943714,0.372096639,0.6,0.715802284,0.272543966,0.01165375,0.495862102,0.460016648,0.04412125,1,1,0.02,0.68204675,0,0.29795325,1,0.74,0.26,0.92,0.08,0.96,0.04,0.15,0.85,1,1,0,0.01,0.99,0.35,0.65
Fangchenggang City,Medium-small-cities,8,广西壮族自治区,15.5007,13.44887163,3343.471299,132,13881.08086,85,775.4478382,104,0.038138074,5813.925092,159,24137.65728,102,1348.41763,125,0.090606818,10773.40752,415,44727.92723,267,2498.665256,326,1.324431287,5572.452165,159,23135.13477,102,1292.413064,125,0.114645361,6501.194192,658,26990.99057,423,1507.815241,517,0.484006827,13931.13041,850,57837.83693,546,3231.032659,668,0.146991208,0.111675439,0,0.6,0.702824,0.28552225,0.01165375,0.473956547,0.481922203,0.04412125,1,1,0.02,0.68204675,0,0.29795325,1,0.74,0.26,0.92,0.08,0.96,0.04,0.15,0.85,1,0.9,0.1,0.01,0.99,0.35,0.65
Foshan City,Extra-large-cities,8,广东省,272.9071,242.2858889,9689.575916,132,6462.946254,85,1847.47783,104,0.605032001,16849.0959,159,11238.34543,102,3212.558671,125,2.061110962,31221.96684,415,20825.04904,267,5952.98412,326,21.6540247,16149.29319,159,10771.57709,102,3079.129717,125,1.310117933,18840.84206,658,12566.83994,423,3592.318003,517,4.990925459,40373.23298,850,26928.94273,546,7697.824293,668,0.125828314,0.098015791,0.192156141,0.6,0.685942969,0.230557031,0.0835,0.485419034,0.348080966,0.1665,1,1,0.02,0.013248421,0.885273042,0.081478537,1,0.74,0.26,0.92,0.08,0.96,0.04,0.15,0.85,1,1,0,0.01,0.99,0.35,0.65
Fuzhou City (Fujian),Extra-large-cities,8,福建省,145.93,127.6066513,3323.763961,132,13637.94866,85,1038.28738,104,0.475903168,5779.656222,159,23714.87739,102,1805.466389,125,0.766613248,10709.9061,415,43944.50123,267,3345.592669,326,13.61169197,5539.606602,159,22729.91443,102,1730.478967,125,0.432835008,6462.874369,658,26518.2335,423,2018.892128,517,3.036305281,13849.01651,850,56824.78608,546,4326.197417,668,0.094380486,0.082726682,2.936156549,0.6,0.696921875,0.219578125,0.0835,0.501994318,0.331505682,0.1665,1,1,0.02,0.013248421,0.885273042,0.081478537,1,0.74,0.26,0.92,0.08,0.96,0.04,0.15,0.85,1,0.9,0.1,0.01,0.99,0.35,0.65
Fushun City,Medium-small-cities,8,辽宁省,28.5754,24.88398154,3259.609913,132,14149.61067,85,590.7794131,104,0.134039402,5668.099459,159,24604.60078,102,1027.299757,125,0.250073511,10503.1875,415,45593.18995,267,1903.622553,326,2.069941812,5432.683188,159,23582.68446,102,984.6323551,125,0.148043519,6338.130386,658,27513.13187,423,1148.737748,517,1.089320216,13581.70797,850,58956.71114,546,2461.580888,668,0.115833047,0.120389502,0,0.6,0.741758852,0.246587398,0.01165375,0.539673211,0.416205539,0.04412125,1,1,0.02,0.68204675,0,0.29795325,1,0.74,0.26,0.92,0.08,0.96,0.04,0.15,0.85,1,1,0,0.01,0.99,0.35,0.65
Fuzhou City (Jiangxi),Medium-small-cities,8,江西省,37.6025,32.33078066,2592.127129,132,14702.11882,85,705.7540507,104,0.088029665,4507.421064,159,25565.35106,102,1227.227877,125,0.190521345,8352.409639,415,47373.49398,267,2274.096386,326,3.050227877,4320.211882,159,24503.53137,102,1176.256751,125,0.240195228,5040.247196,658,28587.45326,423,1372.299543,517,1.702745226,10800.52971,850,61258.82842,546,2940.641878,668,0.124966473,0.106277151,0,0.6,0.702824,0.28552225,0.01165375,0.473956547,0.481922203,0.04412125,1,1,0.02,0.68204675,0,0.29795325,1,0.74,0.26,0.92,0.08,0.96,0.04,0.15,0.85,1,1,0,0.01,0.99,0.35,0.65
Fuxin City,Medium-small-cities,8,辽宁省,28.8588,25.13077145,3020.240827,132,14510.06145,85,469.69772,104,0.135368754,5251.863216,159,25231.38464,102,816.7521464,125,0.252553646,9731.88711,415,46754.64246,267,1513.470431,326,2.090470711,5033.734712,159,24183.43575,102,782.8295333,125,0.149511758,5872.690497,658,28214.00838,423,913.3011222,517,1.100123681,12584.33678,850,60458.58939,546,1957.073833,668,0.123735473,0.12582936,0,0.6,0.754737136,0.233609114,0.01165375,0.561578766,0.394299984,0.04412125,1,1,0.02,0.68204675,0,0.29795325,1,0.74,0.26,0.92,0.08,0.96,0.04,0.15,0.85,1,1,0,0.01,0.99,0.35,0.65
Fuyang City,Medium-small-cities,8,安徽省,92.9875,79.64019419,2729.903537,132,15023.15113,85,246.9453376,104,0.2542442,4746.998928,159,26123.59057,102,429.4105038,125,0.584658726,8796.355841,415,48407.9314,267,795.7127546,326,7.921714007,4549.839228,159,25038.58521,102,411.5755627,125,0.326297212,5308.145766,658,29211.68274,423,480.1714898,517,4.260391668,11374.59807,850,62596.46302,546,1028.938907,668,0.118441094,0.099020074,0.495051121,0.6,0.741758852,0.246587398,0.01165375,0.539673211,0.416205539,0.04412125,1,1,0.02,0.68204675,0,0.29795325,1,0.74,0.26,0.92,0.08,0.96,0.04,0.15,0.85,1,1,0,0.01,0.99,0.35,0.65
Ganzhou City,Largecities,8,江西省,105.325,90.5588584,2365.408205,132,15023.30653,85,611.2852665,104,0.246572021,4113.182045,159,26123.8608,102,1062.957158,125,0.533652303,7621.870883,415,48408.43215,267,1969.69697,326,8.543720528,3942.347008,159,25038.84421,102,1018.808777,125,0.672789372,4599.404843,658,29211.98492,423,1188.61024,517,4.769407378,9855.867521,850,62597.11054,546,2547.021944,668,0.114487772,0.098035842,0.543893484,0.6,0.69616,0.282815,0.021025,0.479023368,0.453501632,0.067475,1,1,0.02,0.465223316,0.453325723,0.061450961,1,0.74,0.26,0.92,0.08,0.96,0.04,0.15,0.85,1,1,0,0.01,0.99,0.35,0.65
Guyuan City,Medium-small-cities,8,宁夏回族自治区,17.92,13.95251452,4664.43934,132,12835.66507,85,499.8955941,104,0.0423046,8110.941741,159,22319.79536,102,869.2628941,125,0.11319339,15029.8601,415,41359.36521,267,1610.774692,326,2.818401072,7774.065567,159,21392.77511,102,833.1593234,125,0.093756141,9069.743161,658,24958.23763,423,972.0192107,517,0.899830281,19435.16392,850,53481.93777,546,2082.898309,668,0.163563316,0.132081408,0.736285963,0.6,0.754737136,0.233609114,0.01165375,0.561578766,0.394299984,0.04412125,1,1,0.02,0.68204675,0,0.29795325,1,0.74,0.26,0.92,0.08,0.96,0.04,0.15,0.85,1,1,0,0.01,0.99,0.35,0.65
Guang'an City,Medium-small-cities,8,四川省,39.23,35.14484416,1339.144511,132,16194.1468,85,466.7086867,104,0.072061952,2328.62351,159,28159.82194,102,811.5545496,125,0.253697556,4315.021201,415,52181.1397,267,1503.839102,326,2.62187046,2231.907518,159,26990.24467,102,777.8478111,125,0.205656255,2603.892104,658,31488.61878,423,907.489113,517,0.931869621,5579.768794,850,67475.61168,546,1944.619528,668,0.121108269,0.11198062,0,0.6,0.728780568,0.259565682,0.01165375,0.517767656,0.438111094,0.04412125,1,1,0.02,0.68204675,0,0.29795325,1,0.74,0.26,0.92,0.08,0.96,0.04,0.15,0.85,1,1,0,0.01,0.99,0.35,0.65
Guangyuan City,Medium-small-cities,8,四川省,44.13,39.53459018,1991.652725,132,15555.32212,85,453.0251595,104,0.081062807,3463.262795,159,27048.97679,102,787.7604163,125,0.285385499,6417.54767,415,50122.70459,267,1459.747736,326,2.949353643,3319.421209,159,25925.53686,102,755.0419326,125,0.231343628,3872.658077,658,30246.45967,423,880.8822547,517,1.048264247,8298.553022,850,64813.84215,546,1887.604831,668,0.135184996,0.119999245,2.314801366,0.6,0.728780568,0.259565682,0.01165375,0.517767656,0.438111094,0.04412125,1,1,0.02,0.68204675,0,0.29795325,1,0.74,0.26,0.92,0.08,0.96,0.04,0.15,0.85,1,1,0,0.01,0.99,0.35,0.65
Guangzhou City,Megacities,8,广东省,277.3517,246.231788,6796.081923,132,9140.249332,85,2063.668744,104,0.61488563,11817.63134,159,15893.87801,102,3588.49065,125,2.094678479,21898.4862,415,29451.91451,267,6649.599288,326,22.00668493,11326.80321,159,15233.74889,102,3439.447907,125,1.331454682,13214.60374,658,17772.70703,423,4012.689225,517,5.072208311,28317.00801,850,38084.37222,546,8598.619768,668,0.119887099,0.087802881,15.41448963,0.6,0.483,0.187,0.33,0.383,0.187,0.43,1,1,0.02,0.112,0.476341463,0.391658537,1,0.74,0.26,0.92,0.08,0.96,0.04,0.15,0.85,1,0.9,0.1,0.01,0.99,0.35,0.65
Guigang City,Medium-small-cities,8,广西壮族自治区,42.7409,37.08328512,3267.132813,132,14009.19702,85,723.6701636,104,0.105160128,5681.180948,159,24360.43705,102,1258.382007,125,0.249834971,10527.42795,415,45140.74596,267,2331.826083,326,3.651924443,5445.221356,159,23348.6617,102,1206.116939,125,0.316117718,6352.758248,658,27240.10532,423,1407.136429,517,1.334577624,13613.05339,850,58371.65426,546,3015.292348,668,0.135554259,0.129560442,0,0.6,0.715802284,0.272543966,0.01165375,0.495862102,0.460016648,0.04412125,1,1,0.02,0.68204675,0,0.29795325,1,0.74,0.26,0.92,0.08,0.96,0.04,0.15,0.85,1,1,0,0.01,0.99,0.35,0.65
Guiyang City,Largecities,8,贵州省,134.1511,116.1506494,5579.193658,132,11674.79948,85,746.0068641,104,0.478694972,9701.59786,159,20301.17909,102,1297.223047,125,0.787693843,17977.40179,415,37618.79832,267,2403.799895,326,13.64660588,9298.656096,159,19457.99913,102,1243.344774,125,0.742103846,10848.43211,658,22700.99899,423,1450.568902,517,2.345352086,23246.64024,850,48644.99783,546,3108.361934,668,0.133194821,0.115487702,5.990839617,0.6,0.721870455,0.257104545,0.021025,0.520250789,0.412274211,0.067475,1,1,0.02,0.465223316,0.453325723,0.061450961,1,0.74,0.26,0.92,0.08,0.96,0.04,0.15,0.85,1,1,0,0.01,0.99,0.35,0.65
Guilin City,Medium-small-cities,8,广西壮族自治区,70.3696,61.05477284,3203.703704,132,13944.44444,85,851.8518519,104,0.173138051,5570.884774,159,24247.83951,102,1481.27572,125,0.411334037,10323.04527,415,44932.09877,267,2744.855967,326,6.012612329,5339.506173,159,23240.74074,102,1419.753086,125,0.520463476,6229.423868,658,27114.19753,423,1656.378601,517,2.19727927,13348.76543,850,58101.85185,546,3549.382716,668,0.135539835,0.116470597,2.134727914,0.6,0.702824,0.28552225,0.01165375,0.473956547,0.481922203,0.04412125,1,1,0.02,0.68204675,0,0.29795325,1,0.74,0.26,0.92,0.08,0.96,0.04,0.15,0.85,1,1,0,0.01,0.99,0.35,0.65
Harbin City,Largecities,8,黑龙江省,195.2374,166.4745435,4371.074236,132,13016.03493,85,612.8908297,104,0.798968236,7600.812421,159,22633.43852,102,1065.749054,125,1.94035143,14084.57254,415,41940.55701,267,1974.870451,326,16.6147347,7285.123726,159,21693.39156,102,1021.484716,125,1.594131861,8499.311014,658,25308.95682,423,1191.732169,517,7.81467027,18212.80932,850,54233.47889,546,2553.71179,668,0.119571092,0.103138233,5.35E+00,0.6,0.721870455,0.257104545,0.021025,0.520250789,0.412274211,0.067475,1,1,0.02,0.465223316,0.453325723,0.061450961,1,0.74,0.26,0.92,0.08,0.96,0.04,0.15,0.85,1,1,0,0.01,0.99,0.35,0.65
Hami City,Medium-small-cities,8,新疆维吾尔族自治区,19.69,16.31063127,2619.429173,132,14791.83885,85,588.7319723,104,0.101039712,4554.896285,159,25721.36423,102,1023.739485,125,0.136995285,8440.382891,415,47662.59186,267,1897.025244,326,2.217867181,4365.715289,159,24653.06476,102,981.2199539,125,0.131078545,5093.334503,658,28761.90888,423,1144.756613,517,0.792388008,10914.28822,850,61632.66189,546,2453.049885,668,0.143233907,0.135398345,0.174330645,0.6,0.754737136,0.233609114,0.01165375,0.561578766,0.394299984,0.04412125,1,1,0.02,0.68204675,0,0.29795325,1,0.74,0.26,0.92,0.08,0.96,0.04,0.15,0.85,1,1,0,0.01,0.99,0.35,0.65
Haidong City,Medium-small-cities,8,青海省,21.2874,17.60100597,2650.554155,132,14875.06627,85,474.3795747,104,0.104094866,4609.019169,159,25866.08746,102,824.8933715,125,0.166910733,8540.674499,415,47930.76909,267,1528.556407,326,2.661598027,4417.590258,159,24791.77712,102,790.6326244,125,0.13281069,5153.855301,658,28923.73997,423,922.4047285,517,0.620979715,11043.97565,850,61979.44279,546,1976.581561,668,0.117413031,0.099979116,0,0.6,0.741758852,0.246587398,0.01165375,0.539673211,0.416205539,0.04412125,1,1,0.02,0.68204675,0,0.29795325,1,0.74,0.26,0.92,0.08,0.96,0.04,0.15,0.85,1,1,0,0.01,0.99,0.35,0.65
Haikou City,Medium-small-cities,8,海南省,82.071,70.53465009,6697.587168,132,10178.61088,85,1123.801957,104,0.342663859,11646.35991,159,17699.47336,102,1954.166736,125,1.00394499,21581.11421,415,32797.74615,267,3621.139638,326,8.410293657,11162.64528,159,16964.35146,102,1873.003261,125,0.679316071,13023.08616,658,19791.74337,423,2185.170472,517,1.100131336,27906.6132,850,42410.87865,546,4682.508153,668,0.128168468,0.097268201,5.035053769,0.6,0.741758852,0.246587398,0.01165375,0.539673211,0.416205539,0.04412125,1,1,0.02,0.68204675,0,0.29795325,1,0.74,0.26,0.92,0.08,0.96,0.04,0.15,0.85,1,0.9,0.1,0.01,0.99,0.35,0.65
Handan City,Largecities,8,河北省,153.9156,133.2832683,4985.983567,132,12498.79169,85,515.2247463,104,0.20637022,8670.071425,159,21734.00999,102,895.9185865,125,0.633181356,16065.94705,415,40273.88432,267,1660.168627,326,12.62235307,8309.972612,159,20831.31948,102,858.7079104,125,0.414616532,9694.968047,658,24303.20606,423,1001.825895,517,6.755810552,20774.93153,850,52078.2987,546,2146.769776,668,0.146736069,0.114023587,1.973697973,0.6,0.747580909,0.231394091,0.021025,0.561478211,0.371046789,0.067475,1,1,0.02,0.465223316,0.453325723,0.061450961,1,0.74,0.26,0.92,0.08,0.96,0.04,0.15,0.85,1,1,0,0.01,0.99,0.35,0.65
Hanzhong City,Medium-small-cities,8,陕西省,33.1003,29.68199661,1791.909726,132,15718.37047,85,489.7198049,104,0.084804296,3115.931912,159,27332.49976,102,851.5683274,125,0.210531595,5773.931338,415,50648.08262,267,1577.986038,326,2.175328799,2986.516209,159,26197.28412,102,816.1996749,125,0.081352958,3484.268911,658,30563.49814,423,952.232954,517,0.866285743,7466.290523,850,65493.21029,546,2040.499187,668,0.147141915,0.122860844,0.58693248,0.6,0.715802284,0.272543966,0.01165375,0.495862102,0.460016648,0.04412125,1,1,0.02,0.68204675,0,0.29795325,1,0.74,0.26,0.92,0.08,0.96,0.04,0.15,0.85,1,1,0,0.01,0.99,0.35,0.65
Hangzhou City,Extra-large-cities,8,浙江省,274.584,248.3524372,5552.618369,132,11389.2109,85,1058.170735,104,0.530667601,9655.386386,159,19804.57228,102,1840.041333,125,1.243752189,17891.7703,415,36698.56844,267,3409.661257,326,19.5235927,9254.363949,159,18982.01816,102,1763.617891,125,0.648409475,10796.75794,658,22145.68785,423,2057.554207,517,4.285140876,23135.90987,850,47455.0454,546,4409.044728,668,0.130091154,0.074294652,9.656692603,0.6,0.685942969,0.230557031,0.0835,0.485419034,0.348080966,0.1665,1,1,0.02,0.013248421,0.885273042,0.081478537,1,0.74,0.26,0.92,0.08,0.96,0.04,0.15,0.85,1,1,0,0.01,0.99,0.35,0.65
Hefei City,Extra-large-cities,8,安徽省,216.4758,185.4031429,3778.326417,132,13766.87503,85,454.7985502,104,0.591882957,6570.089825,159,23939.06603,102,790.8441456,125,1.361091173,12174.60734,415,44359.93066,267,1465.461995,326,18.44182688,6297.210695,159,22944.79172,102,757.9975837,125,0.759623067,7346.745811,658,26768.92367,423,884.3305143,517,9.918233038,15743.02674,850,57361.9793,546,1894.993959,668,0.133194044,0.080106763,3.108897848,0.6,0.707900781,0.208599219,0.0835,0.518569602,0.314930398,0.1665,1,1,0.02,0.013248421,0.885273042,0.081478537,1,0.74,0.26,0.92,0.08,0.96,0.04,0.15,0.85,1,1,0,0.01,0.99,0.35,0.65
Hechi City,Medium-small-cities,8,广西壮族自治区,32.5873,28.27371761,3381.579088,132,14059.22775,85,559.1931642,104,0.080178111,5880.190303,159,24447.43492,102,972.37478,125,0.190483755,10896.19928,415,45301.95608,267,1801.84464,326,2.784367138,5635.965146,159,23432.04625,102,931.9886071,125,0.241020262,6575.292671,658,27337.38729,423,1087.320042,517,1.017533122,14089.91287,850,58580.11562,546,2329.971518,668,0.158057719,0.129037477,0.025390764,0.6,0.715802284,0.272543966,0.01165375,0.495862102,0.460016648,0.04412125,1,1,0.02,0.68204675,0,0.29795325,1,0.74,0.26,0.92,0.08,0.96,0.04,0.15,0.85,1,1,0,0.01,0.99,0.35,0.65
Heyuan City,Medium-small-cities,8,广东省,41.7966,37.10686305,3120.795984,132,14163.40119,85,715.8028261,104,0.092662597,5426.717461,159,24628.58096,102,1244.701581,125,0.315665772,10055.89817,415,45637.62606,267,2306.475773,326,3.31638352,5201.32664,159,23605.66865,102,1193.00471,125,0.200648775,6068.214413,658,27539.94676,423,1391.838829,517,0.764376284,13003.3166,850,59014.17163,546,2982.511775,668,0.101161044,0.116230273,0,0.6,0.702824,0.28552225,0.01165375,0.473956547,0.481922203,0.04412125,1,1,0.02,0.68204675,0,0.29795325,1,0.74,0.26,0.92,0.08,0.96,0.04,0.15,0.85,1,1,0,0.01,0.99,0.35,0.65
Heze City,Largecities,8,山东省,118.3422,104.0717311,2678.835737,132,14823.70994,85,497.4543267,104,0.204162048,4658.197698,159,25776.7845,102,865.0178015,125,0.67409115,8631.804042,415,47765.28757,267,1602.908386,326,8.672559402,4464.726228,159,24706.18323,102,829.0905445,125,0.406796698,5208.847267,658,28823.88043,423,967.2723019,517,4.312859616,11161.81557,850,61765.45807,546,2072.726361,668,0.125530527,0.113434901,0,0.6,0.734725682,0.244249318,0.021025,0.5408645,0.3916605,0.067475,1,1,0.02,0.465223316,0.453325723,0.061450961,1,0.74,0.26,0.92,0.08,0.96,0.04,0.15,0.85,1,1,0,0.01,0.99,0.35,0.65
Hezhou City,Medium-small-cities,8,广西壮族自治区,22.6107,19.61772061,3290.564464,132,14119.55149,85,589.8840431,104,0.055631587,5721.925985,159,24552.33121,102,1025.742808,125,0.132167165,10602.92994,415,45496.33259,267,1900.737472,326,1.931933301,5484.274107,159,23532.58582,102,983.1400719,125,0.167231923,6398.319792,658,27454.68346,423,1146.99675,517,0.706015416,13710.68527,850,58831.46455,546,2457.85018,668,0.142721449,0.127380495,0,0.6,0.702824,0.28552225,0.01165375,0.473956547,0.481922203,0.04412125,1,1,0.02,0.68204675,0,0.29795325,1,0.74,0.26,0.92,0.08,0.96,0.04,0.15,0.85,1,1,0,0.01,0.99,0.35,0.65
Hebi City,Medium-small-cities,8,河南省,27.758,24.50000173,3134.8756,132,14562.6364,85,302.4879965,104,0.063112693,5451.200349,159,25322.80663,102,525.9930162,125,0.136945899,10101.26582,415,46924.05063,267,974.6835443,326,1.990729968,5224.792667,159,24271.06067,102,504.1466608,125,0.068472949,6095.591445,658,28316.23745,423,588.1711043,517,0.998736758,13061.98167,850,60677.65168,546,1260.366652,668,0.15204951,0.112236548,0,0.6,0.754737136,0.233609114,0.01165375,0.561578766,0.394299984,0.04412125,1,1,0.02,0.68204675,0,0.29795325,1,0.74,0.26,0.92,0.08,0.96,0.04,0.15,0.85,1,1,0,0.01,0.99,0.35,0.65
Hegang City,Medium-small-cities,8,黑龙江省,10,8.526775275,3452.564371,132,14029.01772,85,518.4179117,104,0.040922909,6003.625823,159,24394.90303,102,901.4711464,125,0.099384208,11124.92964,415,45204.61264,267,1670.457715,326,0.851001637,5754.273952,159,23381.6962,102,864.0298528,125,0.081650947,6713.31961,658,27278.64556,423,1008.034828,517,0.400265025,14385.68488,850,58454.24049,546,2160.074632,668,0.153975116,0.127498035,0,0.6,0.741758852,0.246587398,0.01165375,0.539673211,0.416205539,0.04412125,1,1,0.02,0.68204675,0,0.29795325,1,0.74,0.26,0.92,0.08,0.96,0.04,0.15,0.85,1,1,0,0.01,0.99,0.35,0.65
Heihe City,Medium-small-cities,8,黑龙江省,22.3434,19.05171507,2975.337243,132,14714.07026,85,310.5924971,104,0.091435693,5173.780872,159,25586.13329,102,540.0858421,125,0.222058111,9587.197782,415,47412.00417,267,1000.798046,326,1.901426997,4958.895405,159,24523.45043,102,517.6541618,125,0.182435977,5785.377972,658,28610.69217,423,603.9298554,517,0.894328155,12397.23851,850,61308.62608,546,1294.135405,668,0.135893082,0.135772193,0.229764837,0.6,0.728780568,0.259565682,0.01165375,0.517767656,0.438111094,0.04412125,1,1,0.02,0.68204675,0,0.29795325,1,0.74,0.26,0.92,0.08,0.96,0.04,0.15,0.85,1,1,0,0.01,0.99,0.35,0.65
Hengshui City,Medium-small-cities,8,河北省,83.8,72.56663965,3789.069621,132,13560.35305,85,650.577334,104,0.11235914,6588.771063,159,23579.94724,102,1131.281697,125,0.34473827,12209.22433,415,43694.47092,267,2096.304743,326,6.872293562,6315.116034,159,22600.58841,102,1084.295557,125,0.225739726,7367.635373,658,26367.35314,423,1265.011483,517,3.678229655,15787.79009,850,56501.47102,546,2710.738892,668,0.134952442,0.115914453,0,0.6,0.754737136,0.233609114,0.01165375,0.561578766,0.394299984,0.04412125,1,1,0.02,0.68204675,0,0.29795325,1,0.74,0.26,0.92,0.08,0.96,0.04,0.15,0.85,1,1,0,0.01,0.99,0.35,0.65
Hengyang City,Largecities,8,湖南省,62.6219,55.96609736,1311.072222,132,16122.78295,85,566.1448233,104,0.304112536,2279.80892,159,28035.72814,102,984.4629428,125,0.444972262,4224.56605,415,51951.18952,267,1824.244431,326,4.272022662,2185.120371,159,26871.30492,102,943.5747056,125,0.356122281,2549.307099,658,31349.85574,423,1100.837157,517,1.278572897,5462.800927,850,67178.26231,546,2358.936764,668,0.115951831,0.104949538,0.351562423,0.6,0.721870455,0.257104545,0.021025,0.520250789,0.412274211,0.067475,1,1,0.02,0.465223316,0.453325723,0.061450961,1,0.74,0.26,0.92,0.08,0.96,0.04,0.15,0.85,1,1,0,0.01,0.99,0.35,0.65
Honghe Hani and Yi Autonomous Prefecture,Medium-small-cities,8,云南省,55.38,47.08004466,1780.17837,132,15702.80116,85,517.0204748,104,0.155132348,3095.532387,159,27305.42645,102,899.041159,125,0.236820396,5736.130302,415,50597.91483,267,1665.954863,326,6.328200715,2966.963949,159,26171.33526,102,861.7007914,125,0.373216954,3461.457941,658,30533.22447,423,1005.31759,517,1.20658493,7417.409873,850,65428.33815,546,2154.251978,668,0.144998181,0.1362769,0,0.6,0.728780568,0.259565682,0.01165375,0.517767656,0.438111094,0.04412125,1,1,0.02,0.68204675,0,0.29795325,1,0.74,0.26,0.92,0.08,0.96,0.04,0.15,0.85,1,1,0,0.01,0.99,0.35,0.65
Hohhot City,Medium-small-cities,8,内蒙古自治区,120.3595,105.5248529,4793.845789,132,12343.86647,85,862.2877426,104,0.253816785,8335.965177,159,21464.61225,102,1499.422575,125,0.637688452,15446.83643,415,39774.68084,267,2778.482726,326,9.313607655,7989.742981,159,20573.11078,102,1437.146238,125,0.308355929,9321.366811,658,24001.96258,423,1676.670611,517,4.321178326,19974.35745,850,51432.77695,546,3592.865594,668,0.13472286,0.095884928,3.379696901,0.6,0.754737136,0.233609114,0.01165375,0.561578766,0.394299984,0.04412125,1,1,0.02,0.68204675,0,0.29795325,1,0.74,0.26,0.92,0.08,0.96,0.04,0.15,0.85,1,1,0,0.01,0.99,0.35,0.65
Hulunbuir City,Medium-small-cities,8,内蒙古自治区,43.5885,38.21609469,4544.471029,132,13139.70665,85,315.8223239,104,0.091920396,7902.330178,159,22848.48989,102,549.17993,125,0.2309405,14643.29554,415,42339.05475,267,1017.64971,326,3.372946774,7574.118381,159,21899.51108,102,526.3705399,125,0.111671886,8836.471445,658,25549.42959,423,614.0989632,517,1.564925756,18935.29595,850,54748.7777,546,1315.92635,668,0.166088261,0.127294155,1.861352203,0.6,0.741758852,0.246587398,0.01165375,0.539673211,0.416205539,0.04412125,1,1,0.02,0.68204675,0,0.29795325,1,0.74,0.26,0.92,0.08,0.96,0.04,0.15,0.85,1,1,0,0.01,0.99,0.35,0.65
Huludao City,Medium-small-cities,8,辽宁省,42,36.57436903,3295.903749,132,14223.49695,85,480.5993033,104,0.197010537,5731.210409,159,24733.0808,102,835.7087885,125,0.367556971,10620.1343,415,45831.26794,267,1548.597755,326,3.042391571,5493.172916,159,23705.82825,102,800.9988388,125,0.217593727,6408.701735,658,27656.79962,423,934.4986453,517,1.601078167,13732.93229,850,59264.57061,546,2002.497097,668,0.136442881,0.111192319,0.00E+00,0.6,0.741758852,0.246587398,0.01165375,0.539673211,0.416205539,0.04412125,1,1,0.02,0.68204675,0,0.29795325,1,0.74,0.26,0.92,0.08,0.96,0.04,0.15,0.85,1,0.9,0.1,0.01,0.99,0.35,0.65
Huzhou City,Largecities,8,浙江省,88.6936,80.22052166,4216.88193,132,12962.73795,85,820.3801218,104,0.171411371,7332.689134,159,22540.76099,102,1426.549878,125,0.401745401,13587.73066,415,41768.82228,267,2643.447059,326,6.306331474,7028.13655,159,21604.56325,102,1367.300203,125,0.209443269,8199.492642,658,25205.32379,423,1595.18357,517,1.384146821,17570.34138,850,54011.40812,546,3418.250507,668,0.120918552,0.055098939,0,0.6,0.709015227,0.269959773,0.021025,0.499637079,0.432887921,0.067475,1,1,0.02,0.465223316,0.453325723,0.061450961,1,0.74,0.26,0.92,0.08,0.96,0.04,0.15,0.85,1,1,0,0.01,0.99,0.35,0.65
Huaihua City,Medium-small-cities,8,湖南省,41.2396,36.85642672,1877.990201,132,15502.06552,85,619.944279,104,0.200273057,3265.616294,159,26956.36949,102,1078.014218,125,0.293036112,6051.301758,415,49951.10001,267,1997.598232,326,2.81333696,3129.983668,159,25836.77587,102,1033.240465,125,0.234524031,3651.647613,658,30142.90518,423,1205.447209,517,0.842003115,7824.95917,850,64591.93967,546,2583.101162,668,0.143080259,0.11019976,1.044488886,0.6,0.728780568,0.259565682,0.01165375,0.517767656,0.438111094,0.04412125,1,1,0.02,0.68204675,0,0.29795325,1,0.74,0.26,0.92,0.08,0.96,0.04,0.15,0.85,1,1,0,0.01,0.99,0.35,0.65
Huai'an City,Largecities,8,江苏省,63.21,58.51251803,4195.68024,132,13221.40275,85,582.9170061,104,0.13114039,7295.82175,159,22990.55034,102,1013.627905,125,0.382465138,13519.41411,415,42602.29776,267,1878.288131,326,2.14505838,6992.8004,159,22035.67126,102,971.5283436,125,0.371177104,8158.267133,658,25708.28313,423,1133.449734,517,1.66764096,17482.001,850,55089.17814,546,2428.820859,668,0.124068549,0.105121149,1.427933362,0.6,0.734725682,0.244249318,0.021025,0.5408645,0.3916605,0.067475,1,1,0.02,0.465223316,0.453325723,0.061450961,1,0.74,0.26,0.92,0.08,0.96,0.04,0.15,0.85,1,1,0,0.01,0.99,0.35,0.65
Huaibei City,Medium-small-cities,8,安徽省,30.9678,26.52272193,4642.256084,132,12993.40459,85,364.3393223,104,0.084671418,8072.367523,159,22594.08688,102,633.5455993,125,0.194709983,14958.38071,415,41867.63703,267,1173.982261,326,2.638183143,7737.093473,159,21655.67432,102,607.2322038,125,0.108667367,9026.609052,658,25264.95338,423,708.4375711,517,1.418846158,19342.73368,850,54139.18581,546,1518.080509,668,0.123516878,0.109948378,0,0.6,0.741758852,0.246587398,0.01165375,0.539673211,0.416205539,0.04412125,1,1,0.02,0.68204675,0,0.29795325,1,0.74,0.26,0.92,0.08,0.96,0.04,0.15,0.85,1,1,0,0.01,0.99,0.35,0.65
Huainan City,Medium-small-cities,8,安徽省,36.8604,31.56950573,3246.861925,132,14353.55649,85,399.58159,104,0.100782825,5645.932125,159,24959.23989,102,694.827987,125,0.231759694,10462.11065,415,46250.34868,267,1287.540679,326,3.140180637,5411.436541,159,23922.59414,102,665.9693166,125,0.129344759,6313.342631,658,27909.69317,423,776.9642027,517,1.688826359,13528.59135,850,59806.48536,546,1664.923291,668,0.126534813,0.110145405,0,0.6,0.741758852,0.246587398,0.01165375,0.539673211,0.416205539,0.04412125,1,1,0.02,0.68204675,0,0.29795325,1,0.74,0.26,0.92,0.08,0.96,0.04,0.15,0.85,1,1,0,0.01,0.99,0.35,0.65
Huanggang City,Medium-small-cities,8,湖北省,48.5984,42.78303697,2480.51108,132,15076.93336,85,442.5555565,104,0.157294752,4313.333156,159,26217.1119,102,769.5549399,125,0.349796273,7992.757925,415,48581.22973,267,1426.012349,326,3.621186413,4134.185134,159,25128.22227,102,737.5925942,125,0.329921484,4823.215989,658,29316.25932,423,860.5246932,517,1.35716411,10335.46283,850,62820.55568,546,1843.981485,668,0.130062798,0.102388081,0,0.6,0.728780568,0.259565682,0.01165375,0.517767656,0.438111094,0.04412125,1,1,0.02,0.68204675,0,0.29795325,1,0.74,0.26,0.92,0.08,0.96,0.04,0.15,0.85,1,1,0,0.01,0.99,0.35,0.65
Huangshan City,Medium-small-cities,8,安徽省,21.0622,18.03895898,3823.96088,132,13315.40342,85,860.6356968,104,0.057587764,6649.443086,159,23154.00706,102,1496.549851,125,0.132428542,12321.65173,415,42905.18881,267,2773.159468,326,1.79431348,6373.268134,159,22192.33904,102,1434.392828,125,0.073908183,7435.479489,658,25891.06221,423,1673.458299,517,0.965003053,15933.17033,850,55480.8476,546,3585.98207,668,0.112260983,0.104701514,0.28493513,0.6,0.715802284,0.272543966,0.01165375,0.495862102,0.460016648,0.04412125,1,1,0.02,0.68204675,0,0.29795325,1,0.74,0.26,0.92,0.08,0.96,0.04,0.15,0.85,1,1,0,0.01,0.99,0.35,0.65
Huangshi City,Medium-small-cities,8,湖北省,24.8889,21.91065403,2719.27783,132,14870.54201,85,410.1801631,104,0.080556013,4728.522005,159,25858.22027,102,713.257728,125,0.179142615,8762.117454,415,47916.19091,267,1321.691637,326,1.854533205,4532.129717,159,24784.23668,102,683.6336052,125,0.168964057,5287.48467,658,28914.94279,423,797.5725394,517,0.69505008,11330.32429,850,61960.59169,546,1709.084013,668,0.117166158,0.106540005,0,0.6,0.728780568,0.259565682,0.01165375,0.517767656,0.438111094,0.04412125,1,1,0.02,0.68204675,0,0.29795325,1,0.74,0.26,0.92,0.08,0.96,0.04,0.15,0.85,1,1,0,0.01,0.99,0.35,0.65
Huizhou City,Largecities,8,广东省,130.4393,115.8035161,4763.720712,132,12546.9638,85,689.3154886,104,0.289182475,8283.581016,159,21817.77594,102,1198.643044,125,0.985133297,15349.76674,415,40429.10558,267,2221.127686,326,10.34980704,7939.53452,159,20911.60633,102,1148.859148,125,0.626186956,9262.790273,658,24396.87405,423,1340.335672,517,2.385474116,19848.8363,850,52279.01583,546,2872.147869,668,0.136051332,0.110629507,0.689833895,0.6,0.69616,0.282815,0.021025,0.479023368,0.453501632,0.067475,1,1,0.02,0.465223316,0.453325723,0.061450961,1,0.74,0.26,0.92,0.08,0.96,0.04,0.15,0.85,1,0.9,0.1,0.01,0.99,0.35,0.65
Jixi City,Medium-small-cities,8,黑龙江省,21.9,18.67363785,3365.897903,132,14114.00667,85,520.0954314,104,0.089621171,5852.922465,159,24542.68937,102,904.3881668,125,0.217651415,10845.67102,415,45478.46592,267,1675.863057,326,1.863693585,5609.829838,159,23523.34444,102,866.8257189,125,0.178815574,6544.801478,658,27443.90185,423,1011.296672,517,0.876580404,14024.5746,850,58808.36111,546,2167.064297,668,0.143622677,0.122490584,0.156487822,0.6,0.728780568,0.259565682,0.01165375,0.517767656,0.438111094,0.04412125,1,1,0.02,0.68204675,0,0.29795325,1,0.74,0.26,0.92,0.08,0.96,0.04,0.15,0.85,1,1,0,0.01,0.99,0.35,0.65
Ji'an City (Jiangxi),Medium-small-cities,8,江西省,49.7006,42.73277567,2441.279711,132,15096.58008,85,462.1402066,104,0.116352028,4245.114164,159,26251.27537,102,803.6104704,125,0.251819033,7866.345736,415,48644.53582,267,1489.118443,326,4.031597783,4068.799519,159,25160.9668,102,770.2336777,125,0.31747482,4746.932772,658,29354.46127,423,898.6059573,517,2.250580663,10171.9988,850,62902.41701,546,1925.584194,668,0.127261856,0.109357024,0.300841363,0.6,0.702824,0.28552225,0.01165375,0.473956547,0.481922203,0.04412125,1,1,0.02,0.68204675,0,0.29795325,1,0.74,0.26,0.92,0.08,0.96,0.04,0.15,0.85,1,1,0,0.01,0.99,0.35,0.65
Jilin City,Medium-small-cities,8,吉林省,61.3329,54.24783135,3291.342708,132,14083.94013,85,624.7171594,104,0.183034355,5723.279264,159,24490.40701,102,1086.313727,125,0.493100016,10605.43761,415,45381.58487,267,2012.977514,326,4.073197359,5485.57118,159,23473.23355,102,1041.195266,125,0.249964828,6399.833043,658,27385.43915,423,1214.72781,517,2.085772088,13713.92795,850,58683.08389,546,2602.988164,668,0.129278271,0.11481261,0,0.6,0.728780568,0.259565682,0.01165375,0.517767656,0.438111094,0.04412125,1,1,0.02,0.68204675,0,0.29795325,1,0.74,0.26,0.92,0.08,0.96,0.04,0.15,0.85,1,1,0,0.01,0.99,0.35,0.65
Jinan City,Extra-large-cities,8,山东省,257.8872,226.7894912,5430.667142,132,11725.39229,85,843.9405715,104,0.444902823,9443.326753,159,20389.15436,102,1467.518883,125,1.468955953,17498.81635,415,37781.81959,267,2719.364064,326,18.89893936,9051.111904,159,19542.32048,102,1406.567619,125,0.886477195,10559.63055,658,22799.37389,423,1640.995556,517,9.398433444,22627.77976,850,48855.80119,546,3516.419048,668,0.120039541,0.093200462,4.006058938,0.6,0.707900781,0.208599219,0.0835,0.518569602,0.314930398,0.1665,1,1,0.02,0.013248421,0.885273042,0.081478537,1,0.74,0.26,0.92,0.08,0.96,0.04,0.15,0.85,1,1,0,0.01,0.99,0.35,0.65
Jining City,Largecities,8,山东省,155.2222,136.5045018,2910.365667,132,14516.9129,85,572.72143,104,0.267786827,5060.802521,159,25243.29855,102,995.898931,125,0.884163986,9377.844928,415,46776.71935,267,1845.435719,326,11.37526385,4850.609445,159,24194.85484,102,954.5357166,125,0.533570261,5659.044353,658,28227.33064,423,1113.625003,517,5.656913238,12126.52361,850,60487.13709,546,2386.339292,668,0.132763421,0.109903002,0.313248095,0.6,0.747580909,0.231394091,0.021025,0.561478211,0.371046789,0.067475,1,1,0.02,0.465223316,0.453325723,0.061450961,1,0.74,0.26,0.92,0.08,0.96,0.04,0.15,0.85,1,1,0,0.01,0.99,0.35,0.65
Jiamusi City,Medium-small-cities,8,黑龙江省,29.8106,25.4188287,3298.768732,132,14240.36823,85,460.8630355,104,0.121993647,5736.192296,159,24762.41809,102,801.3896118,125,0.296270286,10629.36592,415,45885.63097,267,1485.003114,326,2.53688694,5497.947887,159,23733.94705,102,768.1050592,125,0.243406372,6414.272535,658,27689.6049,423,896.1225691,517,1.193214054,13744.86972,850,59334.86763,546,1920.262648,668,0.14546421,0.142265428,0.451258326,0.6,0.741758852,0.246587398,0.01165375,0.539673211,0.416205539,0.04412125,1,1,0.02,0.68204675,0,0.29795325,1,0.74,0.26,0.92,0.08,0.96,0.04,0.15,0.85,1,1,0,0.01,0.99,0.35,0.65
Jiaxing City,Largecities,8,浙江省,147.8138,133.6928498,6936.776062,132,10153.23359,85,909.9903475,104,0.285668483,12062.28282,159,17655.34508,102,1582.372104,125,0.669535506,22351.83398,415,32715.9749,267,2932.19112,326,10.50992202,11561.29344,159,16922.05598,102,1516.650579,125,0.349051177,13488.17568,658,19742.39865,423,1769.425676,517,2.306772996,28903.23359,850,42305.13996,546,3791.626448,668,0.135655928,0.06978477,0,0.6,0.709015227,0.269959773,0.021025,0.499637079,0.432887921,0.067475,1,1,0.02,0.465223316,0.453325723,0.061450961,1,0.74,0.26,0.92,0.08,0.96,0.04,0.15,0.85,1,0.9,0.1,0.01,0.99,0.35,0.65
Jiayuguan City,Medium-small-cities,8,甘肃省,7.31,5.966725887,4412.39369,132,8416.945573,85,5170.660737,104,0.023145119,7672.66236,159,14636.13314,102,8991.204504,125,0.051219291,14217.713,415,27121.26907,267,16661.01793,326,0.982381706,7353.989483,159,14028.24262,102,8617.767895,125,0.055505424,8579.654396,658,16366.28306,423,10054.06254,517,0.231022574,18384.97371,850,35070.60656,546,21544.41974,668,0.133842619,0.122271185,0.184149606,0.6,0.741758852,0.246587398,0.01165375,0.539673211,0.416205539,0.04412125,1,1,0.02,0.68204675,0,0.29795325,1,0.74,0.26,0.92,0.08,0.96,0.04,0.15,0.85,1,1,0,0.01,0.99,0.35,0.65
Jiangmen City,Largecities,8,广东省,88.0028,78.12855227,6377.693905,132,10699.54708,85,922.7590111,104,0.195101228,11090.10107,159,18605.32354,102,1604.575392,125,0.664634726,20550.34703,415,34476.31838,267,2973.334591,326,6.982650159,10629.48984,159,17832.57847,102,1537.931685,125,0.422466277,12401.07148,658,20804.67489,423,1794.253633,517,1.60939534,26573.7246,850,44581.44618,546,3844.829213,668,0.137229985,0.111712226,0,0.6,0.69616,0.282815,0.021025,0.479023368,0.453501632,0.067475,1,1,0.02,0.465223316,0.453325723,0.061450961,1,0.74,0.26,0.92,0.08,0.96,0.04,0.15,0.85,1,0.9,0.1,0.01,0.99,0.35,0.65
Jiaozuo City,Medium-small-cities,8,河南省,59.0428,52.11285764,6199.087209,132,11268.03997,85,532.872826,104,0.134244187,10779.52387,159,19593.8695,102,926.6066362,125,0.291291495,19974.83656,415,36308.12878,267,1717.034661,326,4.234392657,10331.81201,159,18780.06661,102,888.1213766,125,0.145645748,12053.78068,658,21910.07771,423,1036.141606,517,2.124368278,25829.53004,850,46950.16652,546,2220.303441,668,0.144471041,0.104179063,0,0.6,0.741758852,0.246587398,0.01165375,0.539673211,0.416205539,0.04412125,1,1,0.02,0.68204675,0,0.29795325,1,0.74,0.26,0.92,0.08,0.96,0.04,0.15,0.85,1,1,0,0.01,0.99,0.35,0.65
Jieyang City,Medium-small-cities,8,广东省,59.0227,52.40012934,4041.793569,132,13304.53395,85,653.6724777,104,0.130852669,7028.229928,159,23135.10626,102,1136.663808,125,0.445764636,13023.55705,415,42870.16496,267,2106.277984,326,4.683201734,6736.322615,159,22174.22326,102,1089.45413,125,0.283344397,7859.04305,658,25869.92713,423,1271.029818,517,1.079407227,16840.80654,850,55435.55814,546,2723.635324,668,0.102295022,0.097336283,1.983694883,0.6,0.702824,0.28552225,0.01165375,0.473956547,0.481922203,0.04412125,1,1,0.02,0.68204675,0,0.29795325,1,0.74,0.26,0.92,0.08,0.96,0.04,0.15,0.85,1,0.9,0.1,0.01,0.99,0.35,0.65
Jinchang City,Medium-small-cities,8,甘肃省,8.51,6.946215773,4154.724307,132,13297.7645,85,547.5111884,104,0.026944591,7224.603935,159,23123.33494,102,952.0611221,125,0.059627382,13387.44499,415,42848.35229,267,1764.202718,326,1.143648197,6924.540512,159,22162.94084,102,912.5186474,125,0.064617121,8078.630598,658,25856.76431,423,1064.605089,517,0.268946936,17311.35128,850,55407.3521,546,2281.296618,668,0.141607603,0.123936362,0.099088045,0.6,0.754737136,0.233609114,0.01165375,0.561578766,0.394299984,0.04412125,1,1,0.02,0.68204675,0,0.29795325,1,0.74,0.26,0.92,0.08,0.96,0.04,0.15,0.85,1,1,0,0.01,0.99,0.35,0.65
Jinhua City,Largecities,8,浙江省,207.2702,187.4692601,4169.568744,132,13236.1739,85,594.257351,104,0.400575342,7250.41676,159,23016.23573,102,1033.347505,125,0.938848458,13435.27706,415,42649.89369,267,1914.829242,326,14.7374172,6949.28124,159,22060.28984,102,990.4289184,125,0.489452996,8107.49478,658,25737.00482,423,1155.500405,517,3.234645888,17373.2031,850,55150.7246,546,2476.072296,668,0.132950596,0.07001188,0.570197721,0.6,0.69616,0.282815,0.021025,0.479023368,0.453501632,0.067475,1,1,0.02,0.465223316,0.453325723,0.061450961,1,0.74,0.26,0.92,0.08,0.96,0.04,0.15,0.85,1,1,0,0.01,0.99,0.35,0.65
Jinzhou City,Medium-small-cities,8,辽宁省,47.2959,41.18613572,3043.564768,132,14456.11504,85,500.3201934,104,0.221852158,5292.420958,159,25137.57782,102,870.0012252,125,0.41390328,9807.042031,415,46580.81512,267,1612.142845,326,3.426015416,5072.607947,159,24093.52506,102,833.866989,125,0.245030742,5918.042605,658,28109.11257,423,972.8448205,517,1.802962688,12681.51987,850,60233.81266,546,2084.667472,668,0.122994932,0.111044624,0.097295437,0.6,0.741758852,0.246587398,0.01165375,0.539673211,0.416205539,0.04412125,1,1,0.02,0.68204675,0,0.29795325,1,0.74,0.26,0.92,0.08,0.96,0.04,0.15,0.85,1,0.9,0.1,0.01,0.99,0.35,0.65
Jincheng City,Medium-small-cities,8,山西省,46.7224,41.35913541,4574.595939,132,12625.36262,85,800.0414422,104,0.080551309,7954.714049,159,21954.10278,102,1391.183174,125,0.238352643,14740.36469,415,40681.724,267,2577.911314,326,2.924276604,7624.326564,159,21042.27103,102,1333.402404,125,0.083852592,8895.047659,658,24549.3162,423,1555.636138,517,2.03623144,19060.81641,850,52605.67758,546,3333.506009,668,0.131862678,0.115487125,0,0.6,0.754737136,0.233609114,0.01165375,0.561578766,0.394299984,0.04412125,1,1,0.02,0.68204675,0,0.29795325,1,0.74,0.26,0.92,0.08,0.96,0.04,0.15,0.85,1,1,0,0.01,0.99,0.35,0.65
Jinzhong City,Medium-small-cities,8,山西省,67.4302,59.68988692,4861.689563,132,12438.988,85,699.3224343,104,0.116252394,8453.937962,159,21630.01803,102,1216.044011,125,0.343992739,15665.44415,415,40081.18356,267,2253.372288,326,4.220343053,8102.815938,159,20731.64667,102,1165.53739,125,0.121016836,9453.285261,658,24186.92112,423,1359.793622,517,2.938708055,20257.03985,850,51829.11668,546,2913.843476,668,0.163355858,0.125156567,0,0.6,0.754737136,0.233609114,0.01165375,0.561578766,0.394299984,0.04412125,1,1,0.02,0.68204675,0,0.29795325,1,0.74,0.26,0.92,0.08,0.96,0.04,0.15,0.85,1,1,0,0.01,0.99,0.35,0.65
Jingmen City,Medium-small-cities,8,湖北省,37.6966,33.18576396,3526.501845,132,14473.49815,85,0,104,0.122009724,6132.194875,159,25167.80512,102,0,125,0.271328483,11363.17261,415,46636.82739,267,0,326,2.808866459,5877.503075,159,24122.49692,102,0,125,0.255912092,6857.086921,658,28142.91308,423,0,517,1.052719278,14693.75769,850,60306.24231,546,0,668,0.118751064,0.089640083,0,0.6,0.741758852,0.246587398,0.01165375,0.539673211,0.416205539,0.04412125,1,1,0.02,0.68204675,0,0.29795325,1,0.74,0.26,0.92,0.08,0.96,0.04,0.15,0.85,1,1,0,0.01,0.99,0.35,0.65
Jingzhou City,Medium-small-cities,8,湖北省,53.6687,47.24661668,2549.650178,132,15450.34982,85,0,104,0.173705408,4433.558365,159,26866.44163,102,0,125,0.386290726,8215.539462,415,49784.46054,267,0,326,3.998986947,4249.416963,159,25750.58304,102,0,125,0.364342389,4957.653124,658,30042.34688,423,0,517,1.498757849,10623.54241,850,64376.45759,546,0,668,0.11034959,0.095214459,0,0.6,0.728780568,0.259565682,0.01165375,0.517767656,0.438111094,0.04412125,1,1,0.02,0.68204675,0,0.29795325,1,0.74,0.26,0.92,0.08,0.96,0.04,0.15,0.85,1,1,0,0.01,0.99,0.35,0.65
Jingdezhen City,Medium-small-cities,8,江西省,23.4326,20.14744368,3703.444465,132,13636.76552,85,659.7900166,104,0.054857095,6439.878431,159,23712.82004,102,1147.301529,125,0.118726427,11933.32105,415,43940.68889,267,2125.990053,326,1.900798345,6172.407442,159,22727.94253,102,1099.650028,125,0.149681502,7201.142015,658,26515.93295,423,1282.925032,517,1.061092953,15431.0186,850,56819.85633,546,2749.125069,668,0.133150451,0.104555272,0.322877361,0.6,0.715802284,0.272543966,0.01165375,0.495862102,0.460016648,0.04412125,1,1,0.02,0.68204675,0,0.29795325,1,0.74,0.26,0.92,0.08,0.96,0.04,0.15,0.85,1,1,0,0.01,0.99,0.35,0.65
Jiujiang City,Largecities,8,江西省,61.3696,52.76582878,2421.947896,132,15066.01709,85,512.0350109,104,0.143669844,4211.498287,159,26198.12972,102,890.3719912,125,0.310942591,7804.054333,415,48546.05508,267,1649.890591,326,4.978160088,4036.579827,159,25110.02849,102,853.3916849,125,0.392013431,4709.343132,658,29295.03324,423,995.6236324,517,2.778985265,10091.44957,850,62775.07122,546,2133.479212,668,0.139346024,0.105454702,0,0.6,0.721870455,0.257104545,0.021025,0.520250789,0.412274211,0.067475,1,1,0.02,0.465223316,0.453325723,0.061450961,1,0.74,0.26,0.92,0.08,0.96,0.04,0.15,0.85,1,1,0,0.01,0.99,0.35,0.65
Jiuquan City,Medium-small-cities,8,甘肃省,20.48,16.71662738,3171.549697,132,14186.68708,85,641.7632236,104,0.064844327,5514.972529,159,24669.07253,102,1115.954939,125,0.143498094,10219.43791,415,45712.65837,267,2067.903721,326,2.752281442,5285.916162,159,23644.47847,102,1069.605373,125,0.155506303,6166.902189,658,27585.22488,423,1247.872935,517,0.647242451,13214.79041,850,59111.19616,546,2674.013432,668,0.135175328,0.124869639,0.453022944,0.6,0.754737136,0.233609114,0.01165375,0.561578766,0.394299984,0.04412125,1,1,0.02,0.68204675,0,0.29795325,1,0.74,0.26,0.92,0.08,0.96,0.04,0.15,0.85,1,1,0,0.01,0.99,0.35,0.65
Kashgar Prefecture,Medium-small-cities,8,新疆维吾尔族自治区,60.22,49.88452083,3146.228791,132,14244.00668,85,609.7645331,104,0.309020387,5470.942287,159,24768.74494,102,1060.312771,125,0.418987102,10137.84833,415,45897.35484,267,1964.796829,326,6.783136702,5243.714652,159,23740.01113,102,1016.274222,125,0.400891313,6117.667094,658,27696.67965,423,1185.653259,517,2.423443669,13109.28663,850,59350.02782,546,2540.685554,668,0.123418787,0.127732585,1.133995923,0.6,0.754737136,0.233609114,0.01165375,0.561578766,0.394299984,0.04412125,1,1,0.02,0.68204675,0,0.29795325,1,0.74,0.26,0.92,0.08,0.96,0.04,0.15,0.85,1,1,0,0.01,0.99,0.35,0.65
Kaifeng City,Medium-small-cities,8,河南省,64.4348,56.87199047,3005.046257,132,14122.582,85,872.371741,104,0.146503847,5225.441548,159,24557.60093,102,1516.957527,125,0.317893278,9682.926829,415,45506.09756,267,2810.97561,326,4.621092563,5008.410429,159,23537.63667,102,1453.952902,125,0.158946639,5843.1455,658,27460.57611,423,1696.278385,517,2.318373199,12521.02607,850,58844.09167,546,3634.882254,668,0.131260708,0.110581293,0,0.6,0.741758852,0.246587398,0.01165375,0.539673211,0.416205539,0.04412125,1,1,0.02,0.68204675,0,0.29795325,1,0.74,0.26,0.92,0.08,0.96,0.04,0.15,0.85,1,1,0,0.01,0.99,0.35,0.65
Karamay City,Medium-small-cities,8,新疆维吾尔族自治区,15.3,12.67408118,4461.973133,132,10435.33163,85,3102.695238,104,0.07851232,7758.875503,159,18145.88222,102,5395.242274,125,0.106451389,14377.46898,415,33624.95747,267,9997.573543,326,1.723380796,7436.621888,159,17392.21938,102,5171.158729,125,0.101853821,8676.05887,658,20290.92261,423,6033.018518,517,0.615720494,18591.55472,850,43480.54846,546,12927.89682,668,0.109145714,0.130653735,0.914663762,0.6,0.754737136,0.233609114,0.01165375,0.561578766,0.394299984,0.04412125,1,1,0.02,0.68204675,0,0.29795325,1,0.74,0.26,0.92,0.08,0.96,0.04,0.15,0.85,1,1,0,0.01,0.99,0.35,0.65
Kizilsu Kirgiz Autonomous Prefecture,Medium-small-cities,8,新疆维吾尔族自治区,13.7546,11.39391614,2480.236313,132,15320.58141,85,199.1822798,104,0.070582063,4312.855366,159,26640.78878,102,346.3558531,125,0.095699103,7991.872563,415,49366.31787,267,641.8095681,326,1.549308072,4133.727188,159,25534.30235,102,331.9704663,125,0.091565919,4822.681719,658,29790.0194,423,387.2988773,517,0.5535287,10334.31797,850,63835.75586,546,829.9261657,668,0.150577597,0.129650537,0,0.6,0.754737136,0.233609114,0.01165375,0.561578766,0.394299984,0.04412125,1,1,0.02,0.68204675,0,0.29795325,1,0.74,0.26,0.92,0.08,0.96,0.04,0.15,0.85,1,1,0,0.01,0.99,0.35,0.65
Kunming City,Largecities,8,云南省,250.39,212.8633511,1634.997791,132,15438.79806,85,926.2041538,104,0.701401023,2843.079491,159,26846.3544,102,1610.566112,125,1.070737794,5268.326214,415,49747.23818,267,2984.435607,326,28.61174028,2724.996318,159,25731.33009,102,1543.67359,125,1.687428548,3179.162371,658,30019.88511,423,1800.952521,517,5.45534129,6812.490794,850,64328.32523,546,3859.183974,668,0.139013593,0.098431757,13.20650031,0.6,0.734725682,0.244249318,0.021025,0.5408645,0.3916605,0.067475,1,1,0.02,0.465223316,0.453325723,0.061450961,1,0.74,0.26,0.92,0.08,0.96,0.04,0.15,0.85,1,1,0,0.01,0.99,0.35,0.65
Lhasa City,Medium-small-cities,8,西藏自治区,25.7008,16.79347921,2851.73181,132,14593.22006,85,555.0481277,104,0.134607766,4958.844758,159,25375.98822,102,965.167022,125,0.199590825,9188.913609,415,47022.59798,267,1788.488411,326,5.769567347,4752.88635,159,24322.03344,102,925.0802128,125,0.863346361,5545.034075,658,28375.70568,423,1079.260248,517,1.940208488,11882.21587,850,60805.08359,546,2312.700532,668,0.137339174,0.096132542,1.960277083,0.6,0.728780568,0.259565682,0.01165375,0.517767656,0.438111094,0.04412125,1,1,0.02,0.68204675,0,0.29795325,1,0.74,0.26,0.92,0.08,0.96,0.04,0.15,0.85,1,1,0,0.01,0.99,0.35,0.65
Laibin City,Medium-small-cities,8,广西壮族自治区,23.2455,20.1684921,3439.94746,132,14017.76891,85,542.2836289,104,0.057193455,5981.686417,159,24375.34261,102,942.970977,125,0.135877785,11084.27515,415,45168.36649,267,1747.35836,326,1.986172721,5733.245767,159,23362.94818,102,903.8060482,125,0.171926993,6688.786728,658,27256.77288,423,1054.44039,517,0.725836942,14333.11442,850,58407.37046,546,2259.515121,668,0.129409648,0.123153809,0,0.6,0.715802284,0.272543966,0.01165375,0.495862102,0.460016648,0.04412125,1,1,0.02,0.68204675,0,0.29795325,1,0.74,0.26,0.92,0.08,0.96,0.04,0.15,0.85,1,1,0,0.01,0.99,0.35,0.65
Lanzhou City,Medium-small-cities,8,甘肃省,92.49,75.49418294,5046.794813,132,12046.05301,85,907.1521787,104,0.292844327,8775.815425,159,20946.74773,102,1577.436844,125,0.64805365,16261.8944,415,38815.05969,267,2923.045909,326,12.42961478,8411.324689,159,20076.75501,102,1511.920298,125,0.702284081,9813.212137,658,23422.88085,423,1763.907014,517,2.923020229,21028.31172,850,50191.88753,546,3779.800745,668,0.105217862,0.105188208,4.167276134,0.6,0.754737136,0.233609114,0.01165375,0.561578766,0.394299984,0.04412125,1,1,0.02,0.68204675,0,0.29795325,1,0.74,0.26,0.92,0.08,0.96,0.04,0.15,0.85,1,1,0,0.01,0.99,0.35,0.65
Langfang City,Largecities,8,河北省,85.5844,74.11184146,4541.953472,132,12843.25172,85,614.794807,104,0.114751665,7897.952427,159,22332.98771,102,1069.059859,125,0.352078973,14635.18341,415,41383.8111,267,1981.005489,326,7.018629131,7569.922454,159,21405.41953,102,1024.658012,125,0.230546528,8831.576196,658,24972.98946,423,1195.434347,517,3.756552244,18924.80613,850,53513.54884,546,2561.645029,668,0.130752284,0.088102144,0,0.6,0.747580909,0.231394091,0.021025,0.561478211,0.371046789,0.067475,1,1,0.02,0.465223316,0.453325723,0.061450961,1,0.74,0.26,0.92,0.08,0.96,0.04,0.15,0.85,1,1,0,0.01,0.99,0.35,0.65
Leshan City,Medium-small-cities,8,四川省,60.09,53.83262007,2749.15203,132,14712.88341,85,537.9645558,104,0.11037988,4780.469919,159,25584.06949,102,935.4605887,125,0.388597658,8858.378764,415,47408.17989,267,1733.441347,326,4.016013152,4581.92005,159,24521.47236,102,896.607593,125,0.315011072,5345.573392,658,28608.38442,423,1046.042192,517,1.427378168,11454.80013,850,61303.68089,546,2241.518983,668,0.142262077,0.113762084,0,0.6,0.715802284,0.272543966,0.01165375,0.495862102,0.460016648,0.04412125,1,1,0.02,0.68204675,0,0.29795325,1,0.74,0.26,0.92,0.08,0.96,0.04,0.15,0.85,1,1,0,0.01,0.99,0.35,0.65
Lijiang City,Medium-small-cities,8,云南省,20.39,17.33409373,2105.070809,132,15642.07401,85,252.855185,104,0.057117165,3660.484239,159,27199.82869,102,439.6870717,125,0.087193353,6783.005939,415,50402.23847,267,814.7555962,326,2.329938833,3508.451348,159,26070.12334,102,421.4253084,125,0.137412309,4093.193239,658,30415.1439,423,491.6628598,517,0.444244614,8771.128369,850,65175.30836,546,1053.563271,668,0.148804753,0.117054534,2.09237223,0.6,0.728780568,0.259565682,0.01165375,0.517767656,0.438111094,0.04412125,1,1,0.02,0.68204675,0,0.29795325,1,0.74,0.26,0.92,0.08,0.96,0.04,0.15,0.85,1,1,0,0.01,0.99,0.35,0.65
Lishui City,Medium-small-cities,8,浙江省,42.852,38.75826209,2019.081024,132,15500.39858,85,480.5203916,104,0.082816799,3510.957559,159,26953.47087,102,835.5715698,125,0.194101873,6505.927745,415,49945.72877,267,1548.343484,326,3.046881808,3365.13504,159,25833.99764,102,800.8673193,125,0.101191777,3925.99088,658,30139.66391,423,934.3452058,517,0.668745655,8412.837601,850,64584.9941,546,2002.168298,668,0.133837021,0.09371164,0,0.6,0.702824,0.28552225,0.01165375,0.473956547,0.481922203,0.04412125,1,1,0.02,0.68204675,0,0.29795325,1,0.74,0.26,0.92,0.08,0.96,0.04,0.15,0.85,1,1,0,0.01,0.99,0.35,0.65
Lianyungang City,Largecities,8,江苏省,73.41,67.95450006,5264.810378,132,12208.70858,85,526.4810378,104,0.152302105,9154.920268,159,21229.58771,102,915.4920268,125,0.444182341,16964.38899,415,39339.17211,267,1696.438899,326,2.491199742,8774.683963,159,20347.84764,102,877.4683963,125,0.431072792,10237.13129,658,23739.15558,423,1023.713129,517,1.936742966,21936.70991,850,50869.6191,546,2193.670991,668,0.131939535,0.114205203,0.64447328,0.6,0.734725682,0.244249318,0.021025,0.5408645,0.3916605,0.067475,1,1,0.02,0.465223316,0.453325723,0.061450961,1,0.74,0.26,0.92,0.08,0.96,0.04,0.15,0.85,1,0.9,0.1,0.01,0.99,0.35,0.65
Liaoyang City,Medium-small-cities,8,辽宁省,27.5223,23.96692278,3909.83386,132,13542.93779,85,547.228345,104,0.129099597,6798.766657,159,23549.66405,102,951.5692888,125,0.240857458,12598.35355,415,43638.35512,267,1763.291334,326,1.993657465,6516.389767,159,22571.56299,102,912.0472417,125,0.142587615,7602.454728,658,26333.49016,423,1064.055115,517,1.049175087,16290.97442,850,56428.90748,546,2280.118104,668,0.115735339,0.116189213,0,0.6,0.741758852,0.246587398,0.01165375,0.539673211,0.416205539,0.04412125,1,1,0.02,0.68204675,0,0.29795325,1,0.74,0.26,0.92,0.08,0.96,0.04,0.15,0.85,1,1,0,0.01,0.99,0.35,0.65
Liaoyuan City,Medium-small-cities,8,吉林省,15.2145,13.45694774,2775.798262,132,14587.82957,85,636.3721665,104,0.04540428,4826.804756,159,25366.61475,102,1106.580489,125,0.122320487,8944.238844,415,47005.22862,267,2050.532536,326,1.010414659,4626.330437,159,24313.04929,102,1060.620277,125,0.062007338,5397.38551,658,28365.22417,423,1237.390324,517,0.517405494,11565.82609,850,60782.62321,546,2651.550694,668,0.119805138,0.12462324,0,0.6,0.728780568,0.259565682,0.01165375,0.517767656,0.438111094,0.04412125,1,1,0.02,0.68204675,0,0.29795325,1,0.74,0.26,0.92,0.08,0.96,0.04,0.15,0.85,1,1,0,0.01,0.99,0.35,0.65
Liaocheng City,Medium-small-cities,8,山东省,107.7707,94.77501102,2581.586507,132,14946.32717,85,472.0863199,104,0.185924267,4489.092092,159,25990.00225,102,820.9056563,125,0.613874637,8318.44541,415,48160.38756,267,1521.167031,326,7.89784031,4302.644178,159,24910.54529,102,786.8105332,125,0.370457579,5019.751541,658,29062.30284,423,917.945622,517,3.927592184,10756.61044,850,62276.36322,546,1967.026333,668,0.122522768,0.121742732,0,0.6,0.754737136,0.233609114,0.01165375,0.561578766,0.394299984,0.04412125,1,1,0.02,0.68204675,0,0.29795325,1,0.74,0.26,0.92,0.08,0.96,0.04,0.15,0.85,1,1,0,0.01,0.99,0.35,0.65
Nyingchi City,Medium-small-cities,8,西藏自治区,13.7757,9.001351382,2545.567995,132,15263.57552,85,190.8564814,104,0.072150135,4426.459902,159,26541.66188,102,331.8782149,125,0.106981235,8202.385761,415,49182.63224,267,614.9819957,326,3.092504082,4242.613324,159,25439.29254,102,318.0941357,125,0.462756041,4949.715545,658,29679.17463,423,371.109825,517,1.039957125,10606.53331,850,63598.23135,546,795.2353392,668,0.234901882,0.117530173,0.187203008,0.6,0.754737136,0.233609114,0.01165375,0.561578766,0.394299984,0.04412125,1,1,0.02,0.68204675,0,0.29795325,1,0.74,0.26,0.92,0.08,0.96,0.04,0.15,0.85,1,1,0,0.01,0.99,0.35,0.65
Lincang City,Medium-small-cities,8,云南省,22.2,18.87282397,1343.955626,132,16590.46169,85,65.5826853,104,0.062187399,2336.989505,159,28848.96949,102,114.0410028,125,0.09493342,4330.523683,415,53458.15433,267,211.321986,326,2.536765184,2239.926043,159,27650.76948,102,109.3044755,125,0.149610263,2613.24705,658,32259.23106,423,127.5218881,517,0.483679766,5599.815107,850,69126.9237,546,273.2611888,668,0.145236677,0.115375761,0.292486389,0.6,0.728780568,0.259565682,0.01165375,0.517767656,0.438111094,0.04412125,1,1,0.02,0.68204675,0,0.29795325,1,0.74,0.26,0.92,0.08,0.96,0.04,0.15,0.85,1,1,0,0.01,0.99,0.35,0.65
Linfen City,Medium-small-cities,8,山西省,72.5605,64.23127975,5307.872907,132,12069.49444,85,622.6326499,104,0.125097239,9229.801221,159,20987.50978,102,1082.688997,125,0.37016478,17103.14603,415,38890.59321,267,2006.260761,326,4.54143992,8846.454844,159,20115.82407,102,1037.721083,125,0.130224175,10320.86398,658,23468.46142,423,1210.674597,517,3.162294133,22116.13711,850,50289.56018,546,2594.302708,668,0.136200283,0.11099658,0.282177189,0.6,0.754737136,0.233609114,0.01165375,0.561578766,0.394299984,0.04412125,1,1,0.02,0.68204675,0,0.29795325,1,0.74,0.26,0.92,0.08,0.96,0.04,0.15,0.85,1,1,0,0.01,0.99,0.35,0.65
Linyi City,Largecities,8,山东省,262.1406,230.5299887,3319.76594,132,14132.46772,85,547.7663443,104,0.45224072,5772.704107,159,24574.79108,102,952.5048097,125,1.493183822,10697.02358,415,45537.95153,267,1765.024887,326,19.21064443,5532.943233,159,23554.11286,102,912.9439071,125,0.901098092,6455.100439,658,27479.79834,423,1065.101225,517,9.553444227,13832.35808,850,58885.28215,546,2282.359768,668,0.12146778,0.09189605,0.662976425,0.6,0.721870455,0.257104545,0.021025,0.520250789,0.412274211,0.067475,1,1,0.02,0.465223316,0.453325723,0.061450961,1,0.74,0.26,0.92,0.08,0.96,0.04,0.15,0.85,1,1,0,0.01,0.99,0.35,0.65
Liuzhou City,Largecities,8,广西壮族自治区,79.6307,69.08998061,5159.904166,132,11995.3408,85,844.7550318,104,0.195924152,8972.500021,159,20858.56484,102,1468.935139,125,0.465468289,16626.35787,415,38651.6537,267,2721.988436,326,6.80391147,8599.840276,159,19992.23467,102,1407.925053,125,0.588959876,10033.14699,658,23324.27378,423,1642.579228,517,2.486455605,21499.60069,850,49980.58668,546,3519.812632,668,0.125953104,0.111446448,0.359824394,0.6,0.69616,0.282815,0.021025,0.479023368,0.453501632,0.067475,1,1,0.02,0.465223316,0.453325723,0.061450961,1,0.74,0.26,0.92,0.08,0.96,0.04,0.15,0.85,1,1,0,0.01,0.99,0.35,0.65
Lu'an City,Medium-small-cities,8,安徽省,59.2794,50.77051138,2747.855918,132,14986.03284,85,266.1112472,104,0.162080318,4778.216123,159,26059.04599,102,462.737891,125,0.372719113,8854.202401,415,48288.32802,267,857.4695745,326,5.050081498,4579.759863,159,24976.72139,102,443.5187454,125,0.208014012,5343.053173,658,29139.50829,423,517.4385363,517,2.715993675,11449.39966,850,62441.80348,546,1108.796864,668,0.130459173,0.101421171,0,0.6,0.728780568,0.259565682,0.01165375,0.517767656,0.438111094,0.04412125,1,1,0.02,0.68204675,0,0.29795325,1,0.74,0.26,0.92,0.08,0.96,0.04,0.15,0.85,1,1,0,0.01,0.99,0.35,0.65
Liupanshui City,Medium-small-cities,8,贵州省,55.52,48.07030321,3213.295677,132,14107.79152,85,678.912802,104,0.198113507,5587.56415,159,24531.88192,102,1180.553928,125,0.3259963,10353.95274,415,45458.43934,267,2187.607918,326,5.647807273,5355.492795,159,23512.98587,102,1131.521337,125,0.307128346,6248.074928,658,27431.81685,423,1320.108226,517,0.970651361,13388.73199,850,58782.46467,546,2828.803342,668,0.1446724,0.142742974,0.197369086,0.6,0.728780568,0.259565682,0.01165375,0.517767656,0.438111094,0.04412125,1,1,0.02,0.68204675,0,0.29795325,1,0.74,0.26,0.92,0.08,0.96,0.04,0.15,0.85,1,1,0,0.01,0.99,0.35,0.65
Longyan City,Medium-small-cities,8,福建省,109,95.31367775,3736.171367,132,13421.90889,85,841.9197397,104,0.355468001,6496.786876,159,23339.20824,102,1464.004881,125,0.572609087,12038.7744,415,43248.3731,267,2712.852495,326,10.1670282,6226.952278,159,22369.84816,102,1403.199566,125,0.323298951,7264.777657,658,26098.15618,423,1637.066161,517,2.267918013,15567.38069,850,55924.62039,546,3507.998915,668,0.095205431,0.094862735,5.29E-02,0.6,0.728780568,0.259565682,0.01165375,0.517767656,0.438111094,0.04412125,1,1,0.02,0.68204675,0,0.29795325,1,0.74,0.26,0.92,0.08,0.96,0.04,0.15,0.85,1,1,0,0.01,0.99,0.35,0.65
Longnan City,Medium-small-cities,8,甘肃省,19.11,15.59837643,3091.765073,132,14582.572,85,325.662923,104,0.060506596,5376.235932,159,25357.47243,102,566.2916384,125,0.133898857,9962.354123,415,46988.28757,267,1049.358308,326,2.568168865,5152.941788,159,24304.28667,102,542.7715384,125,0.145103782,6011.765419,658,28355.00112,423,633.2334615,517,0.603945471,12882.35447,850,60760.71668,546,1356.928846,668,0.142835521,0.132665636,0.137916613,0.6,0.754737136,0.233609114,0.01165375,0.561578766,0.394299984,0.04412125,1,1,0.02,0.68204675,0,0.29795325,1,0.74,0.26,0.92,0.08,0.96,0.04,0.15,0.85,1,1,0,0.01,0.99,0.35,0.65
Loudi City,Medium-small-cities,8,湖南省,40.8804,36.53540449,1503.178808,132,16128.47682,85,368.3443709,104,0.198528664,2613.860927,159,28045.62914,102,640.5099338,125,0.290483746,4843.576159,415,51969.53642,267,1186.887417,326,2.788832585,2505.298013,159,26880.7947,102,613.9072848,125,0.232481309,2922.847682,658,31360.92715,423,716.2251656,517,0.834669204,6263.245033,850,67201.98675,546,1534.768212,668,0.136313511,0.11334414,0,0.6,0.702824,0.28552225,0.01165375,0.473956547,0.481922203,0.04412125,1,1,0.02,0.68204675,0,0.29795325,1,0.74,0.26,0.92,0.08,0.96,0.04,0.15,0.85,1,1,0,0.01,0.99,0.35,0.65
Luzhou City,Medium-small-cities,8,四川省,73.38,65.73868632,2635.624612,132,14744.91256,85,619.4628291,104,0.134792404,4583.058353,159,25639.76462,102,1077.177031,125,0.474543121,8492.568194,415,47511.38491,267,1996.046894,326,4.904227743,4392.707687,159,24574.85427,102,1032.438048,125,0.384681519,5124.825634,658,28670.66331,423,1204.511056,517,1.743068897,10981.76922,850,61437.13566,546,2581.095121,668,0.135468205,0.117490043,0.77411205,0.6,0.728780568,0.259565682,0.01165375,0.517767656,0.438111094,0.04412125,1,1,0.02,0.68204675,0,0.29795325,1,0.74,0.26,0.92,0.08,0.96,0.04,0.15,0.85,1,1,0,0.01,0.99,0.35,0.65
Luoyang City,Largecities,8,河南省,119.8284,105.7639602,3912.330431,132,13613.88945,85,473.7801174,104,0.272450935,6803.107917,159,23673.0411,102,823.850982,125,0.591181208,12606.39806,415,43866.97712,267,1526.624823,326,8.593774297,6520.550719,159,22689.81575,102,789.6335291,125,0.295590604,7607.309172,658,26471.45171,423,921.2391172,517,4.311442746,16301.3768,850,56724.53938,546,1974.083823,668,0.108957466,0.101136179,4.976806099,0.6,0.734725682,0.244249318,0.021025,0.5408645,0.3916605,0.067475,1,1,0.02,0.465223316,0.453325723,0.061450961,1,0.74,0.26,0.92,0.08,0.96,0.04,0.15,0.85,1,1,0,0.01,0.99,0.35,0.65
Luohe City,Medium-small-cities,8,河南省,36.537,32.24859728,3798.895028,132,13783.42541,85,417.679558,104,0.083073293,6605.856354,159,23967.8453,102,726.2983425,125,0.180257667,12240.88398,415,44413.25967,267,1345.856354,326,2.62033651,6331.491713,159,22972.37569,102,696.1325967,125,0.090128833,7386.740331,658,26801.10497,423,812.1546961,517,1.314606417,15828.72928,850,57430.93923,546,1740.331492,668,0.13280035,0.10759741,0,0.6,0.741758852,0.246587398,0.01165375,0.539673211,0.416205539,0.04412125,1,1,0.02,0.68204675,0,0.29795325,1,0.74,0.26,0.92,0.08,0.96,0.04,0.15,0.85,1,1,0,0.01,0.99,0.35,0.65
Lüliang City,Medium-small-cities,8,山西省,46,40.71965971,4745.473298,132,12703.75888,85,550.7678203,104,0.079305862,8251.850791,159,22090.42517,102,957.7240431,125,0.234667345,15290.96952,415,40934.33417,267,1774.69631,326,2.8790628,7909.122164,159,21172.93147,102,917.9463672,125,0.082556102,9227.309191,658,24701.75338,423,1070.937428,517,2.004748177,19772.80541,850,52932.32867,546,2294.865918,668,0.111020624,0.125780428,2.38E-01,0.6,0.754737136,0.233609114,0.01165375,0.561578766,0.394299984,0.04412125,1,1,0.02,0.68204675,0,0.29795325,1,0.74,0.26,0.92,0.08,0.96,0.04,0.15,0.85,1,1,0,0.01,0.99,0.35,0.65
Ma'anshan City,Medium-small-cities,8,安徽省,30.7566,26.34183731,4462.56648,132,13009.68226,85,527.7512614,104,0.08409396,7759.907269,159,22622.39193,102,917.7008046,125,0.193382063,14379.38088,415,41920.08728,267,1700.531842,326,2.620190768,7437.6108,159,21682.80376,102,879.5854357,125,0.107926257,8677.212601,658,25296.60439,423,1026.183008,517,1.409169645,18594.027,850,54207.00941,546,2198.963589,668,0.113024567,0.094200394,0.00E+00,0.6,0.741758852,0.246587398,0.01165375,0.539673211,0.416205539,0.04412125,1,1,0.02,0.68204675,0,0.29795325,1,0.74,0.26,0.92,0.08,0.96,0.04,0.15,0.85,1,1,0,0.01,0.99,0.35,0.65
Maoming City,Largecities,8,广东省,71.5422,63.51489398,2920.427549,132,14566.75528,85,512.8171662,104,0.158608261,5078.299016,159,25329.96891,102,891.7320724,125,0.540317246,9410.266547,415,46937.32258,267,1652.410869,326,5.676571134,4867.379248,159,24277.92547,102,854.695277,125,0.343445514,5678.609123,658,28324.24639,423,997.1444899,517,1.308363862,12168.44812,850,60694.81369,546,2136.738193,668,0.116014016,0.118384086,0,0.6,0.709015227,0.269959773,0.021025,0.499637079,0.432887921,0.067475,1,1,0.02,0.465223316,0.453325723,0.061450961,1,0.74,0.26,0.92,0.08,0.96,0.04,0.15,0.85,1,0.9,0.1,0.01,0.99,0.35,0.65
Meishan City,Medium-small-cities,8,四川省,59.77,53.54594278,2228.840294,132,15138.4093,85,632.7504038,104,0.109792069,3875.705622,159,26324.01173,102,1100.282647,125,0.386528241,7181.818724,415,48779.31886,267,2038.862412,326,3.994626495,3714.733823,159,25230.68217,102,1054.584006,125,0.313333529,4333.856127,658,29435.79587,423,1230.348007,517,1.419776887,9286.834557,850,63076.70543,546,2636.460016,668,0.142985026,0.100730548,0,0.6,0.715802284,0.272543966,0.01165375,0.495862102,0.460016648,0.04412125,1,1,0.02,0.68204675,0,0.29795325,1,0.74,0.26,0.92,0.08,0.96,0.04,0.15,0.85,1,1,0,0.01,0.99,0.35,0.65
Meizhou City,Medium-small-cities,8,广东省,57.8645,51.37188377,3350.75983,132,14030.12599,85,619.1141799,104,0.128284952,5826.599038,159,24396.83019,102,1076.570768,125,0.437017415,10796.89279,415,45208.18375,267,1994.923468,326,4.59130346,5584.599717,159,23383.54332,102,1031.856966,125,0.277784342,6515.366336,658,27280.80054,423,1203.833127,517,1.058226064,13961.49929,850,58458.85829,546,2579.642416,668,0.133921199,0.124119786,0.264408782,0.6,0.715802284,0.272543966,0.01165375,0.495862102,0.460016648,0.04412125,1,1,0.02,0.68204675,0,0.29795325,1,0.74,0.26,0.92,0.08,0.96,0.04,0.15,0.85,1,1,0,0.01,0.99,0.35,0.65
Mianyang City,Medium-small-cities,8,四川省,85.25,76.37262208,2223.80315,132,15206.05291,85,570.1439433,104,0.156596517,3866.946588,159,26441.63644,102,991.4169681,125,0.551305548,7165.587927,415,48997.28159,267,1837.130484,326,5.697539045,3706.338583,159,25343.42151,102,950.2399055,125,0.446907869,4324.06168,658,29567.3251,423,1108.613223,517,2.025028938,9265.846458,850,63358.55378,546,2375.599764,668,0.133761348,0.122501066,7.554345727,0.6,0.728780568,0.259565682,0.01165375,0.517767656,0.438111094,0.04412125,1,1,0.02,0.68204675,0,0.29795325,1,0.74,0.26,0.92,0.08,0.96,0.04,0.15,0.85,1,1,0,0.01,0.99,0.35,0.65
Mudanjiang City,Medium-small-cities,8,黑龙江省,28.9631,24.6961845,3610.849565,132,13901.63573,85,487.514702,104,0.118525431,6278.866188,159,24173.39991,102,847.7338985,125,0.287847474,11634.95971,415,44794.15958,267,1570.880707,326,2.464764551,6018.082608,159,23169.39289,102,812.5245034,125,0.236486455,7021.096376,658,27030.95837,423,947.945254,517,1.159291593,15045.20652,850,57923.48222,546,2031.311258,668,0.144202561,0.128242151,0.322409776,0.6,0.728780568,0.259565682,0.01165375,0.517767656,0.438111094,0.04412125,1,1,0.02,0.68204675,0,0.29795325,1,0.74,0.26,0.92,0.08,0.96,0.04,0.15,0.85,1,1,0,0.01,0.99,0.35,0.65
Nagqu City,Medium-small-cities,8,西藏自治区,13.7757,9.001351382,1880.700584,132,15846.17389,85,273.1255256,104,0.072150135,3270.32935,159,27554.73571,102,474.9349417,125,0.106981235,6060.035217,415,51059.89365,267,880.0711379,326,3.092504082,3134.500974,159,26410.28982,102,455.2092093,125,0.462756041,3656.917803,658,30812.00479,423,531.0774108,517,1.039957125,7836.252435,850,66025.72454,546,1138.023023,668,0.133459656,0.102757648,0,0.6,0.741758852,0.246587398,0.01165375,0.539673211,0.416205539,0.04412125,1,1,0.02,0.68204675,0,0.29795325,1,0.74,0.26,0.92,0.08,0.96,0.04,0.15,0.85,1,1,0,0.01,0.99,0.35,0.65
Nanchang City,Largecities,8,江西省,116.5112,100.1767981,2446.134559,132,14908.48308,85,645.3823652,104,0.272759573,4253.556206,159,25924.19557,102,1122.248224,125,0.590329648,7881.989135,415,48038.44547,267,2079.565399,326,9.451119213,4076.890932,159,24847.47179,102,1075.637275,125,0.744243978,4756.372754,658,28988.71709,423,1254.910155,517,5.27594946,10192.22733,850,62118.67948,546,2689.093188,668,0.131403654,0.075132952,3.313574248,0.6,0.709015227,0.269959773,0.021025,0.499637079,0.432887921,0.067475,1,1,0.02,0.465223316,0.453325723,0.061450961,1,0.74,0.26,0.92,0.08,0.96,0.04,0.15,0.85,1,1,0,0.01,0.99,0.35,0.65
Nanchong City,Medium-small-cities,8,四川省,83.57,74.8675663,2232.821635,132,15187.67255,85,579.5058185,104,0.15351051,3882.628731,159,26409.67504,102,1007.696229,125,0.54044111,7194.64749,415,48938.05598,267,1867.296526,326,5.585259096,3721.369391,159,25312.78758,102,965.8430309,125,0.43810077,4341.597623,658,29531.58551,423,1126.816869,517,1.985122209,9303.423478,850,63281.96894,546,2414.607577,668,0.142947442,0.11736634,0.845619499,0.6,0.728780568,0.259565682,0.01165375,0.517767656,0.438111094,0.04412125,1,1,0.02,0.68204675,0,0.29795325,1,0.74,0.26,0.92,0.08,0.96,0.04,0.15,0.85,1,1,0,0.01,0.99,0.35,0.65
Nanjing City,Extra-large-cities,8,江苏省,269.94,249.8792773,7277.461191,132,9801.139713,85,921.3990961,104,0.560038552,12654.6964,159,17043.09295,102,1602.21065,125,1.633327626,23449.59717,415,31581.45019,267,2968.952643,326,9.160529332,12129.10198,159,16335.23286,102,1535.66516,125,1.585121776,14150.61898,658,19057.77166,423,1791.609354,517,7.121705438,30322.75496,850,40838.08214,546,3839.1629,668,0.125028745,0.080311477,4.789311616,0.6,0.707900781,0.208599219,0.0835,0.518569602,0.314930398,0.1665,1,1,0.02,0.013248421,0.885273042,0.081478537,1,0.74,0.26,0.92,0.08,0.96,0.04,0.15,0.85,1,1,0,0.01,0.99,0.35,0.65
Nanning City,Largecities,8,广西壮族自治区,176.1627,152.8440354,4883.750662,132,12308.89621,85,807.3531301,104,0.433432428,8492.299763,159,21403.80285,102,1403.897387,125,1.029730375,15736.52991,415,39661.99889,267,2601.471197,326,15.05192614,8139.584437,159,20514.82701,102,1345.58855,125,1.302924148,9496.181844,658,23933.96485,423,1569.853308,517,5.500651543,20348.96109,850,51287.06753,546,3363.971375,668,0.137960415,0.107477746,3.532664218,0.6,0.721870455,0.257104545,0.021025,0.520250789,0.412274211,0.067475,1,1,0.02,0.465223316,0.453325723,0.061450961,1,0.74,0.26,0.92,0.08,0.96,0.04,0.15,0.85,1,1,0,0.01,0.99,0.35,0.65
Nanping City,Medium-small-cities,8,福建省,29.25,25.57729426,3347.172609,132,13388.69044,85,1264.136955,104,0.095389349,5820.361259,159,23281.44504,102,2198.193705,125,0.153658861,10785.33396,415,43141.33585,267,4073.330188,326,2.728308026,5578.621015,159,22314.48406,102,2106.894925,125,0.086756829,6508.391184,658,26033.56474,423,2458.044079,517,0.608592678,13946.55254,850,55786.21015,546,5267.237312,668,0.087224097,0.105205594,0.195824028,0.6,0.702824,0.28552225,0.01165375,0.473956547,0.481922203,0.04412125,1,1,0.02,0.68204675,0,0.29795325,1,0.74,0.26,0.92,0.08,0.96,0.04,0.15,0.85,1,1,0,0.01,0.99,0.35,0.65
Nantong City,Extra-large-cities,8,江苏省,181.23,167.7618042,3129.873106,132,14295.01534,85,575.1115583,104,0.375993876,5442.501567,159,24857.44333,102,1000.055099,125,1.096569481,10085.14667,415,46061.71608,267,1853.137244,326,6.150117548,5216.455176,159,23825.02556,102,958.5192639,125,1.064205451,6085.864372,658,27795.86315,423,1118.272475,517,4.781309463,13041.13794,850,59562.5639,546,2396.29816,668,0.109912848,0.082596472,0.975391725,0.6,0.696921875,0.219578125,0.0835,0.501994318,0.331505682,0.1665,1,1,0.02,0.013248421,0.885273042,0.081478537,1,0.74,0.26,0.92,0.08,0.96,0.04,0.15,0.85,1,0.9,0.1,0.01,0.99,0.35,0.65
Nanyang City,Largecities,8,河南省,114.3854,100.9598133,3139.654786,132,14505.26788,85,355.0773369,104,0.260075318,5459.510822,159,25223.04914,102,617.4400359,125,0.564327813,10116.66542,415,46739.19649,267,1144.138086,326,8.203416807,5232.757977,159,24175.44646,102,591.7955615,125,0.282163906,6104.884306,658,28204.68754,423,690.4281551,517,4.115602838,13081.89494,850,60438.61615,546,1479.488904,668,0.139676666,0.109355285,1.906452036,0.6,0.747580909,0.231394091,0.021025,0.561478211,0.371046789,0.067475,1,1,0.02,0.465223316,0.453325723,0.061450961,1,0.74,0.26,0.92,0.08,0.96,0.04,0.15,0.85,1,1,0,0.01,0.99,0.35,0.65
Neijiang City,Medium-small-cities,8,四川省,47.01,42.1146858,1365.546549,132,16199.57504,85,434.8784135,104,0.086353106,2374.533722,159,28169.26104,102,756.2052412,125,0.30401025,4400.094436,415,52198.63068,267,1401.274888,326,3.141833554,2275.910915,159,26999.29173,102,724.7973558,125,0.246441512,2655.229401,658,31499.17368,423,845.5969151,517,1.116675781,5689.777288,850,67498.22932,546,1811.993389,668,0.126183411,0.114255208,0,0.6,0.728780568,0.259565682,0.01165375,0.517767656,0.438111094,0.04412125,1,1,0.02,0.68204675,0,0.29795325,1,0.74,0.26,0.92,0.08,0.96,0.04,0.15,0.85,1,1,0,0.01,0.99,0.35,0.65
Ningbo City,Extra-large-cities,8,浙江省,277.0211,250.5567161,5973.626374,132,11129.14286,85,897.2307692,104,0.535377598,10387.47253,159,19352.34286,102,1560.184615,125,1.254791246,19248.35165,415,35860.57143,267,2891.076923,326,19.69687646,9956.043956,159,18548.57143,102,1495.384615,125,0.654164503,11615.38462,658,21640,423,1744.615385,517,4.323174108,24890.10989,850,46371.42857,546,3738.461538,668,0.119233746,0.087125367,2.715850826,0.6,0.674964063,0.241535938,0.0835,0.46884375,0.36465625,0.1665,1,1,0.02,0.013248421,0.885273042,0.081478537,1,0.74,0.26,0.92,0.08,0.96,0.04,0.15,0.85,1,0.9,0.1,0.01,0.99,0.35,0.65
Ningde City,Medium-small-cities,8,福建省,27.78,24.29187126,3955.652857,132,13416.97402,85,627.3731199,104,0.090595423,6878.440801,159,23330.62705,102,1090.932147,125,0.145936518,12745.99254,415,43232.47185,267,2021.535609,326,2.591193059,6592.754761,159,22361.62337,102,1045.621867,125,0.082396742,7691.547221,658,26088.5606,423,1219.892178,517,0.578006995,16481.8869,850,55904.05843,546,2614.054666,668,0.104290887,0.09385401,0,0.6,0.715802284,0.272543966,0.01165375,0.495862102,0.460016648,0.04412125,1,1,0.02,0.68204675,0,0.29795325,1,0.74,0.26,0.92,0.08,0.96,0.04,0.15,0.85,1,0.9,0.1,0.01,0.99,0.35,0.65
Panzhihua City,Medium-small-cities,8,四川省,25.2,22.57583667,2394.851291,132,14988.93276,85,616.2159532,104,0.046290114,4164.3803,159,26064.08863,102,1071.531074,125,0.162966567,7716.743048,415,48297.67221,267,1985.584738,326,1.684199225,3991.418818,159,24981.55459,102,1027.026589,125,0.13210649,4656.655288,658,29145.14703,423,1198.197687,517,0.598600929,9978.547045,850,62453.88648,546,2567.566471,668,0.10064077,0.13221486,0.234516064,0.6,0.728780568,0.259565682,0.01165375,0.517767656,0.438111094,0.04412125,1,1,0.02,0.68204675,0,0.29795325,1,0.74,0.26,0.92,0.08,0.96,0.04,0.15,0.85,1,1,0,0.01,0.99,0.35,0.65
Panjin City,Medium-small-cities,8,辽宁省,36.0316,31.37697702,3393.777463,132,14104.7176,85,501.5049333,104,0.169014401,5901.401922,159,24526.53672,102,872.0613562,125,0.315325375,10935.50516,415,45448.5345,267,1615.960341,326,2.610053241,5656.295772,159,23507.86267,102,835.8415555,125,0.186672622,6599.011734,658,27425.83978,423,975.1484814,517,1.373557335,14140.73943,850,58769.65668,546,2089.603889,668,0.120570772,0.113230466,0,0.6,0.754737136,0.233609114,0.01165375,0.561578766,0.394299984,0.04412125,1,1,0.02,0.68204675,0,0.29795325,1,0.74,0.26,0.92,0.08,0.96,0.04,0.15,0.85,1,0.9,0.1,0.01,0.99,0.35,0.65
Pingdingshan City,Medium-small-cities,8,河南省,71.3472,62.97307167,4066.522151,132,13382.33302,85,551.1448313,104,0.162220403,7071.230186,159,23270.39019,102,958.3796234,125,0.351996053,13103.23804,415,43120.85083,267,1775.911123,326,5.116831515,6777.536919,159,22303.88836,102,918.5747189,125,0.175998027,7907.126406,658,26021.20309,423,1071.670505,517,2.567082327,16943.8423,850,55759.72091,546,2296.436797,668,0.128639081,0.105953035,0,0.6,0.741758852,0.246587398,0.01165375,0.539673211,0.416205539,0.04412125,1,1,0.02,0.68204675,0,0.29795325,1,0.74,0.26,0.92,0.08,0.96,0.04,0.15,0.85,1,1,0,0.01,0.99,0.35,0.65
Pingliang City,Medium-small-cities,8,甘肃省,23.89,19.50001114,3125.07054,132,14260.15181,85,614.7776497,104,0.075641161,5434.150439,159,24796.81954,102,1069.030024,125,0.167391088,10069.67174,415,45949.37806,267,1980.950205,326,3.210547054,5208.4509,159,23766.91968,102,1024.629416,125,0.18139871,6076.52605,658,27728.07296,423,1195.400986,517,0.755010847,13021.12725,850,59417.29921,546,2561.573541,668,0.150785904,0.129907019,0,0.6,0.754737136,0.233609114,0.01165375,0.561578766,0.394299984,0.04412125,1,1,0.02,0.68204675,0,0.29795325,1,0.74,0.26,0.92,0.08,0.96,0.04,0.15,0.85,1,1,0,0.01,0.99,0.35,0.65
Pingxiang City,Medium-small-cities,8,江西省,24.34,20.92762985,2369.365776,132,15418.82728,85,211.8069406,104,0.056981372,4120.063821,159,26811.62744,102,368.3087355,125,0.123323969,7634.623055,415,49682.88791,267,682.4890307,326,1.974404535,3948.94296,159,25698.04547,102,353.0115676,125,0.155477743,4607.10012,658,29981.05305,423,411.8468289,517,1.102182536,9872.357399,850,64245.11368,546,882.528919,668,0.124990386,0.114434933,0,0.6,0.702824,0.28552225,0.01165375,0.473956547,0.481922203,0.04412125,1,1,0.02,0.68204675,0,0.29795325,1,0.74,0.26,0.92,0.08,0.96,0.04,0.15,0.85,1,1,0,0.01,0.99,0.35,0.65
Putian City,Medium-small-cities,8,福建省,38.77,33.90193841,2922.184925,132,14355.50809,85,722.3069881,104,0.126435728,5081.354898,159,24962.63351,102,1256.011596,125,0.203670223,9415.929204,415,46256.63717,267,2327.433628,326,3.616290672,4870.308209,159,23925.84681,102,1203.84498,125,0.114993581,5682.026244,658,27913.48795,423,1404.48581,517,0.806671389,12175.77052,850,59814.61703,546,3009.61245,668,0.091502614,0.085154195,0,0.6,0.728780568,0.259565682,0.01165375,0.517767656,0.438111094,0.04412125,1,1,0.02,0.68204675,0,0.29795325,1,0.74,0.26,0.92,0.08,0.96,0.04,0.15,0.85,1,0.9,0.1,0.01,0.99,0.35,0.65
Puyang City,Medium-small-cities,8,河南省,68.6431,60.58635596,5197.01963,132,12240.72217,85,562.2582032,104,0.156072157,9037.039691,159,21285.25577,102,977.7045422,125,0.3386552,16745.95214,415,39442.32698,267,1811.720877,326,4.922900652,8661.699384,159,20401.20361,102,937.0970053,125,0.1693276,10105.31595,658,23801.40421,423,1093.27984,517,2.469788427,21654.24846,850,51003.00903,546,2342.742513,668,0.127686048,0.118157537,0,0.6,0.754737136,0.233609114,0.01165375,0.561578766,0.394299984,0.04412125,1,1,0.02,0.68204675,0,0.29795325,1,0.74,0.26,0.92,0.08,0.96,0.04,0.15,0.85,1,1,0,0.01,0.99,0.35,0.65
Pu'er City,Medium-small-cities,8,云南省,29.6,25.16376529,1452.67353,132,16375.45666,85,171.8698107,104,0.082916531,2526.037861,159,28475.09963,102,298.8625042,125,0.126577893,4680.836931,415,52765.36035,267,553.8027233,326,3.382353578,2421.122551,159,27292.42776,102,286.4496845,125,0.199480351,2824.642976,658,31841.16573,423,334.1912986,517,0.644906355,6052.806377,850,68231.06941,546,716.1242112,668,0.151222129,0.109744503,0.557916697,0.6,0.728780568,0.259565682,0.01165375,0.517767656,0.438111094,0.04412125,1,1,0.02,0.68204675,0,0.29795325,1,0.74,0.26,0.92,0.08,0.96,0.04,0.15,0.85,1,1,0,0.01,0.99,0.35,0.65
Qitaihe City,Medium-small-cities,8,黑龙江省,14.1179,12.03801607,3791.540327,132,13598.68505,85,609.7746234,104,0.057774554,6593.067346,159,23646.60234,102,1060.330317,125,0.140309631,12217.1855,415,43817.98516,267,1964.829342,326,1.201435601,6319.233878,159,22664.47508,102,1016.291039,125,0.115273991,7372.439524,658,26441.8876,423,1185.672879,517,0.565090159,15798.08469,850,56661.18771,546,2540.727598,668,0.138143266,0.123351932,0,0.6,0.741758852,0.246587398,0.01165375,0.539673211,0.416205539,0.04412125,1,1,0.02,0.68204675,0,0.29795325,1,0.74,0.26,0.92,0.08,0.96,0.04,0.15,0.85,1,1,0,0.01,0.99,0.35,0.65
Qiqihar City,Medium-small-cities,8,黑龙江省,7.8219,6.669558352,2939.433873,132,14479.93477,85,580.6313567,104,0.03200949,5111.348901,159,25178.99768,102,1009.653415,125,0.077737333,9471.509146,415,46657.56759,267,1870.92326,326,0.66564497,4899.056455,159,24133.22462,102,967.7189278,125,0.063866554,5715.565864,658,28155.42872,423,1129.005416,517,0.3130833,12247.64114,850,60333.06154,546,2419.297319,668,0.128634027,0.131532761,0.140909048,0.6,0.741758852,0.246587398,0.01165375,0.539673211,0.416205539,0.04412125,1,1,0.02,0.68204675,0,0.29795325,1,0.74,0.26,0.92,0.08,0.96,0.04,0.15,0.85,1,1,0,0.01,0.99,0.35,0.65
Qinzhou City,Medium-small-cities,8,广西壮族自治区,75.1807,65.22902731,3499.455826,132,13639.54465,85,860.9995198,104,0.184975329,6085.164853,159,23717.65265,102,1497.182498,125,0.439456539,11276.02433,415,43949.64389,267,2774.331786,326,6.423688691,5832.426376,159,22732.57442,102,1434.9992,125,0.556047049,6804.497439,658,26521.33683,423,1674.165733,517,2.347505082,14581.06594,850,56831.43606,546,3587.497999,668,0.131075007,0.127934219,0,0.6,0.728780568,0.259565682,0.01165375,0.517767656,0.438111094,0.04412125,1,1,0.02,0.68204675,0,0.29795325,1,0.74,0.26,0.92,0.08,0.96,0.04,0.15,0.85,1,0.9,0.1,0.01,0.99,0.35,0.65
Qinhuangdao City,Medium-small-cities,8,河北省,71.2,61.65566519,3813.279264,132,13485.09549,85,701.6252489,104,0.095465045,6630.868942,159,23449.08271,102,1220.04835,125,0.292904114,12287.23318,415,43451.97435,267,2260.792469,326,5.83898928,6355.46544,159,22475.15915,102,1169.375415,125,0.191797953,7414.709679,658,26221.019,423,1364.271317,517,3.125178418,15888.6636,850,56187.89786,546,2923.438537,668,0.117466532,0.106038839,0.890290584,0.6,0.741758852,0.246587398,0.01165375,0.539673211,0.416205539,0.04412125,1,1,0.02,0.68204675,0,0.29795325,1,0.74,0.26,0.92,0.08,0.96,0.04,0.15,0.85,1,0.9,0.1,0.01,0.99,0.35,0.65
Qingdao City,Extra-large-cities,8,山东省,291.0938,255.9918243,6001.288464,132,11124.7394,85,873.972137,104,0.502190311,10435.57383,159,19344.68573,102,1519.740438,125,1.658104669,19337.48505,415,35846.38251,267,2816.132441,326,21.3324433,10002.14744,159,18541.23233,102,1456.620228,125,1.000623588,11669.17201,658,21631.43772,423,1699.390266,517,10.60861379,25005.3686,850,46353.08083,546,3641.550571,668,0.135733308,0.100798064,6.51E+00,0.6,0.718879688,0.197620313,0.0835,0.535144886,0.298355114,0.1665,1,1,0.02,0.013248421,0.885273042,0.081478537,1,0.74,0.26,0.92,0.08,0.96,0.04,0.15,0.85,1,0.9,0.1,0.01,0.99,0.35,0.65
Qingyuan City,Medium-small-cities,8,广东省,68.8998,61.16898128,2973.07071,132,14433.07097,85,593.8583224,104,0.152750089,5169.839624,159,25097.50674,102,1032.653638,125,0.520360713,9579.894511,415,46506.56201,267,1913.543483,326,5.466907865,4955.11785,159,24055.11828,102,989.7638706,125,0.330760407,5780.970826,658,28064.30466,423,1154.724516,517,1.260039647,12387.79463,850,60137.7957,546,2474.409677,668,0.124656185,0.112977541,0,0.6,0.702824,0.28552225,0.01165375,0.473956547,0.481922203,0.04412125,1,1,0.02,0.68204675,0,0.29795325,1,0.74,0.26,0.92,0.08,0.96,0.04,0.15,0.85,1,1,0,0.01,0.99,0.35,0.65
Qingyang City,Medium-small-cities,8,甘肃省,31.7,25.87485781,2975.093417,132,14482.95058,85,541.9560024,104,0.100369393,5173.356885,159,25184.24184,102,942.4012709,125,0.22211375,9586.41212,415,46667.28521,267,1746.302674,326,4.260123131,4958.489028,159,24138.25097,102,903.260004,125,0.240700674,5784.903866,658,28161.2928,423,1053.803338,517,1.001835239,12396.22257,850,60345.62742,546,2258.15001,668,0.158816954,0.135879566,0.855702387,0.6,0.754737136,0.233609114,0.01165375,0.561578766,0.394299984,0.04412125,1,1,0.02,0.68204675,0,0.29795325,1,0.74,0.26,0.92,0.08,0.96,0.04,0.15,0.85,1,1,0,0.01,0.99,0.35,0.65
Qujing City,Medium-small-cities,8,云南省,76.69,65.19625541,1324.827586,132,16129.65517,85,545.5172414,104,0.214826648,2303.727969,159,28047.67816,102,948.5938697,125,0.327947927,4268.888889,415,51973.33333,267,1757.777778,326,8.763266753,2208.045977,159,26882.75862,102,909.1954023,125,0.516829328,2576.05364,658,31363.21839,423,1060.727969,517,1.670873931,5520.114943,850,67206.89655,546,2272.988506,668,0.13328377,0.120765966,0,0.6,0.728780568,0.259565682,0.01165375,0.517767656,0.438111094,0.04412125,1,1,0.02,0.68204675,0,0.29795325,1,0.74,0.26,0.92,0.08,0.96,0.04,0.15,0.85,1,1,0,0.01,0.99,0.35,0.65
Quzhou City,Medium-small-cities,8,浙江省,46.658,42.20066724,3134.733897,132,14216.72344,85,648.5426617,104,0.090172366,5450.953943,159,24721.30243,102,1127.743628,125,0.211341483,10100.80922,415,45809.4422,267,2089.748576,326,3.317497699,5224.556495,159,23694.53907,102,1080.904436,125,0.11017936,6095.31591,658,27643.62891,423,1261.055175,517,0.728141855,13061.39124,850,59236.34767,546,2702.26109,668,0.113171529,0.110548856,0.168766814,0.6,0.702824,0.28552225,0.01165375,0.473956547,0.481922203,0.04412125,1,1,0.02,0.68204675,0,0.29795325,1,0.74,0.26,0.92,0.08,0.96,0.04,0.15,0.85,1,1,0,0.01,0.99,0.35,0.65
Quanzhou City,Extra-large-cities,8,福建省,160.18,140.0673844,3106.877114,132,14230.55242,85,662.5704622,104,0.522374902,5402.514092,159,24745.34949,102,1152.136415,125,0.841472693,10011.04848,415,45854.00225,267,2134.949267,326,14.94086768,5178.128523,159,23717.58737,102,1104.284104,125,0.475101155,6041.149944,658,27670.5186,423,1288.331454,517,3.33279915,12945.32131,850,59293.96843,546,2760.710259,668,0.10809035,0.089200698,1.931387824,0.6,0.685942969,0.230557031,0.0835,0.485419034,0.348080966,0.1665,1,1,0.02,0.013248421,0.885273042,0.081478537,1,0.74,0.26,0.92,0.08,0.96,0.04,0.15,0.85,1,0.9,0.1,0.01,0.99,0.35,0.65
Shigatse City,Medium-small-cities,8,西藏自治区,13.6951,8.948685534,1749.551761,132,15964.62293,85,285.8253076,104,0.071727993,3042.276117,159,27760.70543,102,497.0184516,125,0.106355301,5637.444563,415,51441.56278,267,920.9926579,326,3.074410204,2915.919601,159,26607.70489,102,476.3755127,125,0.46004851,3401.906202,658,31042.32237,423,555.7714315,517,1.033872458,7289.799003,850,66519.26222,546,1190.938782,668,0.153425648,0.111100035,0.075613302,0.6,0.702824,0.28552225,0.01165375,0.473956547,0.481922203,0.04412125,1,1,0.02,0.68204675,0,0.29795325,1,0.74,0.26,0.92,0.08,0.96,0.04,0.15,0.85,1,1,0,0.01,0.99,0.35,0.65
Rizhao City,Medium-small-cities,8,山东省,70.3935,61.90499587,3909.934142,132,13478.50295,85,611.562911,104,0.121441727,6798.941036,159,23437.61901,102,1063.439951,125,0.400969691,12598.67668,415,43430.73172,267,1970.591602,326,5.158699181,6516.556903,159,22464.17158,102,1019.271518,125,0.241974912,7602.64972,658,26208.20017,423,1189.150105,517,2.56541862,16291.39226,850,56160.42895,546,2548.178796,668,0.118014482,0.100332856,3.670584934,0.6,0.741758852,0.246587398,0.01165375,0.539673211,0.416205539,0.04412125,1,1,0.02,0.68204675,0,0.29795325,1,0.74,0.26,0.92,0.08,0.96,0.04,0.15,0.85,1,0.9,0.1,0.01,0.99,0.35,0.65
Sanmenxia City,Medium-small-cities,8,河南省,32.4525,28.6435012,3797.513321,132,13642.98401,85,559.5026643,104,0.073786464,6603.45372,159,23723.63331,102,972.9129663,125,0.16010652,12236.43181,415,43960.72627,267,1802.841918,326,2.327407028,6329.188869,159,22738.30669,102,932.5044405,125,0.08005326,7384.053681,658,26528.02447,423,1087.921847,517,1.167645531,15822.97217,850,56845.76673,546,2331.261101,668,0.120469903,0.12173592,0,0.6,0.741758852,0.246587398,0.01165375,0.539673211,0.416205539,0.04412125,1,1,0.02,0.68204675,0,0.29795325,1,0.74,0.26,0.92,0.08,0.96,0.04,0.15,0.85,1,1,0,0.01,0.99,0.35,0.65
Sanming City,Medium-small-cities,8,福建省,31.08,27.17751472,3363.313656,132,13931.99095,85,704.6953918,104,0.101357298,5848.428746,159,24226.18427,102,1225.386987,125,0.163272389,10837.344,415,44891.97085,267,2270.685151,326,2.899002169,5605.522759,159,23219.98492,102,1174.49232,125,0.092184692,6539.776553,658,27089.98241,423,1370.24104,517,0.646668733,14013.8069,850,58049.9623,546,2936.230799,668,0.105753951,0.104052248,0.088881641,0.6,0.702824,0.28552225,0.01165375,0.473956547,0.481922203,0.04412125,1,1,0.02,0.68204675,0,0.29795325,1,0.74,0.26,0.92,0.08,0.96,0.04,0.15,0.85,1,1,0,0.01,0.99,0.35,0.65
Sanya City,Medium-small-cities,8,海南省,21.6115,18.57366902,2083.773391,132,14984.15791,85,932.0687003,104,0.090232603,3623.450397,159,26055.7857,102,1620.763907,125,0.264365697,6714.380928,415,48282.28659,267,3003.332479,326,2.214656351,3472.955652,159,24973.59651,102,1553.447834,125,0.178882178,4051.781594,658,29135.8626,423,1812.355806,517,0.289694147,8682.389131,850,62433.99128,546,3883.619585,668,0.140287311,0.101272979,3.123914546,0.6,0.728780568,0.259565682,0.01165375,0.517767656,0.438111094,0.04412125,1,1,0.02,0.68204675,0,0.29795325,1,0.74,0.26,0.92,0.08,0.96,0.04,0.15,0.85,1,0.9,0.1,0.01,0.99,0.35,0.65
Xiamen City,Largecities,8,福建省,140.53,122.8846893,6883.963849,132,10081.11177,85,1034.924383,104,0.458292827,11970.44825,159,17529.93324,102,1799.618511,125,0.738245459,22181.66129,415,32483.58236,267,3334.756347,326,13.10800434,11473.27308,159,16801.85295,102,1724.873972,125,0.416818363,13385.48526,658,19602.16177,423,2012.352968,517,2.92394971,28683.18271,850,42004.63236,546,4312.184931,668,0.107590528,0.089690489,6.370580825,0.6,0.721870455,0.257104545,0.021025,0.520250789,0.412274211,0.067475,1,1,0.02,0.465223316,0.453325723,0.061450961,1,0.74,0.26,0.92,0.08,0.96,0.04,0.15,0.85,1,0.9,0.1,0.01,0.99,0.35,0.65
Shannan City,Medium-small-cities,8,西藏自治区,13.6951,8.948685534,2495.666996,132,15294.68369,85,209.6493101,104,0.071727993,4339.687609,159,26595.75554,102,364.5568559,125,0.106355301,8041.593652,415,49282.86968,267,675.5366658,326,3.074410204,4159.444993,159,25491.13949,102,349.4155168,125,0.46004851,4852.685825,658,29739.66274,423,407.6514363,517,1.033872458,10398.61248,850,63727.84873,546,873.538792,668,0.138673681,0.081464771,0,0.6,0.715802284,0.272543966,0.01165375,0.495862102,0.460016648,0.04412125,1,1,0.02,0.68204675,0,0.29795325,1,0.74,0.26,0.92,0.08,0.96,0.04,0.15,0.85,1,1,0,0.01,0.99,0.35,0.65
Shantou City,Medium-small-cities,8,广东省,79.0098,70.14460096,6190.96145,132,10590.06079,85,1218.977765,104,0.175163847,10765.39408,159,18414.93903,102,2119.666891,125,0.59671575,19948.65356,415,34123.5292,267,3927.817243,326,6.269093626,10318.26908,159,17650.10131,102,2031.629608,125,0.379294477,12037.9806,658,20591.78486,423,2370.234543,517,1.444931342,25795.67271,850,44125.25327,546,5079.074021,668,0.132097113,0.10403233,0,0.6,0.715802284,0.272543966,0.01165375,0.495862102,0.460016648,0.04412125,1,1,0.02,0.68204675,0,0.29795325,1,0.74,0.26,0.92,0.08,0.96,0.04,0.15,0.85,1,0.9,0.1,0.01,0.99,0.35,0.65
Shanwei City,Medium-small-cities,8,广东省,28.4348,25.24430766,3786.803785,132,13533.71399,85,679.4822228,104,0.063039635,6584.831026,159,23533.62489,102,1181.544087,125,0.214751752,12201.92331,415,43608.63397,267,2189.442718,326,2.256181175,6311.339642,159,22556.18999,102,1132.470371,125,0.136504112,7363.229582,658,26315.55498,423,1321.215433,517,0.520015666,15778.3491,850,56390.47497,546,2831.175928,668,0.128191312,0.109519596,0,0.6,0.715802284,0.272543966,0.01165375,0.495862102,0.460016648,0.04412125,1,1,0.02,0.68204675,0,0.29795325,1,0.74,0.26,0.92,0.08,0.96,0.04,0.15,0.85,1,0.9,0.1,0.01,0.99,0.35,0.65
Shangluo City,Medium-small-cities,8,陕西省,10.6124,9.516446099,2012.406417,132,15408.77005,85,578.8235294,104,0.027189394,3499.351159,159,26794.13904,102,1006.509804,125,0.067499252,6484.420677,415,49650.48128,267,1865.098039,326,0.697439581,3354.010695,159,25681.28342,102,964.7058824,125,0.026082849,3913.012478,658,29961.49733,423,1125.490196,517,0.277742825,8385.026738,850,64203.20856,546,2411.764706,668,0.152158513,0.128139169,0,0.6,0.741758852,0.246587398,0.01165375,0.539673211,0.416205539,0.04412125,1,1,0.02,0.68204675,0,0.29795325,1,0.74,0.26,0.92,0.08,0.96,0.04,0.15,0.85,1,1,0,0.01,0.99,0.35,0.65
Shangqiu City,Medium-small-cities,8,河南省,111.034,98.00177218,2444.221186,132,15186.14371,85,369.6351069,104,0.252455321,4250.229063,159,26407.01656,102,642.7543803,125,0.547793463,7875.823823,415,48933.12972,267,1191.046456,326,7.963063308,4073.701977,159,25310.23951,102,616.0585115,125,0.273896732,4752.652307,658,29528.61276,423,718.7349301,517,3.995018993,10184.25494,850,63275.59878,546,1540.146279,668,0.114091388,0.101375827,0,0.6,0.754737136,0.233609114,0.01165375,0.561578766,0.394299984,0.04412125,1,1,0.02,0.68204675,0,0.29795325,1,0.74,0.26,0.92,0.08,0.96,0.04,0.15,0.85,1,1,0,0.01,0.99,0.35,0.65
Shanghai,Megacities,8,上海市,411.22,370.8034168,9438.098888,132,7395.937141,85,1165.963971,104,2.437984255,16411.80529,159,12860.71292,102,2027.481794,125,4.945910681,30411.65197,415,23831.35301,267,3756.995017,326,7.733605793,15730.16481,159,12326.5619,102,1943.273285,125,4.566224609,18351.85895,658,14380.98888,423,2267.152166,517,20.73285791,39325.41204,850,30816.40475,546,4858.183212,668,0.121654218,0.103792351,25.83040689,0.6,0.4915,0.1785,0.33,0.3915,0.1785,0.43,1,1,0.02,0.112,0.476341463,0.391658537,1,0.74,0.26,0.92,0.08,0.96,0.04,0.15,0.85,1,0.9,0.1,0.01,0.99,0.35,0.65
Shangrao City,Medium-small-cities,8,江西省,67.1715,57.75432572,3042.689076,132,14499.4958,85,457.8151261,104,0.157252433,5290.898226,159,25213.01214,102,796.0896359,125,0.340339194,9804.220355,415,46720.59757,267,1475.182073,326,5.448796804,5071.148459,159,24165.82633,102,763.0252101,125,0.429074496,5916.339869,658,28193.46405,423,890.1960784,517,3.041711347,12677.87115,850,60414.56583,546,1907.563025,668,0.146373293,0.114338365,0.167707916,0.6,0.702824,0.28552225,0.01165375,0.473956547,0.481922203,0.04412125,1,1,0.02,0.68204675,0,0.29795325,1,0.74,0.26,0.92,0.08,0.96,0.04,0.15,0.85,1,1,0,0.01,0.99,0.35,0.65
Shaoguan City,Medium-small-cities,8,广东省,42.2016,37.46642052,2658.982089,132,14607.9092,85,733.1087072,104,0.093560477,4623.67441,159,25401.531,102,1274.794585,125,0.318724505,8567.831176,415,47069.92966,267,2362.239168,326,3.348518558,4431.636815,159,24346.51534,102,1221.847845,125,0.202593018,5170.242951,658,28404.2679,423,1425.489153,517,0.771782925,11079.09204,850,60866.28835,546,3054.619613,668,0.14955356,0.118895435,0,0.6,0.702824,0.28552225,0.01165375,0.473956547,0.481922203,0.04412125,1,1,0.02,0.68204675,0,0.29795325,1,0.74,0.26,0.92,0.08,0.96,0.04,0.15,0.85,1,1,0,0.01,0.99,0.35,0.65
Shaoyang City,Medium-small-cities,8,湖南省,60.6648,54.2170088,1754.173124,132,15781.97919,85,463.8476865,104,0.294608215,3050.312154,159,27443.10826,102,806.5795882,125,0.431065702,5652.335621,415,50853.04406,267,1494.620323,326,4.138510655,2923.621873,159,26303.29865,102,773.0794775,125,0.344992518,3410.892185,658,30687.18176,423,901.9260571,517,1.238614112,7309.054682,850,65758.24662,546,1932.698694,668,0.103995307,0.098036413,0.138167079,0.6,0.715802284,0.272543966,0.01165375,0.495862102,0.460016648,0.04412125,1,1,0.02,0.68204675,0,0.29795325,1,0.74,0.26,0.92,0.08,0.96,0.04,0.15,0.85,1,1,0,0.01,0.99,0.35,0.65
Shaoxing City,Largecities,8,浙江省,153.3721,138.7201542,3431.813224,132,13792.28418,85,775.9026008,104,0.296410586,5967.541883,159,23983.24971,102,1349.208411,125,0.694712311,11058.06483,415,44441.80457,267,2500.130603,326,10.90513071,5719.688706,159,22987.14029,102,1293.171001,125,0.362176685,6672.970157,658,26818.33034,423,1508.699502,517,2.393515482,14299.22177,850,57467.85073,546,3232.927503,668,0.128397682,0.057359358,0,0.6,0.709015227,0.269959773,0.021025,0.499637079,0.432887921,0.067475,1,1,0.02,0.465223316,0.453325723,0.061450961,1,0.74,0.26,0.92,0.08,0.96,0.04,0.15,0.85,1,1,0,0.01,0.99,0.35,0.65
Shenzhen City,Megacities,8,广东省,341.4152,303.1071204,7346.938776,132,220.4081633,85,10432.65306,104,0.756913696,12775.5102,159,383.2653061,102,18141.22449,125,2.578513389,23673.46939,415,710.2040816,267,33616.32653,326,27.08985283,12244.89796,159,367.3469388,102,17387.7551,125,1.638997945,14285.71429,658,428.5714286,423,20285.71429,517,6.243801696,30612.2449,850,918.3673469,546,43469.38776,668,0.13437714,0.104480749,12.03681092,0.6,0.4915,0.1785,0.33,0.3915,0.1785,0.43,1,1,0.02,0.112,0.476341463,0.391658537,1,0.74,0.26,0.92,0.08,0.96,0.04,0.15,0.85,1,0.9,0.1,0.01,0.99,0.35,0.65
Shenyang City,Largecities,8,辽宁省,257.9958,224.6674666,8851.440803,132,8253.63914,85,894.920057,104,1.210187881,15391.67206,159,14352.16139,102,1556.166544,125,2.257813211,28521.30925,415,26595.05945,267,2883.631295,326,18.68867255,14752.40134,159,13756.06523,102,1491.533428,125,1.336625421,17211.13489,658,16048.74277,423,1740.122333,517,9.835034347,36881.00334,850,34390.16309,546,3728.833571,668,0.11443302,0.088667309,4.810995242,0.6,0.734725682,0.244249318,0.021025,0.5408645,0.3916605,0.067475,1,1,0.02,0.465223316,0.453325723,0.061450961,1,0.74,0.26,0.92,0.08,0.96,0.04,0.15,0.85,1,1,0,0.01,0.99,0.35,0.65
Shiyan City,Medium-small-cities,8,湖北省,39.0369,34.3656815,2256.822231,132,15446.65687,85,296.5208965,104,0.126347771,3924.363102,159,26860.02001,102,515.6168923,125,0.280975549,7271.982745,415,49772.56103,267,955.4562221,326,2.908735512,3761.370385,159,25744.42812,102,494.2014942,125,0.265011029,4388.26545,658,30035.16614,423,576.5684099,517,1.090148639,9403.425964,850,64361.0703,546,1235.503735,668,0.115716772,0.096846016,0.430392109,0.6,0.741758852,0.246587398,0.01165375,0.539673211,0.416205539,0.04412125,1,1,0.02,0.68204675,0,0.29795325,1,0.74,0.26,0.92,0.08,0.96,0.04,0.15,0.85,1,1,0,0.01,0.99,0.35,0.65
Shijiazhuang City,Largecities,8,河北省,287.6,249.0473217,3893.337501,132,13427.64833,85,679.0141721,104,0.385614422,6770.081322,159,23349.18848,102,1180.730199,125,1.183135159,12545.19862,415,43266.86683,267,2187.934555,326,23.58558029,6488.895836,159,22379.41388,102,1131.690287,125,0.77473443,7570.378475,658,26109.31619,423,1320.305335,517,12.62361395,16222.23959,850,55948.53469,546,2829.225717,668,0.12844216,0.099327646,2.416664789,0.6,0.747580909,0.231394091,0.021025,0.561478211,0.371046789,0.067475,1,1,0.02,0.465223316,0.453325723,0.061450961,1,0.74,0.26,0.92,0.08,0.96,0.04,0.15,0.85,1,1,0,0.01,0.99,0.35,0.65
Shizuishan City,Medium-small-cities,8,宁夏回族自治区,12.2,9.498921712,3689.368015,132,13739.29804,85,571.3339425,104,0.028801123,6415.401048,159,23891.11271,102,993.4862445,125,0.077062464,11887.9636,415,44271.07147,267,1840.964926,326,1.918777515,6148.946692,159,22898.83007,102,952.2232375,125,0.063829516,7173.77114,658,26715.30175,423,1110.92711,517,0.612607669,15372.36673,850,57247.07518,546,2380.558094,668,0.176461065,0.148825737,0,0.6,0.754737136,0.233609114,0.01165375,0.561578766,0.394299984,0.04412125,1,1,0.02,0.68204675,0,0.29795325,1,0.74,0.26,0.92,0.08,0.96,0.04,0.15,0.85,1,1,0,0.01,0.99,0.35,0.65
Shuangyashan City,Medium-small-cities,8,黑龙江省,22.4332,19.12828551,3381.130226,132,14167.54062,85,451.3291519,104,0.09180318,5879.409781,159,24635.77897,102,784.8112475,125,0.222950581,10894.75295,415,45650.96423,267,1454.282823,326,1.909068992,5635.217043,159,23612.5677,102,752.2152532,125,0.183169203,6574.419883,658,27547.99565,423,877.5844621,517,0.897922535,14088.04261,850,59031.41926,546,1880.538133,668,0.143104671,0.143123041,0,0.6,0.741758852,0.246587398,0.01165375,0.539673211,0.416205539,0.04412125,1,1,0.02,0.68204675,0,0.29795325,1,0.74,0.26,0.92,0.08,0.96,0.04,0.15,0.85,1,1,0,0.01,0.99,0.35,0.65
Shuozhou City,Medium-small-cities,8,山西省,25.9063,22.93251566,4929.133858,132,12278.21522,85,792.6509186,104,0.04466351,8571.216098,159,21350.45203,102,1378.331875,125,0.132160057,15882.76465,415,39563.13794,267,2554.097404,326,1.62143184,8215.223097,159,20463.69204,102,1321.084864,125,0.046493981,9584.426947,658,23874.30738,423,1541.265675,517,1.12903495,20538.05774,850,51159.2301,546,3302.712161,668,0.133878111,0.131770211,0,0.6,0.754737136,0.233609114,0.01165375,0.561578766,0.394299984,0.04412125,1,1,0.02,0.68204675,0,0.29795325,1,0.74,0.26,0.92,0.08,0.96,0.04,0.15,0.85,1,1,0,0.01,0.99,0.35,0.65
Siping City,Medium-small-cities,8,吉林省,42.0783,37.21748885,2710.471766,132,15289.52823,85,0,104,0.125573297,4713.209238,159,26586.79076,102,0,125,0.338298212,8733.742359,415,49266.25764,267,0,326,2.794474424,4517.452944,159,25482.54706,102,0,125,0.171491891,5270.361768,658,29729.63823,423,0,517,1.430973322,11293.63236,850,63706.36764,546,0,668,0.121442352,0.12858193,0,0.6,0.728780568,0.259565682,0.01165375,0.517767656,0.438111094,0.04412125,1,1,0.02,0.68204675,0,0.29795325,1,0.74,0.26,0.92,0.08,0.96,0.04,0.15,0.85,1,1,0,0.01,0.99,0.35,0.65
Songyuan City,Medium-small-cities,8,吉林省,45.6072,40.33873654,3240.479099,132,14349.8883,85,409.6326012,104,0.136104512,5634.833099,159,24952.86132,102,712.3055787,125,0.366669618,10441.54376,415,46238.52897,267,1319.92727,326,3.028833246,5400.798498,159,23916.4805,102,682.721002,125,0.185874072,6300.93158,658,27902.56058,423,796.5078356,517,1.550982014,13501.99624,850,59791.20125,546,1706.802505,668,0.160012968,0.131578015,0.824680311,0.6,0.754737136,0.233609114,0.01165375,0.561578766,0.394299984,0.04412125,1,1,0.02,0.68204675,0,0.29795325,1,0.74,0.26,0.92,0.08,0.96,0.04,0.15,0.85,1,1,0,0.01,0.99,0.35,0.65
Suzhou City (Jiangsu),Extra-large-cities,8,江苏省,419.1,387.9543791,6476.357729,132,10593.76108,85,929.881194,104,0.869497508,11261.6665,159,18421.37343,102,1616.960076,125,2.535850959,20868.26379,415,34135.45236,267,2996.283847,326,14.22233772,10793.92955,159,17656.26846,102,1549.80199,125,2.461008136,12592.91781,658,20598.97987,423,1808.102322,517,11.05692654,26984.82387,850,44140.67115,546,3874.504975,668,0.126382927,0.074394051,0,0.6,0.696921875,0.219578125,0.0835,0.501994318,0.331505682,0.1665,1,1,0.02,0.013248421,0.885273042,0.081478537,1,0.74,0.26,0.92,0.08,0.96,0.04,0.15,0.85,1,1,0,0.01,0.99,0.35,0.65
Suqian City,Largecities,8,江苏省,107.5,99.51108508,4789.456233,132,12842.00928,85,368.5344828,104,0.223027874,8328.332228,159,22330.82725,102,640.8405172,125,0.650450914,15432.69231,415,41379.80769,267,1187.5,326,3.648058469,7982.427056,159,21403.34881,102,614.2241379,125,0.631253578,9312.831565,658,24970.57361,423,716.5948276,517,2.836124081,19956.06764,850,53508.37202,546,1535.560345,668,0.135030073,0.103282176,0,0.6,0.734725682,0.244249318,0.021025,0.5408645,0.3916605,0.067475,1,1,0.02,0.465223316,0.453325723,0.061450961,1,0.74,0.26,0.92,0.08,0.96,0.04,0.15,0.85,1,1,0,0.01,0.99,0.35,0.65
Suzhou City (Anhui),Medium-small-cities,8,安徽省,58.2996,49.93135061,2995.621808,132,14667.5701,85,336.8080892,104,0.159401373,5209.053476,159,25505.27468,102,585.6718441,125,0.366558622,9652.559158,415,47262.17033,267,1085.27051,326,4.966611189,4992.703013,159,24445.95017,102,561.3468154,125,0.204575851,5824.820181,658,28520.2752,423,654.904618,517,2.671102353,12481.75753,850,61114.87543,546,1403.367038,668,0.13494188,0.108636472,0,0.6,0.741758852,0.246587398,0.01165375,0.539673211,0.416205539,0.04412125,1,1,0.02,0.68204675,0,0.29795325,1,0.74,0.26,0.92,0.08,0.96,0.04,0.15,0.85,1,1,0,0.01,0.99,0.35,0.65
Suihua City,Medium-small-cities,8,黑龙江省,33.2348,28.33856709,2448.473817,132,15122.3569,85,429.1692856,104,0.13600647,4257.623915,159,26296.09838,102,746.2777022,125,0.330301426,7889.526743,415,48727.59445,267,1382.878809,326,2.82828692,4080.789695,159,25203.92816,102,715.2821426,125,0.27136529,4760.92131,658,29404.58286,423,834.4958331,517,1.330272804,10201.97424,850,63009.82041,546,1788.205357,668,0.148949994,0.137557229,0,0.6,0.728780568,0.259565682,0.01165375,0.517767656,0.438111094,0.04412125,1,1,0.02,0.68204675,0,0.29795325,1,0.74,0.26,0.92,0.08,0.96,0.04,0.15,0.85,1,1,0,0.01,0.99,0.35,0.65
Suizhou City,Medium-small-cities,8,湖北省,23.3725,20.5757089,2527.561222,132,14944.14381,85,528.2949647,104,0.075647997,4395.148124,159,25986.20563,102,918.6462442,125,0.168228036,8144.363937,415,48153.35229,267,1702.283775,326,1.741542508,4212.602036,159,24906.90636,102,880.4916078,125,0.158669625,4914.702375,658,29058.05742,423,1027.240209,517,0.652702932,10531.50509,850,62267.26589,546,2201.22902,668,0.121643868,0.086017314,0,0.6,0.754737136,0.233609114,0.01165375,0.561578766,0.394299984,0.04412125,1,1,0.02,0.68204675,0,0.29795325,1,0.74,0.26,0.92,0.08,0.96,0.04,0.15,0.85,1,1,0,0.01,0.99,0.35,0.65
Suining City,Medium-small-cities,8,四川省,44.72,40.06315143,1889.743027,132,15400.61498,85,709.6419943,104,0.082146584,3286.053152,159,26779.95827,102,1233.988579,125,0.289200986,6089.171975,415,49624.20382,267,2286.624204,326,2.988785291,3149.571711,159,25667.69163,102,1182.736657,125,0.234436597,3674.500329,658,29945.64024,423,1379.859433,517,1.06227911,7873.929277,850,64169.22908,546,2956.841643,668,0.156459988,0.121901186,0,0.6,0.728780568,0.259565682,0.01165375,0.517767656,0.438111094,0.04412125,1,1,0.02,0.68204675,0,0.29795325,1,0.74,0.26,0.92,0.08,0.96,0.04,0.15,0.85,1,1,0,0.01,0.99,0.35,0.65
Tacheng Prefecture,Medium-small-cities,8,新疆维吾尔族自治区,23.1583,19.18367152,2474.124682,132,15264.00676,85,261.8685623,104,0.118837377,4302.227918,159,26542.41175,102,455.3603334,125,0.161126353,7972.179529,415,49184.02177,267,843.7987009,326,2.608533954,4123.541136,159,25440.01126,102,436.4476039,125,0.154167408,4810.797992,658,29680.01314,423,509.1888712,517,0.931963393,10308.85284,850,63600.02815,546,1091.11901,668,0.150211391,0.1303629,0.365621273,0.6,0.728780568,0.259565682,0.01165375,0.517767656,0.438111094,0.04412125,1,1,0.02,0.68204675,0,0.29795325,1,0.74,0.26,0.92,0.08,0.96,0.04,0.15,0.85,1,1,0,0.01,0.99,0.35,0.65
Taizhou City (Zhejiang),Largecities,8,浙江省,175.2182,158.4792523,3618.945923,132,13768.7438,85,612.3102738,104,0.338630881,6292.944855,159,23942.31561,102,1064.739532,125,0.793666127,11661.04797,415,44365.95225,267,1972.999771,326,12.45844175,6031.576539,159,22947.90634,102,1020.517123,125,0.413764608,7036.839295,658,26772.55739,423,1190.60331,517,2.734444363,15078.94135,850,57369.76585,546,2551.292808,668,0.118595322,0.088090863,0.28216515,0.6,0.69616,0.282815,0.021025,0.479023368,0.453501632,0.067475,1,1,0.02,0.465223316,0.453325723,0.061450961,1,0.74,0.26,0.92,0.08,0.96,0.04,0.15,0.85,1,0.9,0.1,0.01,0.99,0.35,0.65
Taiyuan City,Largecities,8,山西省,168.37,149.0428067,5800.813542,132,11521.32266,85,677.8637974,104,0.290276694,10086.97021,159,20034.29996,102,1178.729825,125,0.858933497,18691.5103,415,37124.26191,267,2184.227792,326,10.53799573,9668.022569,159,19202.20444,102,1129.772996,125,0.30217328,11279.35966,658,22402.57184,423,1318.068495,517,7.337814143,24170.05642,850,48005.51109,546,2824.432489,668,0.125081763,0.096006312,3.639664026,0.6,0.747580909,0.231394091,0.021025,0.561478211,0.371046789,0.067475,1,1,0.02,0.465223316,0.453325723,0.061450961,1,0.74,0.26,0.92,0.08,0.96,0.04,0.15,0.85,1,1,0,0.01,0.99,0.35,0.65
Tai'an City,Medium-small-cities,8,山东省,85.3328,75.04281832,3140.834262,132,14249.5804,85,609.5853388,104,0.147214765,5461.5618,159,24778.43703,102,1060.001173,125,0.486065708,10120.46596,415,45915.31462,267,1964.219425,326,6.253507007,5234.72377,159,23749.30066,102,1015.975565,125,0.293328173,6107.177732,658,27707.51744,423,1185.304826,517,3.109866024,13086.80943,850,59373.25166,546,2539.938912,668,0.105388511,0.114902486,0.00E+00,0.6,0.741758852,0.246587398,0.01165375,0.539673211,0.416205539,0.04412125,1,1,0.02,0.68204675,0,0.29795325,1,0.74,0.26,0.92,0.08,0.96,0.04,0.15,0.85,1,1,0,0.01,0.99,0.35,0.65
Taizhou City (Jiangsu),Largecities,8,江苏省,82.87,76.71147554,3983.383495,132,13374.81476,85,641.8017491,104,0.171928558,6926.661299,159,23257.31677,102,1116.02193,125,0.501422021,12835.34682,415,43096.62533,267,2068.027858,326,2.812228887,6638.972491,159,22291.35793,102,1069.669582,125,0.486623107,7745.467906,658,26006.58425,423,1247.947845,517,2.186321885,16597.43123,850,55728.39482,546,2674.173954,668,0.135101503,0.084685651,0,0.6,0.734725682,0.244249318,0.021025,0.5408645,0.3916605,0.067475,1,1,0.02,0.465223316,0.453325723,0.061450961,1,0.74,0.26,0.92,0.08,0.96,0.04,0.15,0.85,1,1,0,0.01,0.99,0.35,0.65
Tangshan City,Largecities,8,河北省,213.8,185.1401856,3950.672099,132,13442.34603,85,606.9818706,104,0.286663294,6869.779817,159,23374.74615,102,1055.474031,125,0.879535108,12729.94343,415,43314.2261,267,1955.830472,326,17.53336949,6584.453498,159,22403.91005,102,1011.636451,125,0.575932619,7681.862415,658,26137.89506,423,1180.242526,517,9.384313845,16461.13375,850,56009.77513,546,2529.091128,668,0.134042709,0.108390076,0.170168515,0.6,0.734725682,0.244249318,0.021025,0.5408645,0.3916605,0.067475,1,1,0.02,0.465223316,0.453325723,0.061450961,1,0.74,0.26,0.92,0.08,0.96,0.04,0.15,0.85,1,0.9,0.1,0.01,0.99,0.35,0.65
Tianjin,Extra-large-cities,8,天津市,306.93,267.33,5872.427473,132,10682.6184,85,1444.954128,104,1.2,10211.49888,159,18575.88644,102,2512.614679,125,2.74,18922.2663,415,34421.77039,267,4655.963303,326,26.57,9787.379122,159,17804.364,102,2408.256881,125,1.01,11418.60898,658,20771.758,423,2809.633028,517,8.08,24468.44781,850,44510.90999,546,6020.642202,668,0.089187943,0.089782632,5.380644622,0.6,0.718879688,0.197620313,0.0835,0.535144886,0.298355114,0.1665,1,1,0.02,0.013248421,0.885273042,0.081478537,1,0.74,0.26,0.92,0.08,0.96,0.04,0.15,0.85,1,0.9,0.1,0.01,0.99,0.35,0.65
Tianshui City,Medium-small-cities,8,甘肃省,30.44,24.84639343,3280.462675,132,14144.29476,85,575.2425692,104,0.096379947,5704.360096,159,24595.35699,102,1000.282912,125,0.213285254,10570.37973,415,45576.06088,267,1853.55939,326,4.090793316,5467.437792,159,23573.82459,102,958.7376153,125,0.231133392,6378.677424,658,27502.79536,423,1118.527218,517,0.962014658,13668.59448,850,58934.56148,546,2396.844038,668,0.130267798,0.1310418,0.186505779,0.6,0.741758852,0.246587398,0.01165375,0.539673211,0.416205539,0.04412125,1,1,0.02,0.68204675,0,0.29795325,1,0.74,0.26,0.92,0.08,0.96,0.04,0.15,0.85,1,1,0,0.01,0.99,0.35,0.65
Tieling City,Medium-small-cities,8,辽宁省,37.023,32.2403063,3349.463476,132,14174.77601,85,475.7605189,104,0.173664788,5824.344822,159,24648.3605,102,827.2946801,125,0.32400147,10792.71564,415,45674.27824,267,1533.006117,326,2.68186817,5582.439126,159,23624.62668,102,792.9341982,125,0.19180887,6512.845648,658,27562.06445,423,925.0898979,517,1.411350404,13956.09782,850,59061.56669,546,1982.335496,668,0.151479776,0.119472283,0,0.6,0.741758852,0.246587398,0.01165375,0.539673211,0.416205539,0.04412125,1,1,0.02,0.68204675,0,0.29795325,1,0.74,0.26,0.92,0.08,0.96,0.04,0.15,0.85,1,1,0,0.01,0.99,0.35,0.65
Tonghua City,Medium-small-cities,8,吉林省,25.0754,22.17873393,3066.361534,132,14431.97186,85,501.6666072,104,0.074831936,5332.062,159,25095.59551,102,872.3424891,125,0.20159947,9880.498275,415,46503.02044,267,1616.48129,326,1.665289804,5110.602556,159,24053.28643,102,836.1110119,125,0.102195853,5962.369649,658,28062.1675,423,975.4628473,517,0.852749004,12776.50639,850,60133.21608,546,2090.27753,668,0.146177231,0.107543864,0.051884465,0.6,0.741758852,0.246587398,0.01165375,0.539673211,0.416205539,0.04412125,1,1,0.02,0.68204675,0,0.29795325,1,0.74,0.26,0.92,0.08,0.96,0.04,0.15,0.85,1,1,0,0.01,0.99,0.35,0.65
Tongliao City,Largecities,8,内蒙古自治区,133.838,117.3420898,3022.894631,132,14270.18342,85,706.921944,104,0.282240545,5256.477886,159,24814.2634,102,1229.258714,125,0.709100213,9740.438256,415,45981.70215,267,2277.859597,326,10.35659521,5038.157719,159,23783.63904,102,1178.20324,125,0.342887274,5877.850672,658,27747.57888,423,1374.570447,517,4.805086967,12595.3943,850,59459.0976,546,2945.5081,668,0.134796293,0.114049509,0.693945782,0.6,0.747580909,0.231394091,0.021025,0.561478211,0.371046789,0.067475,1,1,0.02,0.465223316,0.453325723,0.061450961,1,0.74,0.26,0.92,0.08,0.96,0.04,0.15,0.85,1,1,0,0.01,0.99,0.35,0.65
Tongchuan City,Medium-small-cities,8,陕西省,9.8757,8.855825896,3202.027516,132,13781.31789,85,1016.654598,104,0.025301939,5567.97007,159,23964.18055,102,1767.849385,125,0.062813536,10317.64422,415,44406.46874,267,3275.887038,326,0.649024167,5336.712527,159,22968.86314,102,1694.42433,125,0.024272209,6226.164615,658,26797.007,423,1976.828385,517,0.258462253,13341.78132,850,57422.15786,546,4236.060825,668,0.141109364,0.12105106,0,0.6,0.754737136,0.233609114,0.01165375,0.561578766,0.394299984,0.04412125,1,1,0.02,0.68204675,0,0.29795325,1,0.74,0.26,0.92,0.08,0.96,0.04,0.15,0.85,1,1,0,0.01,0.99,0.35,0.65
Tongling City,Medium-small-cities,8,安徽省,19.7746,16.93617942,3753.720078,132,13691.17964,85,555.1002804,104,0.054067239,6527.302135,159,23807.44016,102,965.2577097,125,0.124332759,12095.32025,415,44116.02329,267,1788.656459,326,1.684621329,6256.200129,159,22818.63274,102,925.1671339,125,0.069389938,7298.900151,658,26621.73819,423,1079.361656,517,0.906009314,15640.50032,850,57046.58184,546,2312.917835,668,0.117967483,0.096419383,0,0.6,0.728780568,0.259565682,0.01165375,0.517767656,0.438111094,0.04412125,1,1,0.02,0.68204675,0,0.29795325,1,0.74,0.26,0.92,0.08,0.96,0.04,0.15,0.85,1,1,0,0.01,0.99,0.35,0.65
Tongren City,Medium-small-cities,8,贵州省,34.9589,30.2681002,2557.963056,132,14943.14901,85,498.8879294,104,0.124744782,4448.013536,159,25984.47579,102,867.5106772,125,0.205267868,8242.325402,415,48150.14683,267,1607.527773,326,3.556216312,4263.27176,159,24905.24836,102,831.4798823,125,0.193387413,4973.817053,658,29056.12308,423,970.0598627,517,0.611183427,10658.1794,850,62263.1209,546,2078.699706,668,0.140666966,0.135642911,0.393072116,0.6,0.715802284,0.272543966,0.01165375,0.495862102,0.460016648,0.04412125,1,1,0.02,0.68204675,0,0.29795325,1,0.74,0.26,0.92,0.08,0.96,0.04,0.15,0.85,1,1,0,0.01,0.99,0.35,0.65
Turpan City,Medium-small-cities,8,新疆维吾尔族自治区,10.01,8.291996903,2511.189766,132,15233.95906,85,254.8511704,104,0.051366557,4366.679982,159,26490.16215,102,443.1578686,125,0.069645647,8091.611469,415,49087.20143,267,821.1871047,326,1.12751907,4185.316277,159,25389.93177,102,424.7519507,125,0.066637696,4882.86899,658,29621.58707,423,495.5439425,517,0.402834127,10463.29069,850,63474.82943,546,1061.879877,668,0.119842283,0.133717192,0.358277325,0.6,0.754737136,0.233609114,0.01165375,0.561578766,0.394299984,0.04412125,1,1,0.02,0.68204675,0,0.29795325,1,0.74,0.26,0.92,0.08,0.96,0.04,0.15,0.85,1,1,0,0.01,0.99,0.35,0.65
Weihai City,Largecities,8,山东省,80.9722,71.20804771,4453.251666,132,12842.99095,85,703.7573796,104,0.139691929,7743.709842,159,22332.53427,102,1223.755888,125,0.461227216,14349.36648,415,41382.97085,267,2267.662667,326,5.933945916,7422.086111,159,21404.98492,102,1172.928966,125,0.27833878,8659.100462,658,24972.48241,423,1368.417127,517,2.950948448,18555.21528,850,53512.46231,546,2932.322415,668,0.12343713,0.108513062,0.694734665,0.6,0.747580909,0.231394091,0.021025,0.561478211,0.371046789,0.067475,1,1,0.02,0.465223316,0.453325723,0.061450961,1,0.74,0.26,0.92,0.08,0.96,0.04,0.15,0.85,1,0.9,0.1,0.01,0.99,0.35,0.65
Weifang City,Largecities,8,山东省,246.0261,216.3586795,3336.153397,132,14126.10438,85,537.7422264,104,0.424440245,5801.200073,159,24563.72594,102,935.0739826,125,1.401393727,10749.82761,415,45517.44744,267,1732.724952,326,18.02971355,5560.255661,159,23543.50729,102,896.237044,125,0.845705127,6486.964938,658,27467.42518,423,1045.609885,517,8.966167868,13900.63915,850,58858.76824,546,2240.59261,668,0.115206706,0.105771716,0.122884369,0.6,0.734725682,0.244249318,0.021025,0.5408645,0.3916605,0.067475,1,1,0.02,0.465223316,0.453325723,0.061450961,1,0.74,0.26,0.92,0.08,0.96,0.04,0.15,0.85,1,0.9,0.1,0.01,0.99,0.35,0.65
Weinan City,Medium-small-cities,8,陕西省,59.7456,53.57560797,2273.408051,132,15367.44233,85,359.1496205,104,0.153070623,3953.204001,159,26722.27471,102,624.5212846,125,0.380006721,7325.425944,415,49517.31417,267,1157.259888,326,3.926439467,3789.013419,159,25612.40388,102,598.5827009,125,0.146841005,4420.515656,658,29881.13786,423,698.3464844,517,1.563634212,9472.533548,850,64031.0097,546,1496.456752,668,0.12421849,0.127555805,0,0.6,0.754737136,0.233609114,0.01165375,0.561578766,0.394299984,0.04412125,1,1,0.02,0.68204675,0,0.29795325,1,0.74,0.26,0.92,0.08,0.96,0.04,0.15,0.85,1,1,0,0.01,0.99,0.35,0.65
Wenzhou City,Largecities,8,浙江省,234.9526,212.5071047,3026.124377,132,14354.7164,85,619.1592187,104,0.45407501,5262.094056,159,24961.25686,102,1076.649086,125,1.064238305,9750.845216,415,46254.08619,267,1995.068594,326,16.70570341,5043.540629,159,23924.52734,102,1031.932031,125,0.554822903,5884.130734,658,27911.94856,423,1203.920703,517,3.666655705,12608.85157,850,59811.31835,546,2579.830078,668,0.117103506,0.084792344,3.290866418,0.6,0.69616,0.282815,0.021025,0.479023368,0.453501632,0.067475,1,1,0.02,0.465223316,0.453325723,0.061450961,1,0.74,0.26,0.92,0.08,0.96,0.04,0.15,0.85,1,0.9,0.1,0.01,0.99,0.35,0.65
Wuhai City,Medium-small-cities,8,内蒙古自治区,21.65,18.98157656,4893.926174,132,9947.399329,85,3158.674497,104,0.045656001,8509.993848,159,17297.42217,102,5492.583986,125,0.114705985,15769.31767,415,32052.73117,267,10177.95116,326,1.675311095,8156.543624,159,16578.99888,102,5264.457494,125,0.055466381,9515.967562,658,19342.16536,423,6141.867077,517,0.777283976,20391.35906,850,41447.4972,546,13161.14374,668,0.143196708,0.107898257,0.161168548,0.6,0.741758852,0.246587398,0.01165375,0.539673211,0.416205539,0.04412125,1,1,0.02,0.68204675,0,0.29795325,1,0.74,0.26,0.92,0.08,0.96,0.04,0.15,0.85,1,1,0,0.01,0.99,0.35,0.65
Ulanqab City,Medium-small-cities,8,内蒙古自治区,15.4501,13.54583169,2982.654877,132,14578.28445,85,439.0606721,104,0.032581514,5186.505425,159,25350.01685,102,763.4777242,125,0.081857688,9610.776826,415,46974.47212,267,1414.751054,326,1.195553069,4971.091462,159,24297.14075,102,731.7677868,125,0.0395825,5799.606705,658,28346.66421,423,853.7290845,517,0.554693541,12427.72865,850,60742.85188,546,1829.419467,668,0.161559681,0.117909933,0.071578448,0.6,0.754737136,0.233609114,0.01165375,0.561578766,0.394299984,0.04412125,1,1,0.02,0.68204675,0,0.29795325,1,0.74,0.26,0.92,0.08,0.96,0.04,0.15,0.85,1,1,0,0.01,0.99,0.35,0.65
ürümqi City,Largecities,8,新疆维吾尔族自治区,123.58,102.3701276,8627.79661,132,7682.033898,85,1690.169492,104,0.634153761,15002.77966,159,13358.20339,102,2939.016949,125,0.85982109,27800.67797,415,24753.22034,267,5446.101695,326,13.9199607,14379.66102,159,12803.38983,102,2816.949153,125,0.82268596,16776.27119,658,14937.28814,423,3286.440678,517,4.97325089,35949.15254,850,32008.47458,546,7042.372881,668,0.141446664,0.110496963,6.612169394,0.6,0.747580909,0.231394091,0.021025,0.561478211,0.371046789,0.067475,1,1,0.02,0.465223316,0.453325723,0.061450961,1,0.74,0.26,0.92,0.08,0.96,0.04,0.15,0.85,1,1,0,0.01,0.99,0.35,0.65
Wuxi City,Extra-large-cities,8,江苏省,209.71,194.1252991,6111.603303,132,10760.66071,85,1127.735988,104,0.435080702,10627.39908,159,18711.59334,102,1961.007579,125,1.268893593,19692.94398,415,34673.24006,267,3633.81596,326,7.116598526,10186.00551,159,17934.43451,102,1879.55998,125,1.231443608,11883.67309,658,20923.50693,423,2192.819976,517,5.532684476,25465.01376,850,44836.08629,546,4698.899949,668,0.119662542,0.089059662,1.958764022,0.6,0.696921875,0.219578125,0.0835,0.501994318,0.331505682,0.1665,1,1,0.02,0.013248421,0.885273042,0.081478537,1,0.74,0.26,0.92,0.08,0.96,0.04,0.15,0.85,1,1,0,0.01,0.99,0.35,0.65
Wuhu City,Largecities,8,安徽省,61.5052,52.67682292,3554.497161,132,13990.47445,85,455.0283935,104,0.168166048,6180.875618,159,24327.88056,102,791.2438175,125,0.386713826,11453.37974,415,45080.41766,267,1466.202601,326,5.239700007,5924.161934,159,23317.45741,102,758.3806558,125,0.215824442,6911.522257,658,27203.70031,423,884.7774318,517,2.817972756,14810.40484,850,58293.64352,546,1895.951639,668,0.132781395,0.096447864,0,0.6,0.721870455,0.257104545,0.021025,0.520250789,0.412274211,0.067475,1,1,0.02,0.465223316,0.453325723,0.061450961,1,0.74,0.26,0.92,0.08,0.96,0.04,0.15,0.85,1,1,0,0.01,0.99,0.35,0.65
Wuzhong City,Medium-small-cities,8,宁夏回族自治区,32.2,25.07092452,5444.501678,132,11717.63403,85,837.8642889,104,0.076016079,9467.383473,159,20375.66362,102,1456.952902,125,0.203394372,17543.39429,415,37756.82077,267,2699.784931,326,5.064314426,9074.169463,159,19529.39006,102,1396.440481,125,0.168468066,10586.53104,658,22784.2884,423,1629.180562,517,1.616882537,22685.42366,850,48823.47514,546,3491.101204,668,0.177626085,0.128776244,0,0.6,0.754737136,0.233609114,0.01165375,0.561578766,0.394299984,0.04412125,1,1,0.02,0.68204675,0,0.29795325,1,0.74,0.26,0.92,0.08,0.96,0.04,0.15,0.85,1,1,0,0.01,0.99,0.35,0.65
Wuzhou City,Medium-small-cities,8,广西壮族自治区,27.4065,23.77870034,3273.725685,132,14042.73649,85,683.5378293,104,0.06743122,5692.645219,159,24418.75844,102,1188.596336,125,0.160200233,10548.67165,415,45248.81756,267,2202.510783,326,2.34170238,5456.209475,159,23404.56081,102,1139.229715,125,0.202702335,6365.577721,658,27305.32094,423,1329.101335,517,0.855763488,13640.52369,850,58511.40202,546,2848.074289,668,0.155601739,0.138411401,2.964768825,0.6,0.715802284,0.272543966,0.01165375,0.495862102,0.460016648,0.04412125,1,1,0.02,0.68204675,0,0.29795325,1,0.74,0.26,0.92,0.08,0.96,0.04,0.15,0.85,1,1,0,0.01,0.99,0.35,0.65
Wuhan City,Extra-large-cities,8,湖北省,334.439,294.4194891,6342.295014,132,10654.25671,85,1003.448275,104,1.082453326,11028.54633,159,18526.56861,102,1744.885056,125,2.407188624,20436.28393,415,34330.38274,267,3233.33333,326,24.91987314,10570.49169,159,17757.09452,102,1672.413791,125,2.270416543,12332.24031,658,20716.61027,423,1951.149423,517,9.339579239,26426.22923,850,44392.7363,546,4181.034478,668,0.107079488,0.081162913,5.843034,0.6,0.696921875,0.219578125,0.0835,0.501994318,0.331505682,0.1665,1,1,0.02,0.013248421,0.885273042,0.081478537,1,0.74,0.26,0.92,0.08,0.96,0.04,0.15,0.85,1,1,0,0.01,0.99,0.35,0.65
Wuwei City,Medium-small-cities,8,甘肃省,21.96,17.92466491,3159.468012,132,14207.0805,85,633.4514921,104,0.069530343,5493.963821,159,24704.53442,102,1101.501761,125,0.153868074,10180.50804,415,45778.37049,267,2041.121475,326,2.951176781,5265.78002,159,23678.46749,102,1055.752487,125,0.166744063,6143.410024,658,27624.87874,423,1231.711235,517,0.694015831,13164.45005,850,59196.16873,546,2639.381217,668,0.146020787,0.127626161,0,0.6,0.754737136,0.233609114,0.01165375,0.561578766,0.394299984,0.04412125,1,1,0.02,0.68204675,0,0.29795325,1,0.74,0.26,0.92,0.08,0.96,0.04,0.15,0.85,1,1,0,0.01,0.99,0.35,0.65
Xi'an City,Extra-large-cities,8,陕西省,341.2616,306.0191495,3816.225908,132,13415.95697,85,767.8171224,104,0.874325903,6635.992828,159,23328.85851,102,1335.148663,125,2.170564888,12296.72792,415,43229.19468,267,2474.077394,326,22.42747608,6360.376513,159,22359.92828,102,1279.695204,125,0.838742872,7420.439265,658,26086.583,423,1492.977738,517,8.931340769,15900.94128,850,55899.82071,546,3199.23801,668,0.127156162,0.090064011,12.02653282,0.6,0.707900781,0.208599219,0.0835,0.518569602,0.314930398,0.1665,1,1,0.02,0.013248421,0.885273042,0.081478537,1,0.74,0.26,0.92,0.08,0.96,0.04,0.15,0.85,1,1,0,0.01,0.99,0.35,0.65
Xining City,Medium-small-cities,8,青海省,49.0554,40.5603497,3162.472111,132,14311.06507,85,526.4628203,104,0.239879707,5499.187615,159,24885.35204,102,915.4603486,125,0.384634702,10190.18791,415,46113.43189,267,1696.380199,326,6.133475946,5270.786852,159,23851.77511,102,877.4380338,125,0.306053419,6149.251327,658,27827.07097,423,1023.677706,517,1.431006526,13176.96713,850,59629.43779,546,2193.595084,668,0.152077565,0.1009976,2.407025169,0.6,0.741758852,0.246587398,0.01165375,0.539673211,0.416205539,0.04412125,1,1,0.02,0.68204675,0,0.29795325,1,0.74,0.26,0.92,0.08,0.96,0.04,0.15,0.85,1,1,0,0.01,0.99,0.35,0.65
Xishuangbanna Dai Autonomous Prefecture,Medium-small-cities,8,云南省,20.74,17.63163825,1876.57563,132,15539.65336,85,583.7710084,104,0.058097597,3263.156513,159,27021.73057,102,1015.11292,125,0.088690051,6046.743697,415,50072.21639,267,1881.039916,326,2.369932879,3127.62605,159,25899.42227,102,972.9516807,125,0.13977103,3648.897059,658,30215.99265,423,1135.110294,517,0.451870196,7819.065126,850,64748.55567,546,2432.379202,668,0.126518743,0.095684196,1.607370625,0.6,0.728780568,0.259565682,0.01165375,0.517767656,0.438111094,0.04412125,1,1,0.02,0.68204675,0,0.29795325,1,0.74,0.26,0.92,0.08,0.96,0.04,0.15,0.85,1,1,0,0.01,0.99,0.35,0.65
Xianning City,Medium-small-cities,8,湖北省,26.43,23.26734351,2812.923363,132,14717.59064,85,469.4859948,104,0.085543975,4891.361181,159,25592.25484,102,816.3839799,125,0.190234977,9063.86417,415,47423.34762,267,1512.788206,326,1.96936436,4688.205605,159,24529.31774,102,782.476658,125,0.179426171,5469.573206,658,28617.53736,423,912.8894344,517,0.738087003,11720.51401,850,61323.29434,546,1956.191645,668,0.110934813,0.099060105,0,0.6,0.728780568,0.259565682,0.01165375,0.517767656,0.438111094,0.04412125,1,1,0.02,0.68204675,0,0.29795325,1,0.74,0.26,0.92,0.08,0.96,0.04,0.15,0.85,1,1,0,0.01,0.99,0.35,0.65
Xianyang City,Medium-small-cities,8,陕西省,45.2991,40.62101348,3177.837774,132,14260.12443,85,562.0377979,104,0.116058111,5525.906797,159,24796.77192,102,977.3212818,125,0.288121007,10239.6995,415,45949.28982,267,1811.010682,326,2.977025489,5296.396291,159,23766.87405,102,936.7296631,125,0.111334815,6179.129006,658,27728.01972,423,1092.851274,517,1.185547095,13240.99073,850,59417.18512,546,2341.824158,668,0.133349181,0.111579552,0,0.6,0.754737136,0.233609114,0.01165375,0.561578766,0.394299984,0.04412125,1,1,0.02,0.68204675,0,0.29795325,1,0.74,0.26,0.92,0.08,0.96,0.04,0.15,0.85,1,1,0,0.01,0.99,0.35,0.65
Xiangtan City,Medium-small-cities,8,湖南省,38.4975,34.40577231,1814.954683,132,15539.27492,85,645.7703927,104,0.186956518,3156.004532,159,27021.07251,102,1122.922961,125,0.27355158,5848.187311,415,50070.99698,267,2080.81571,326,2.626272796,3024.924471,159,25898.79154,102,1076.283988,125,0.218930079,3529.07855,658,30215.2568,423,1255.664653,517,0.786016715,7562.311178,850,64746.97885,546,2690.70997,668,0.116853328,0.108311917,0,0.6,0.715802284,0.272543966,0.01165375,0.495862102,0.460016648,0.04412125,1,1,0.02,0.68204675,0,0.29795325,1,0.74,0.26,0.92,0.08,0.96,0.04,0.15,0.85,1,1,0,0.01,0.99,0.35,0.65
Xiangyang City,Largecities,8,湖北省,79.7164,70.17740683,2596.206347,132,14997.77337,85,406.0202784,104,0.258012021,4514.51437,159,26079.46148,102,706.0241508,125,0.573774025,8365.553784,415,48326.15865,267,1308.287564,326,5.939865193,4327.010578,159,24996.28896,102,676.700464,125,0.541173228,5048.179008,658,29162.33712,423,789.4838747,517,2.226168702,10817.52645,850,62490.72239,546,1691.75116,668,0.116825598,0.093135399,2.115406367,0.6,0.734725682,0.244249318,0.021025,0.5408645,0.3916605,0.067475,1,1,0.02,0.465223316,0.453325723,0.061450961,1,0.74,0.26,0.92,0.08,0.96,0.04,0.15,0.85,1,1,0,0.01,0.99,0.35,0.65
Xiaogan City,Medium-small-cities,8,湖北省,31.4296,27.6686833,2619.584771,132,14973.46336,85,406.9518663,104,0.101725801,4555.166851,159,26037.18907,102,707.6440786,125,0.226220553,8440.884261,415,48247.82639,267,1311.289347,326,2.341896863,4365.974618,159,24955.77227,102,678.2531104,125,0.213367113,5093.637054,658,29115.06765,423,791.2952955,517,0.877706367,10914.93654,850,62389.43068,546,1695.632776,668,0.11975822,0.101399492,0,0.6,0.741758852,0.246587398,0.01165375,0.539673211,0.416205539,0.04412125,1,1,0.02,0.68204675,0,0.29795325,1,0.74,0.26,0.92,0.08,0.96,0.04,0.15,0.85,1,1,0,0.01,0.99,0.35,0.65
Xinzhou City,Medium-small-cities,8,山西省,40.2784,35.65484221,3799.965748,132,13284.46652,85,915.5677342,104,0.069441592,6607.718217,159,23100.21122,102,1592.07056,125,0.205478808,12244.33408,415,42805.50323,267,2950.162699,326,2.520957459,6333.276246,159,22140.77753,102,1525.946224,125,0.072287559,7388.822287,658,25830.90712,423,1780.270594,517,1.755392369,15833.19061,850,55351.94383,546,3814.865559,668,0.16102654,0.127711782,0.230122429,0.6,0.754737136,0.233609114,0.01165375,0.561578766,0.394299984,0.04412125,1,1,0.02,0.68204675,0,0.29795325,1,0.74,0.26,0.92,0.08,0.96,0.04,0.15,0.85,1,1,0,0.01,0.99,0.35,0.65
Xinxiang City,Medium-small-cities,8,河南省,105.0265,92.69938151,4945.34712,132,12697.04579,85,357.6070901,104,0.238796213,8599.409158,159,22078.75185,102,621.8389956,125,0.518155071,15935.00739,415,40912.7031,267,1152.289513,326,7.532221378,8242.245199,159,21161.74298,102,596.0118168,125,0.259077535,9615.952733,658,24688.70015,423,695.3471196,517,3.778868295,20605.613,850,52904.35746,546,1490.029542,668,0.122744506,0.107241943,0,0.6,0.754737136,0.233609114,0.01165375,0.561578766,0.394299984,0.04412125,1,1,0.02,0.68204675,0,0.29795325,1,0.74,0.26,0.92,0.08,0.96,0.04,0.15,0.85,1,1,0,0.01,0.99,0.35,0.65
Xinyu City,Medium-small-cities,8,江西省,19.2386,16.54142562,3059.04059,132,14468.63469,85,472.3247232,104,0.045038694,5319.331693,159,25159.34809,102,821.3202132,125,0.097476603,9856.908569,415,46621.15621,267,1521.935219,326,1.56059076,5098.400984,159,24114.39114,102,787.2078721,125,0.122891295,5948.134481,658,28133.45633,423,918.4091841,517,0.871177031,12746.00246,850,60285.97786,546,1968.01968,668,0.12059406,0.113962723,0,0.6,0.702824,0.28552225,0.01165375,0.473956547,0.481922203,0.04412125,1,1,0.02,0.68204675,0,0.29795325,1,0.74,0.26,0.92,0.08,0.96,0.04,0.15,0.85,1,1,0,0.01,0.99,0.35,0.65
Xinyang City,Medium-small-cities,8,河南省,66.5127,58.70600422,2815.016403,132,14787.72741,85,397.2561885,104,0.151228318,4895.000746,159,25714.21488,102,690.7843722,125,0.328144733,9070.60841,415,47649.34387,267,1280.047718,326,4.770114027,4691.694005,159,24646.21235,102,662.0936475,125,0.164072366,5473.643006,658,28753.91441,423,772.4425887,517,2.393136335,11729.23501,850,61615.53087,546,1655.234119,668,0.133014498,0.10426237,0.289837489,0.6,0.741758852,0.246587398,0.01165375,0.539673211,0.416205539,0.04412125,1,1,0.02,0.68204675,0,0.29795325,1,0.74,0.26,0.92,0.08,0.96,0.04,0.15,0.85,1,1,0,0.01,0.99,0.35,0.65
Xingtai City,Medium-small-cities,8,河北省,141.2,122.27219,2427.314684,132,15108.35435,85,464.330962,104,0.189321128,4220.830534,159,26271.74952,102,807.4199506,125,0.580871643,7821.347315,415,48682.47514,267,1496.177544,326,11.57956863,4045.524473,159,25180.59059,102,773.8849366,125,0.380363357,4719.778552,658,29377.35569,423,902.8657594,517,6.19768529,10113.81118,850,62951.47647,546,1934.712342,668,0.160507419,0.12265696,0,0.6,0.754737136,0.233609114,0.01165375,0.561578766,0.394299984,0.04412125,1,1,0.02,0.68204675,0,0.29795325,1,0.74,0.26,0.92,0.08,0.96,0.04,0.15,0.85,1,1,0,0.01,0.99,0.35,0.65
Xuzhou City,Largecities,8,江苏省,151.4,140.1486352,3448.237052,132,13890.54183,85,661.2211215,104,0.314106234,5996.101096,159,24154.10884,102,1149.790061,125,0.916076915,11110.98606,415,44758.41255,267,2130.601391,326,5.137823742,5747.061753,159,23150.90304,102,1102.035202,125,0.889039923,6704.905379,658,27009.38689,423,1285.707736,517,3.994318009,14367.65438,850,57877.25761,546,2755.088006,668,0.136017234,0.10535563,1.589094016,0.6,0.721870455,0.257104545,0.021025,0.520250789,0.412274211,0.067475,1,1,0.02,0.465223316,0.453325723,0.061450961,1,0.74,0.26,0.92,0.08,0.96,0.04,0.15,0.85,1,1,0,0.01,0.99,0.35,0.65
Xuchang City,Largecities,8,河南省,70.6631,62.36926552,4035.133247,132,13460.02595,85,504.8408025,104,0.160664982,7016.648368,159,23405.48957,102,877.8620621,125,0.348621001,13002.09602,415,43371.19473,267,1626.709252,326,5.067769682,6725.222078,159,22433.37658,102,841.4013375,125,0.174310501,7846.092424,658,26172.27268,423,981.6348937,517,2.542468312,16813.0552,850,56083.44146,546,2103.503344,668,0.130959323,0.089898894,0,0.6,0.721870455,0.257104545,0.021025,0.520250789,0.412274211,0.067475,1,1,0.02,0.465223316,0.453325723,0.061450961,1,0.74,0.26,0.92,0.08,0.96,0.04,0.15,0.85,1,1,0,0.01,0.99,0.35,0.65
Xuancheng City,Medium-small-cities,8,安徽省,43.3812,37.15431851,5051.580699,132,12440.69408,85,507.7252199,104,0.11861184,8784.137549,159,21632.98471,102,882.8777434,125,0.272759211,16277.31559,415,40086.68093,267,1636.003486,326,3.695695225,8419.301165,159,20734.49014,102,846.2086998,125,0.152226531,9822.518026,658,24190.23849,423,987.2434831,517,1.987588687,21048.25291,850,51836.22534,546,2115.521749,668,0.122890079,0.092117156,0,0.6,0.715802284,0.272543966,0.01165375,0.495862102,0.460016648,0.04412125,1,1,0.02,0.68204675,0,0.29795325,1,0.74,0.26,0.92,0.08,0.96,0.04,0.15,0.85,1,1,0,0.01,0.99,0.35,0.65
Ya'an City,Medium-small-cities,8,四川省,32.12,28.77523309,2486.06063,132,14886.73481,85,627.2045593,104,0.059001527,4322.983206,159,25886.37775,102,1090.639039,125,0.207717703,8010.639807,415,47968.36772,267,2020.992469,326,2.146685679,4143.434383,159,24811.22468,102,1045.340932,125,0.168383352,4834.00678,658,28946.4288,423,1219.564421,517,0.762978645,10358.58596,850,62028.06171,546,2613.35233,668,0.137438914,0.118872209,0,0.6,0.715802284,0.272543966,0.01165375,0.495862102,0.460016648,0.04412125,1,1,0.02,0.68204675,0,0.29795325,1,0.74,0.26,0.92,0.08,0.96,0.04,0.15,0.85,1,1,0,0.01,0.99,0.35,0.65
Yantai City,Largecities,8,山东省,174.1372,153.1386086,3239.599538,132,14113.59176,85,646.8086992,104,0.300418678,5633.30364,159,24541.9679,102,1124.72846,125,0.991906061,10438.70962,415,45477.12901,267,2084.161364,326,12.76142586,5399.332563,159,23522.65294,102,1078.014499,125,0.598589836,6299.221323,658,27443.09509,423,1257.683582,517,6.346250936,13498.33141,850,58806.63235,546,2695.036247,668,0.121065873,0.103490827,2.49638529,0.6,0.747580909,0.231394091,0.021025,0.561478211,0.371046789,0.067475,1,1,0.02,0.465223316,0.453325723,0.061450961,1,0.74,0.26,0.92,0.08,0.96,0.04,0.15,0.85,1,0.9,0.1,0.01,0.99,0.35,0.65
Yan'an City,Medium-small-cities,8,陕西省,37.3688,33.50968405,4153.316201,132,13017.98896,85,828.6948439,104,0.095740364,7222.155394,159,22636.83635,102,1441.008256,125,0.23768102,13382.90776,415,41946.8533,267,2670.238941,326,2.455851664,6922.193668,159,21696.64826,102,1381.158073,125,0.091843954,8075.892613,658,25312.7563,423,1611.351085,517,0.977998951,17305.48417,850,54241.62065,546,3452.895183,668,0.152109883,0.120212452,0.270908162,0.6,0.754737136,0.233609114,0.01165375,0.561578766,0.394299984,0.04412125,1,1,0.02,0.68204675,0,0.29795325,1,0.74,0.26,0.92,0.08,0.96,0.04,0.15,0.85,1,1,0,0.01,0.99,0.35,0.65
Yancheng City,Largecities,8,江苏省,136.38,126.2448538,2738.151701,132,14731.49986,85,530.3484372,104,0.282944572,4761.341568,159,25616.44143,102,922.2170048,125,0.825195309,8822.933258,415,47468.16622,267,1708.90052,326,4.628113619,4563.586168,159,24552.49977,102,883.9140621,125,0.800840586,5324.183863,658,28644.58307,423,1031.233072,517,3.598052114,11408.96542,850,61381.24943,546,2209.785155,668,0.117158993,0.103819483,0.533382477,0.6,0.734725682,0.244249318,0.021025,0.5408645,0.3916605,0.067475,1,1,0.02,0.465223316,0.453325723,0.061450961,1,0.74,0.26,0.92,0.08,0.96,0.04,0.15,0.85,1,0.9,0.1,0.01,0.99,0.35,0.65
Yangzhou City,Largecities,8,江苏省,82.73,76.58187971,4736.212373,132,12537.37217,85,726.4154598,104,0.171638103,8235.747071,159,21801.09716,102,1263.155772,125,0.500574922,15261.12876,415,40398.19921,267,2340.672037,326,2.807477927,7893.687288,159,20895.62028,102,1210.692433,125,0.48580101,9209.301836,658,24378.22366,423,1412.474505,517,2.182628328,19734.21822,850,52239.0507,546,3026.731083,668,0.120507776,0.096069424,2.150490722,0.6,0.747580909,0.231394091,0.021025,0.561478211,0.371046789,0.067475,1,1,0.02,0.465223316,0.453325723,0.061450961,1,0.74,0.26,0.92,0.08,0.96,0.04,0.15,0.85,1,1,0,0.01,0.99,0.35,0.65
Yangjiang City,Medium-small-cities,8,广东省,42.9027,38.08885444,3458.124968,132,13721.161,85,820.7140363,104,0.095114808,6013.295083,159,23859.5744,102,1427.130519,125,0.324019512,11142.84712,415,44212.62988,267,2644.523006,326,3.404147879,5763.541613,159,22868.60166,102,1367.856727,125,0.205958719,6724.131882,658,26680.03527,423,1595.832848,517,0.784604643,14408.85403,850,57171.50415,546,3419.641818,668,0.151393266,0.116562818,0,0.6,0.702824,0.28552225,0.01165375,0.473956547,0.481922203,0.04412125,1,1,0.02,0.68204675,0,0.29795325,1,0.74,0.26,0.92,0.08,0.96,0.04,0.15,0.85,1,0.9,0.1,0.01,0.99,0.35,0.65
Yangquan City,Medium-small-cities,8,山西省,25.2758,22.37439076,3635.918082,132,13475.58201,85,888.4999125,104,0.043576502,6322.457553,159,23432.53982,102,1545.002626,125,0.128943584,11715.73604,415,43421.3198,267,2862.944162,326,1.581969903,6059.863469,159,22459.30334,102,1480.833187,125,0.045362424,7069.840714,658,26202.52057,423,1727.638719,517,1.101556826,15149.65867,850,56148.25836,546,3702.082969,668,0.14228865,0.115601506,0,0.6,0.741758852,0.246587398,0.01165375,0.539673211,0.416205539,0.04412125,1,1,0.02,0.68204675,0,0.29795325,1,0.74,0.26,0.92,0.08,0.96,0.04,0.15,0.85,1,1,0,0.01,0.99,0.35,0.65
Yichun City (Heilongjiang),Medium-small-cities,8,黑龙江省,8.5064,7.25321612,3562.86611,132,13971.92696,85,465.2069302,104,0.034810663,6195.42829,159,24295.62855,102,808.943162,125,0.084540182,11480.34635,415,45020.65354,267,1499.000108,326,0.723896032,5938.110183,159,23286.54493,102,775.3448837,125,0.069455562,6927.795213,658,27167.63576,423,904.569031,517,0.34048144,14845.27546,850,58216.36233,546,1938.362209,668,0.134455071,0.133100493,0.074403478,0.6,0.728780568,0.259565682,0.01165375,0.517767656,0.438111094,0.04412125,1,1,0.02,0.68204675,0,0.29795325,1,0.74,0.26,0.92,0.08,0.96,0.04,0.15,0.85,1,1,0,0.01,0.99,0.35,0.65
Yibin City,Medium-small-cities,8,四川省,79.81,71.49910813,1961.703767,132,15441.6759,85,596.6203312,104,0.146603731,3411.184884,159,26851.35865,102,1037.456465,125,0.516125463,6321.045472,415,49756.51124,267,1922.443289,326,5.333965879,3269.506279,159,25736.1265,102,994.3672187,125,0.418389643,3814.423992,658,30025.48092,423,1160.095088,517,1.89580715,8173.765697,850,64340.31626,546,2485.918047,668,0.14488188,0.122700168,0.408438673,0.6,0.728780568,0.259565682,0.01165375,0.517767656,0.438111094,0.04412125,1,1,0.02,0.68204675,0,0.29795325,1,0.74,0.26,0.92,0.08,0.96,0.04,0.15,0.85,1,1,0,0.01,0.99,0.35,0.65
Yichang City,Largecities,8,湖北省,69.3144,61.02012695,2650.214758,132,14927.54892,85,422.2363219,104,0.224344657,4608.428995,159,25957.34896,102,734.2220487,125,0.498903642,8539.580886,415,48099.87985,267,1360.53926,326,5.164786567,4417.024596,159,24879.2482,102,703.7272032,125,0.470556844,5153.195362,658,29025.78957,423,821.0150704,517,1.935681339,11042.56149,850,62198.1205,546,1759.318008,668,0.127339461,0.096113155,2.571345165,0.6,0.721870455,0.257104545,0.021025,0.520250789,0.412274211,0.067475,1,1,0.02,0.465223316,0.453325723,0.061450961,1,0.74,0.26,0.92,0.08,0.96,0.04,0.15,0.85,1,1,0,0.01,0.99,0.35,0.65
Yichun City (Jiangxi),Medium-small-cities,8,江西省,78.1102,67.15946396,2819.31645,132,14670.63348,85,510.0500689,104,0.182860573,4902.478049,159,25510.60155,102,886.9203976,125,0.395762526,9084.464117,415,47272.04122,267,1643.494667,326,6.336118862,4698.86075,159,24451.0558,102,850.0834482,125,0.498948136,5482.004209,658,28526.23177,423,991.7640229,517,3.537045945,11747.15188,850,61127.6395,546,2125.208621,668,0.143909475,0.101234623,0.252749587,0.6,0.702824,0.28552225,0.01165375,0.473956547,0.481922203,0.04412125,1,1,0.02,0.68204675,0,0.29795325,1,0.74,0.26,0.92,0.08,0.96,0.04,0.15,0.85,1,1,0,0.01,0.99,0.35,0.65
Yiyang City,Medium-small-cities,8,湖南省,45.4055,40.57955178,1690.919138,132,15830.53969,85,478.5411678,104,0.220504037,2940.320501,159,27527.54958,102,832.1299196,125,0.322637736,5448.517222,415,51009.51679,267,1541.965985,326,3.097531774,2818.198563,159,26384.23282,102,797.568613,125,0.258214942,3287.898324,658,30781.60496,423,930.4967152,517,0.927059729,7045.496408,850,65960.58206,546,1993.921533,668,0.114728084,0.115076398,0,0.6,0.715802284,0.272543966,0.01165375,0.495862102,0.460016648,0.04412125,1,1,0.02,0.68204675,0,0.29795325,1,0.74,0.26,0.92,0.08,0.96,0.04,0.15,0.85,1,1,0,0.01,0.99,0.35,0.65
Yinchuan City,Medium-small-cities,8,宁夏回族自治区,92.7,72.17623301,4598.461568,132,12675.79024,85,725.7481947,104,0.218841319,7996.213727,159,22041.7908,102,1261.995472,125,0.585548395,14817.26505,415,40844.21299,267,2338.521961,326,14.57956358,7664.102614,159,21126.31706,102,1209.580324,125,0.484999681,8941.453049,658,24647.36991,423,1411.177045,517,4.654814011,19160.25653,850,52815.79265,546,3023.950811,668,0.141356204,0.112172509,2.857532413,0.6,0.754737136,0.233609114,0.01165375,0.561578766,0.394299984,0.04412125,1,1,0.02,0.68204675,0,0.29795325,1,0.74,0.26,0.92,0.08,0.96,0.04,0.15,0.85,1,1,0,0.01,0.99,0.35,0.65
Yingtan City,Medium-small-cities,8,江西省,14.3315,12.32228131,2770.320803,132,14871.87562,85,357.803582,104,0.033550885,4817.280063,159,25860.53926,102,622.1806731,125,0.0726137,8926.589254,415,47920.48809,267,1152.922653,326,1.162538151,4617.201338,159,24786.45936,102,596.3393033,125,0.091545985,5386.734895,658,28917.53592,423,695.7291872,517,0.648969968,11543.00335,850,61966.1484,546,1490.848258,668,0.146386424,0.113196917,0,0.6,0.702824,0.28552225,0.01165375,0.473956547,0.481922203,0.04412125,1,1,0.02,0.68204675,0,0.29795325,1,0.74,0.26,0.92,0.08,0.96,0.04,0.15,0.85,1,1,0,0.01,0.99,0.35,0.65
Yingkou City,Medium-small-cities,8,辽宁省,46.1484,40.18687171,3918.839761,132,13502.58247,85,578.5777716,104,0.216469549,6814.426918,159,23479.49062,102,1006.082458,125,0.403861098,12627.37256,415,43508.32128,267,1864.306153,326,3.342892932,6531.399602,159,22504.30411,102,964.296286,125,0.23908577,7619.966202,658,26255.02146,423,1125.012334,517,1.759218945,16328.49901,850,56260.76028,546,2410.740715,668,0.104923,0.104161519,0.124214695,0.6,0.741758852,0.246587398,0.01165375,0.539673211,0.416205539,0.04412125,1,1,0.02,0.68204675,0,0.29795325,1,0.74,0.26,0.92,0.08,0.96,0.04,0.15,0.85,1,0.9,0.1,0.01,0.99,0.35,0.65
Yongzhou City,Medium-small-cities,8,湖南省,47.2512,42.22908056,1545.2617,132,16071.34508,85,383.3932205,104,0.229467363,2687.0384,159,27946.28339,102,666.6782112,125,0.335752722,4979.176588,415,51785.44526,267,1235.378155,326,3.22344415,2575.436166,159,26785.57513,102,638.9887008,125,0.268711188,3004.675527,658,31249.83766,423,745.4868176,517,0.964744022,6438.590415,850,66963.93783,546,1597.471752,668,0.123459615,0.114972435,0.033505529,0.6,0.702824,0.28552225,0.01165375,0.473956547,0.481922203,0.04412125,1,1,0.02,0.68204675,0,0.29795325,1,0.74,0.26,0.92,0.08,0.96,0.04,0.15,0.85,1,1,0,0.01,0.99,0.35,0.65
Yulin City (Shaanxi),Largecities,8,陕西省,72.868,65.34284369,3313.347802,132,13986.50298,85,700.1492132,104,0.186690738,5761.543679,159,24320.97463,102,1217.481687,125,0.463470611,10676.34292,415,45067.62073,267,2256.036354,326,4.78883451,5522.246337,159,23310.83831,102,1166.915355,125,0.179092859,6442.620727,658,27195.97802,423,1361.401248,517,1.907067596,13805.61584,850,58277.09577,546,2917.288388,668,0.179295092,0.11716613,0.986930503,0.6,0.747580909,0.231394091,0.021025,0.561478211,0.371046789,0.067475,1,1,0.02,0.465223316,0.453325723,0.061450961,1,0.74,0.26,0.92,0.08,0.96,0.04,0.15,0.85,1,1,0,0.01,0.99,0.35,0.65
Yulin City (Guangxi),Medium-small-cities,8,广西壮族自治区,66.94,58.07914915,3738.541098,132,13652.41565,85,609.043247,104,0.16469983,6500.907577,159,23740.03389,102,1059.058535,125,0.391286869,12046.41021,415,43991.11711,267,1962.472685,326,5.719575915,6230.901831,159,22754.02609,102,1015.072078,125,0.495097671,7269.385469,658,26546.36377,423,1184.250758,517,2.09019057,15577.25458,850,56885.06523,546,2537.680196,668,0.140141049,0.131134359,0,0.6,0.715802284,0.272543966,0.01165375,0.495862102,0.460016648,0.04412125,1,1,0.02,0.68204675,0,0.29795325,1,0.74,0.26,0.92,0.08,0.96,0.04,0.15,0.85,1,1,0,0.01,0.99,0.35,0.65
Yuxi City,Medium-small-cities,8,云南省,46.8,39.78595323,1701.652369,132,15835.10853,85,463.2391042,104,0.131097759,2958.984397,159,27535.49427,102,805.5213311,125,0.200129912,5483.102078,415,51024.23859,267,1492.659336,326,5.347775252,2836.087282,159,26391.84754,102,772.0651736,125,0.315394609,3308.768496,658,30790.4888,423,900.7427025,517,1.019649237,7090.218205,850,65979.61886,546,1930.162934,668,0.154819172,0.116270465,0,0.6,0.741758852,0.246587398,0.01165375,0.539673211,0.416205539,0.04412125,1,1,0.02,0.68204675,0,0.29795325,1,0.74,0.26,0.92,0.08,0.96,0.04,0.15,0.85,1,1,0,0.01,0.99,0.35,0.65
Yueyang City,Largecities,8,湖南省,64.0815,57.27056298,1611.315637,132,15964.05735,85,424.6270103,104,0.311200834,2801.898857,159,27759.72195,102,738.3791901,125,0.455343738,5192.017051,415,51439.74036,267,1368.242589,326,4.371595564,2685.526061,159,26606.76226,102,707.7116838,125,0.364422829,3133.113738,658,31041.22263,423,825.6636311,517,1.308374053,6713.815152,850,66516.90564,546,1769.279209,668,0.111921482,0.115147901,0.205771098,0.6,0.721870455,0.257104545,0.021025,0.520250789,0.412274211,0.067475,1,1,0.02,0.465223316,0.453325723,0.061450961,1,0.74,0.26,0.92,0.08,0.96,0.04,0.15,0.85,1,1,0,0.01,0.99,0.35,0.65
Yunfu City,Medium-small-cities,8,广东省,35.9123,31.88280382,3037.773472,132,14171.0528,85,791.173725,104,0.079617169,5282.350537,159,24641.88626,102,1375.7632,125,0.271225026,9788.381186,415,45662.28126,267,2549.337558,326,2.84948919,5062.955786,159,23618.42134,102,1318.622875,125,0.172400602,5906.78175,658,27554.8249,423,1538.393354,517,0.656764197,12657.38946,850,59046.05335,546,3296.557188,668,0.125680209,0.109102956,0,0.6,0.715802284,0.272543966,0.01165375,0.495862102,0.460016648,0.04412125,1,1,0.02,0.68204675,0,0.29795325,1,0.74,0.26,0.92,0.08,0.96,0.04,0.15,0.85,1,1,0,0.01,0.99,0.35,0.65
Yuncheng City,Medium-small-cities,8,山西省,91.3089,80.8275508,4985.274767,132,12334.60743,85,680.1178019,104,0.157420239,8668.8389,159,21448.51181,102,1182.649289,125,0.465809068,16063.66314,415,39744.84617,267,2191.490695,326,5.714870811,8308.791278,159,20557.67905,102,1133.52967,125,0.163871888,9693.589824,658,23983.95889,423,1322.451281,517,3.979377192,20771.97819,850,51394.19763,546,2833.824174,668,0.124209389,0.119962921,1.184575482,0.6,0.754737136,0.233609114,0.01165375,0.561578766,0.394299984,0.04412125,1,1,0.02,0.68204675,0,0.29795325,1,0.74,0.26,0.92,0.08,0.96,0.04,0.15,0.85,1,1,0,0.01,0.99,0.35,0.65
Zaozhuang City,Medium-small-cities,8,山东省,83.1533,73.12613655,4080.476334,132,13232.03037,85,687.4932923,104,0.143454727,7095.494959,159,23009.03059,102,1195.474447,125,0.473651019,13148.20152,415,42636.54231,267,2215.256164,326,6.093785089,6800.79389,159,22053.38396,102,1145.822154,125,0.285836227,7934.259538,658,25728.94795,423,1336.792513,517,3.030436391,17001.98473,850,55133.45989,546,2864.555385,668,0.139322263,0.120592056,0,0.6,0.741758852,0.246587398,0.01165375,0.539673211,0.416205539,0.04412125,1,1,0.02,0.68204675,0,0.29795325,1,0.74,0.26,0.92,0.08,0.96,0.04,0.15,0.85,1,1,0,0.01,0.99,0.35,0.65
Zhanjiang City,Largecities,8,广东省,67.64,60.05053561,2404.206818,132,15068.14143,85,527.6517551,104,0.149957127,4180.648522,159,26201.8237,102,917.5277741,125,0.510846165,7746.888636,415,48552.90015,267,1700.211211,326,5.36694806,4007.011363,159,25113.56904,102,879.4195918,125,0.324712611,4674.846591,658,29299.16389,423,1025.989524,517,1.237000423,10017.52841,850,62783.92261,546,2198.54898,668,0.142691277,0.126237929,1.074324752,0.6,0.721870455,0.257104545,0.021025,0.520250789,0.412274211,0.067475,1,1,0.02,0.465223316,0.453325723,0.061450961,1,0.74,0.26,0.92,0.08,0.96,0.04,0.15,0.85,1,0.9,0.1,0.01,0.99,0.35,0.65
Zhangjiajie City,Medium-small-cities,8,湖南省,16.9139,15.11619696,1899.966876,132,15776.0848,85,323.9483273,104,0.08213946,3303.831291,159,27432.85856,102,563.3101468,125,0.120185053,6122.115491,415,50834.05101,267,1043.833499,326,1.153854548,3166.611461,159,26293.47466,102,539.9138788,125,0.096187063,3694.380038,658,30675.72044,423,629.8995252,517,0.345336921,7916.528652,850,65733.68665,546,1349.784697,668,0.115363104,0.110269464,0.669396262,0.6,0.715802284,0.272543966,0.01165375,0.495862102,0.460016648,0.04412125,1,1,0.02,0.68204675,0,0.29795325,1,0.74,0.26,0.92,0.08,0.96,0.04,0.15,0.85,1,1,0,0.01,0.99,0.35,0.65
Zhangjiakou City,Medium-small-cities,8,河北省,64.41,55.77586229,4771.969154,132,12225.69943,85,1002.33142,104,0.086361005,8297.924139,159,21259.13289,102,1742.94297,125,0.264971264,15376.34505,415,39393.92037,267,3229.734577,326,5.282153083,7953.281923,159,20376.16571,102,1670.552367,125,0.173507109,9278.82891,658,23772.19333,423,1948.977762,517,2.827145251,19883.20481,850,50940.41428,546,4176.380918,668,0.172703675,0.111361922,0.114368964,0.6,0.754737136,0.233609114,0.01165375,0.561578766,0.394299984,0.04412125,1,1,0.02,0.68204675,0,0.29795325,1,0.74,0.26,0.92,0.08,0.96,0.04,0.15,0.85,1,1,0,0.01,0.99,0.35,0.65
Zhangye City,Medium-small-cities,8,甘肃省,20.5,16.73295221,3320.67416,132,14074.61154,85,604.7143004,104,0.064907652,5774.2834,159,24474.18562,102,1051.530978,125,0.143638229,10699.95007,415,45351.52607,267,1948.523857,326,2.754969217,5534.456933,159,23457.6859,102,1007.857167,125,0.155658165,6456.866421,658,27367.30022,423,1175.833362,517,0.647874524,13836.14233,850,58644.21475,546,2519.642918,668,0.134928699,0.12962109,0.09627799,0.6,0.754737136,0.233609114,0.01165375,0.561578766,0.394299984,0.04412125,1,1,0.02,0.68204675,0,0.29795325,1,0.74,0.26,0.92,0.08,0.96,0.04,0.15,0.85,1,1,0,0.01,0.99,0.35,0.65
Zhangzhou City,Largecities,8,福建省,60.88,53.23574955,4387.107018,132,12762.62305,85,850.269927,104,0.198540292,7628.691648,159,22192.78342,102,1478.524929,125,0.319820562,14136.23372,415,41124.00762,267,2739.758654,326,5.678611714,7311.84503,159,21271.03842,102,1417.116545,125,0.180572845,8530.485869,658,24816.2115,423,1653.302636,517,1.266705033,18279.61258,850,53177.59606,546,3542.791362,668,0.107416361,0.094031758,0,0.6,0.69616,0.282815,0.021025,0.479023368,0.453501632,0.067475,1,1,0.02,0.465223316,0.453325723,0.061450961,1,0.74,0.26,0.92,0.08,0.96,0.04,0.15,0.85,1,0.9,0.1,0.01,0.99,0.35,0.65
Changchun City,Largecities,8,吉林省,181.7334,160.7398775,5201.91525,132,11970.05633,85,828.0284219,104,0.542342782,9045.552628,159,20814.59795,102,1439.849423,125,1.461087644,16761.72692,415,38570.1815,267,2668.091582,326,12.06915057,8669.858749,159,19950.09388,102,1380.04737,125,0.740662158,10114.83521,658,23275.10953,423,1610.055265,517,6.180279315,21674.64687,850,49875.2347,546,3450.118425,668,0.137225267,0.096947173,3.363557347,0.6,0.721870455,0.257104545,0.021025,0.520250789,0.412274211,0.067475,1,1,0.02,0.465223316,0.453325723,0.061450961,1,0.74,0.26,0.92,0.08,0.96,0.04,0.15,0.85,1,1,0,0.01,0.99,0.35,0.65
Changsha City,Extra-large-cities,8,湖南省,263.0833,235.1213486,2429.706263,132,14802.14299,85,768.1507482,104,1.277619007,4224.989223,159,25739.28198,102,1335.728801,125,1.86939028,7829.053513,415,47695.79408,267,2475.152411,326,17.94736058,4049.510438,159,24670.23832,102,1280.251247,125,1.496119169,4724.428844,658,28781.9447,423,1493.626455,517,5.371462332,10123.77609,850,61675.59579,546,3200.628117,668,0.119652376,0.088983613,5.316342638,0.6,0.685942969,0.230557031,0.0835,0.485419034,0.348080966,0.1665,1,1,0.02,0.013248421,0.885273042,0.081478537,1,0.74,0.26,0.92,0.08,0.96,0.04,0.15,0.85,1,1,0,0.01,0.99,0.35,0.65
Changzhi City,Medium-small-cities,8,山西省,60.5,53.55520462,4969.782267,132,12460.96531,85,569.2524216,104,0.104304449,8641.899164,159,21668.23413,102,989.8667108,125,0.308638573,16013.74286,415,40151.99934,267,1834.257803,326,3.786593466,8282.970445,159,20768.27552,102,948.7540359,125,0.108579221,9663.465519,658,24229.65477,423,1106.879709,517,2.636679668,20707.42611,850,51920.6888,546,2371.88509,668,0.146887756,0.135255476,0.432164735,0.6,0.754737136,0.233609114,0.01165375,0.561578766,0.394299984,0.04412125,1,1,0.02,0.68204675,0,0.29795325,1,0.74,0.26,0.92,0.08,0.96,0.04,0.15,0.85,1,1,0,0.01,0.99,0.35,0.65
Zhaotong City,Medium-small-cities,8,云南省,38.37,32.61938089,1864.623244,132,15739.4636,85,395.9131545,104,0.107483355,3242.372641,159,27369.17837,102,688.4489854,125,0.16408087,6008.230453,415,50716.04938,267,1275.720165,326,4.384490094,3107.705407,159,26232.43934,102,659.8552576,125,0.258583144,3625.656308,658,30604.51256,423,769.8311338,517,0.83598165,7769.263516,850,65581.09834,546,1649.638144,668,0.167388372,0.121646619,0.150803605,0.6,0.728780568,0.259565682,0.01165375,0.517767656,0.438111094,0.04412125,1,1,0.02,0.68204675,0,0.29795325,1,0.74,0.26,0.92,0.08,0.96,0.04,0.15,0.85,1,1,0,0.01,0.99,0.35,0.65
Zhaoqing City,Medium-small-cities,8,广东省,60.1702,53.41887549,3328.261036,132,14017.82031,85,653.9186522,104,0.133396663,5787.476135,159,24375.43199,102,1137.091879,125,0.454431046,10724.39667,415,45168.53211,267,2107.071213,326,4.774251008,5547.101727,159,23363.03385,102,1089.86442,125,0.288853086,6471.618682,658,27256.87283,423,1271.50849,517,1.100392709,13867.75432,850,58407.58463,546,2724.661051,668,0.136330534,0.118497073,0,0.6,0.715802284,0.272543966,0.01165375,0.495862102,0.460016648,0.04412125,1,1,0.02,0.68204675,0,0.29795325,1,0.74,0.26,0.92,0.08,0.96,0.04,0.15,0.85,1,1,0,0.01,0.99,0.35,0.65
Zhenjiang City,Largecities,8,江苏省,64.75,59.93807218,4499.334649,132,12825.6681,85,674.997256,104,0.134335394,7823.843028,159,22302.41174,102,1173.745229,125,0.391783225,14497.85609,415,41327.15275,267,2174.991158,326,2.197318938,7498.891081,159,21376.11349,102,1124.995427,125,0.380220178,8748.706261,658,24938.79907,423,1312.494665,517,1.708270086,18747.2277,850,53440.28373,546,2812.488567,668,0.124794132,0.093890667,0,0.6,0.734725682,0.244249318,0.021025,0.5408645,0.3916605,0.067475,1,1,0.02,0.465223316,0.453325723,0.061450961,1,0.74,0.26,0.92,0.08,0.96,0.04,0.15,0.85,1,1,0,0.01,0.99,0.35,0.65
Zhengzhou City,Extra-large-cities,8,河南省,379.4752,334.9356242,5412.887828,132,11765.67585,85,821.4363202,104,0.862803586,9412.410501,159,20459.20301,102,1428.38649,125,1.872165588,17441.52745,415,37911.62219,267,2646.850365,326,27.21495255,9021.479714,159,19609.45975,102,1369.060534,125,0.936082794,10525.05967,658,22877.70304,423,1597.237289,517,13.65357126,22553.69928,850,49023.64938,546,3422.651334,668,0.112612921,0.081728589,6.762089216,0.6,0.707900781,0.208599219,0.0835,0.518569602,0.314930398,0.1665,1,1,0.02,0.013248421,0.885273042,0.081478537,1,0.74,0.26,0.92,0.08,0.96,0.04,0.15,0.85,1,1,0,0.01,0.99,0.35,0.65
Zhongshan City,Largecities,8,广东省,120.6398,107.1035572,5391.278793,132,11864.47092,85,744.250289,104,0.267457093,9374.83479,159,20630.99665,102,1294.168558,125,0.911123288,17371.89833,415,38229.96185,267,2398.13982,326,9.57225814,8985.464655,159,19774.1182,102,1240.417148,125,0.579143472,10483.0421,658,23069.80456,423,1447.15334,517,2.206260846,22463.66164,850,49435.29549,546,3101.042871,668,0.139923358,0.108885248,0,0.6,0.709015227,0.269959773,0.021025,0.499637079,0.432887921,0.067475,1,1,0.02,0.465223316,0.453325723,0.061450961,1,0.74,0.26,0.92,0.08,0.96,0.04,0.15,0.85,1,0.9,0.1,0.01,0.99,0.35,0.65
Zhongwei City,Medium-small-cities,8,宁夏回族自治区,15.42,12.00601416,3272.570215,132,14269.70006,85,457.7297281,104,0.036402731,5690.635985,159,24813.42288,102,795.9411383,125,0.097401901,10544.94847,415,45980.14463,267,1474.906902,326,2.425208958,5454.283691,159,23782.83343,102,762.8828801,125,0.080676322,6363.330973,658,27746.639,423,890.0300268,517,0.774295923,13635.70923,850,59457.08357,546,1907.2072,668,0.182946818,0.140528642,2.229371208,0.6,0.754737136,0.233609114,0.01165375,0.561578766,0.394299984,0.04412125,1,1,0.02,0.68204675,0,0.29795325,1,0.74,0.26,0.92,0.08,0.96,0.04,0.15,0.85,1,1,0,0.01,0.99,0.35,0.65
Chongqing,Megacities,8,重庆市,459.5,411.9610346,1593.296,132,16072.80072,85,333.9032843,104,1.089976279,2770.56471,159,27948.81458,102,580.620711,125,3.119932102,5133.953777,415,51790.13564,267,1075.910583,326,29.06936737,2655.493333,159,26788.00119,102,556.5054738,125,2.489945812,3098.075555,658,31252.66806,423,649.2563861,517,11.76974386,6638.733332,850,66970.00298,546,1391.263685,668,0.11578773,0.100882055,11.22699328,0.6,0.5,0.17,0.33,0.4,0.17,0.43,1,1,0.02,0.112,0.476341463,0.391658537,1,0.74,0.26,0.92,0.08,0.96,0.04,0.15,0.85,1,1,0,0.01,0.99,0.35,0.65
Zhoushan City,Medium-small-cities,8,浙江省,19.5935,17.72169346,7227.937706,132,10376.59273,85,395.4695611,104,0.037866866,12568.58057,159,18043.74181,102,687.6776257,125,0.088750468,23290.0215,415,33435.68769,267,1274.290808,326,1.393145681,12046.56284,159,17294.32122,102,659.1159352,125,0.046268577,14054.32332,658,20176.70809,423,768.9685911,517,0.305774946,30116.40711,850,43235.80305,546,1647.789838,668,0.154572209,0.106012664,0.879563117,0.6,0.715802284,0.272543966,0.01165375,0.495862102,0.460016648,0.04412125,1,1,0.02,0.68204675,0,0.29795325,1,0.74,0.26,0.92,0.08,0.96,0.04,0.15,0.85,1,0.9,0.1,0.01,0.99,0.35,0.65
Zhoukou City,Largecities,8,河南省,98.4355,86.8819771,2382.727348,132,15233.13088,85,384.1417755,104,0.223810416,4143.298111,159,26488.72202,102,667.9798652,125,0.485637944,7677.677011,415,49084.53282,267,1237.790166,326,7.05953238,3971.212247,159,25388.55146,102,640.2362925,125,0.242818972,4633.080955,658,29619.9767,423,746.9423413,517,3.541723185,9928.030618,850,63471.37865,546,1600.590731,668,0.124793433,0.108480293,0,0.6,0.734725682,0.244249318,0.021025,0.5408645,0.3916605,0.067475,1,1,0.02,0.465223316,0.453325723,0.061450961,1,0.74,0.26,0.92,0.08,0.96,0.04,0.15,0.85,1,1,0,0.01,0.99,0.35,0.65
Zhuhai City,Largecities,8,广东省,68.8579,61.13178262,11130.47519,132,4803.378388,85,2066.146424,104,0.152657197,19354.65963,159,8352.541307,102,3592.79906,125,0.520044266,35864.8645,415,15477.55258,267,6657.582922,326,5.463583277,18550.79198,159,8005.630646,102,3443.577374,125,0.330559262,21642.59064,658,9339.90242,423,4017.506936,517,1.25927338,46376.97995,850,20014.07662,546,8608.943434,668,0.119811087,0.092418143,2.761296886,0.6,0.709015227,0.269959773,0.021025,0.499637079,0.432887921,0.067475,1,1,0.02,0.465223316,0.453325723,0.061450961,1,0.74,0.26,0.92,0.08,0.96,0.04,0.15,0.85,1,0.9,0.1,0.01,0.99,0.35,0.65
Zhuzhou City,Largecities,8,湖南省,54.8513,49.0213998,1717.675823,132,15649.35999,85,632.9641881,104,0.266375948,2986.847404,159,27212.4982,102,1100.654394,125,0.389756731,5534.733209,415,50425.71552,267,2039.551273,326,3.74191771,2862.793039,159,26082.26665,102,1054.940314,125,0.311931929,3339.925212,658,30429.31109,423,1230.763699,517,1.119917881,7156.982597,850,65205.66662,546,2637.350784,668,0.112334123,0.099990163,0,0.6,0.69616,0.282815,0.021025,0.479023368,0.453501632,0.067475,1,1,0.02,0.465223316,0.453325723,0.061450961,1,0.74,0.26,0.92,0.08,0.96,0.04,0.15,0.85,1,1,0,0.01,0.99,0.35,0.65
Zhumadian City,Medium-small-cities,8,河南省,74.3745,65.64505291,2644.310717,132,14872.80077,85,482.8885112,104,0.169103502,4598.162525,159,25862.14801,102,839.6894667,125,0.366931435,8520.556755,415,47923.46915,267,1555.974092,326,5.333941423,4407.184528,159,24788.00129,102,804.8141853,125,0.183465717,5141.715283,658,28919.33483,423,938.9498829,517,2.676005008,11017.96132,850,61970.00322,546,2012.035463,668,0.139816686,0.098484556,0,0.6,0.754737136,0.233609114,0.01165375,0.561578766,0.394299984,0.04412125,1,1,0.02,0.68204675,0,0.29795325,1,0.74,0.26,0.92,0.08,0.96,0.04,0.15,0.85,1,1,0,0.01,0.99,0.35,0.65
Ziyang City,Medium-small-cities,8,四川省,32.24,28.88273708,2451.733681,132,15002.46158,85,545.8047387,104,0.059221956,4263.292457,159,26087.61375,102,949.0937955,125,0.208493734,7900.030751,415,48341.26509,267,1758.704158,326,2.154705675,4086.222802,159,25004.10263,102,909.6745644,125,0.169012431,4767.259936,658,29171.45307,423,1061.286992,517,0.765829125,10215.55701,850,62510.25658,546,2274.186411,668,0.141767816,0.112335198,0,0.6,0.728780568,0.259565682,0.01165375,0.517767656,0.438111094,0.04412125,1,1,0.02,0.68204675,0,0.29795325,1,0.74,0.26,0.92,0.08,0.96,0.04,0.15,0.85,1,1,0,0.01,0.99,0.35,0.65
Zibo City,Largecities,8,山东省,112.4472,98.88758837,4173.018946,132,13177.58512,85,649.39593,104,0.193992089,7256.416279,159,22914.35635,102,1129.227367,125,0.640512534,13446.39438,415,42461.10762,267,2092.497997,326,8.240551735,6955.031577,159,21962.64187,102,1082.32655,125,0.386532866,8114.203507,658,25623.08219,423,1262.714308,517,4.098022411,17387.57894,850,54906.60468,546,2705.816375,668,0.117226407,0.104578656,0,0.6,0.734725682,0.244249318,0.021025,0.5408645,0.3916605,0.067475,1,1,0.02,0.465223316,0.453325723,0.061450961,1,0.74,0.26,0.92,0.08,0.96,0.04,0.15,0.85,1,1,0,0.01,0.99,0.35,0.65
Zigong City,Medium-small-cities,8,四川省,44.04,39.45396219,1696.42048,132,15661.98459,85,641.5949252,104,0.080897485,2949.886724,159,27234.45099,102,1115.662287,125,0.284803476,5466.24377,415,50466.3948,267,2067.361426,326,2.943338646,2827.367467,159,26103.30766,102,1069.324875,125,0.230871819,3298.595378,658,30453.85893,423,1247.545688,517,1.046126386,7068.418668,850,65258.26914,546,2673.312188,668,0.144774097,0.125546429,0,0.6,0.728780568,0.259565682,0.01165375,0.517767656,0.438111094,0.04412125,1,1,0.02,0.68204675,0,0.29795325,1,0.74,0.26,0.92,0.08,0.96,0.04,0.15,0.85,1,1,0,0.01,0.99,0.35,0.65
Zunyi City,Largecities,8,贵州省,94.97,82.22688574,1475.806452,132,15940.35301,85,583.8405356,104,0.338884001,2566.263441,159,27718.50274,102,1015.23382,125,0.55763452,4755.376344,415,51363.35971,267,1881.263948,326,9.660883586,2459.677419,159,26567.25502,102,973.0675593,125,0.525359853,2869.623656,658,30995.13086,423,1135.245486,517,1.660352301,6149.193548,850,66418.13755,546,2432.668898,668,0.150442658,0.135040397,1.337082933,0.6,0.721870455,0.257104545,0.021025,0.520250789,0.412274211,0.067475,1,1,0.02,0.465223316,0.453325723,0.061450961,1,0.74,0.26,0.92,0.08,0.96,0.04,0.15,0.85,1,1,0,0.01,0.99,0.35,0.65
Altay Prefecture,Medium-small-cities,9,新疆维吾尔族自治区,12.0824,10.00871362,2460.359096,132,15298.20249,85,241.4384086,104,0.062001128,4278.291096,159,26601.87434,102,419.8345661,125,0.084064592,7927.823755,415,49294.20804,267,777.9682056,326,1.360952688,4100.598494,159,25497.00416,102,402.3973477,125,0.080433896,4784.031576,658,29746.50485,423,469.4635723,517,0.486234071,10251.49624,850,63742.5104,546,1005.993369,668,0.211290662,0.200183312,2.827535702,0.6,0.741758852,0.246587398,0.01165375,0.539673211,0.416205539,0.04412125,1,1,0.02,0.68204675,0,0.29795325,1,0.74,0.26,0.92,0.08,0.96,0.04,0.15,0.85,1,1,0,0.01,0.99,0.35,0.65
Ankang City,Medium-small-cities,9,陕西省,19.7762,17.73389067,1317.038723,132,16312.21311,85,370.7481659,104,0.050667417,2290.184001,159,28365.12613,102,644.6898662,125,0.125784809,4243.791439,415,52561.57558,267,1194.632979,326,1.299678172,2195.064538,159,27187.02185,102,617.9136098,125,0.048605371,2560.908627,658,31718.19216,423,720.8992114,517,0.51757356,5487.661344,850,67967.55463,546,1544.784024,668,0.24681867,0.185103782,6.309934148,0.6,0.728780568,0.259565682,0.01165375,0.517767656,0.438111094,0.04412125,1,1,0.02,0.68204675,0,0.29795325,1,0.74,0.26,0.92,0.08,0.96,0.04,0.15,0.85,1,1,0,0.01,0.99,0.35,0.65
Anqing City,Medium-small-cities,9,安徽省,57.3094,49.08328264,2113.94044,132,15563.22831,85,322.8312473,104,0.156693991,3675.907543,159,27062.72479,102,561.3676689,125,0.360332741,6811.585863,415,50148.18012,267,1040.234019,326,4.882254892,3523.234067,159,25938.71385,102,538.0520788,125,0.201101196,4110.439745,658,30261.83283,423,627.7274253,517,2.625734537,8808.085168,850,64846.78464,546,1345.130197,668,0.238486024,0.184639759,3.84E-01,0.6,0.728780568,0.259565682,0.01165375,0.517767656,0.438111094,0.04412125,1,1,0.02,0.68204675,0,0.29795325,1,0.74,0.26,0.92,0.08,0.96,0.04,0.15,0.85,1,1,0,0.01,0.99,0.35,0.65
Anshun City,Medium-small-cities,9,贵州省,30.0547,26.0219478,3141.108703,132,14264.95395,85,593.9373451,104,0.107244993,5462.039023,159,24805.16993,102,1032.79105,125,0.17647192,10121.35027,415,45964.85162,267,1913.798112,326,3.057333452,5235.181172,159,23774.92325,102,989.8955751,125,0.166258111,6107.711368,658,27737.41046,423,1154.878171,517,0.525443722,13087.95293,850,59437.30813,546,2474.738938,668,0.204005499,0.18818835,0.410044255,0.6,0.715802284,0.272543966,0.01165375,0.495862102,0.460016648,0.04412125,1,1,0.02,0.68204675,0,0.29795325,1,0.74,0.26,0.92,0.08,0.96,0.04,0.15,0.85,1,1,0,0.01,0.99,0.35,0.65
Anyang City,Medium-small-cities,9,河南省,86.4084,76.26651595,4263.814068,132,13333.0768,85,403.1091273,104,0.19646469,7414.298907,159,23184.73911,102,700.9619825,125,0.426301463,13738.95644,415,42962.13637,267,1298.907188,326,6.19698074,7106.35678,159,22221.79467,102,671.8485455,125,0.213150732,8290.749577,658,25925.42712,423,783.8233031,517,3.108986429,17765.89195,850,55554.48669,546,1679.621364,668,0.223533184,0.214266755,0,0.6,0.754737136,0.233609114,0.01165375,0.561578766,0.394299984,0.04412125,1,1,0.02,0.68204675,0,0.29795325,1,0.74,0.26,0.92,0.08,0.96,0.04,0.15,0.85,1,1,0,0.01,0.99,0.35,0.65
Anshan City,Medium-small-cities,9,辽宁省,62.1968,54.16211227,3665.491148,132,13672.35752,85,662.1513331,104,0.291748213,6373.881829,159,23774.71058,102,1151.407596,125,0.544306367,11811.02703,415,44055.37423,267,2133.59874,326,4.505405239,6109.151913,159,22787.26253,102,1103.585555,125,0.32222937,7127.343898,658,26585.13962,423,1287.516481,517,2.370998537,15272.87978,850,56968.15633,546,2758.963888,668,0.231173021,0.180949167,0.104603868,0.6,0.741758852,0.246587398,0.01165375,0.539673211,0.416205539,0.04412125,1,1,0.02,0.68204675,0,0.29795325,1,0.74,0.26,0.92,0.08,0.96,0.04,0.15,0.85,1,1,0,0.01,0.99,0.35,0.65
Bayannur City,Medium-small-cities,9,内蒙古自治区,36.9,32.35197114,3806.314879,132,13893.16609,85,300.5190311,104,0.077815539,6618.758651,159,24158.67215,102,522.5692042,125,0.195503503,12264.79239,415,44766.86851,267,968.3391003,326,2.855380111,6343.858131,159,23155.27682,102,500.8650519,125,0.094536233,7401.16782,658,27014.48962,423,584.3425606,517,1.324793475,15859.64533,850,57888.19204,546,1252.16263,668,0.244540122,0.235085462,0.373073136,0.6,0.754737136,0.233609114,0.01165375,0.561578766,0.394299984,0.04412125,1,1,0.02,0.68204675,0,0.29795325,1,0.74,0.26,0.92,0.08,0.96,0.04,0.15,0.85,1,1,0,0.01,0.99,0.35,0.65
Bazhong City,Medium-small-cities,9,四川省,44.98,40.29607673,1257.48176,132,16396.60081,85,345.9174294,104,0.08262418,2186.62106,159,28511.86697,102,601.5119744,125,0.290882387,4051.885671,415,52833.4915,267,1114.622828,326,3.00616195,2095.802933,159,27327.66802,102,576.529049,125,0.235799601,2445.103422,658,31882.27935,423,672.6172238,517,1.068455151,5239.507333,850,68319.17004,546,1441.322622,668,0.127112776,0.196021048,0.080119805,0.6,0.715802284,0.272543966,0.01165375,0.495862102,0.460016648,0.04412125,1,1,0.02,0.68204675,0,0.29795325,1,0.74,0.26,0.92,0.08,0.96,0.04,0.15,0.85,1,1,0,0.01,0.99,0.35,0.65
Baicheng City,Medium-small-cities,9,吉林省,28.6851,25.37144774,4294.273734,132,13224.05883,85,481.6674325,104,0.08560428,7467.264882,159,22995.16897,102,837.5661465,125,0.230620487,13837.10425,415,42610.85624,267,1552.039505,326,1.905014659,7157.12289,159,22040.09806,102,802.7790541,125,0.116907338,8349.976705,658,25713.44773,423,936.5755632,517,0.975505494,17892.80722,850,55100.24514,546,2006.947635,668,0.21954228,0.198662536,0.052073687,0.6,0.754737136,0.233609114,0.01165375,0.561578766,0.394299984,0.04412125,1,1,0.02,0.68204675,0,0.29795325,1,0.74,0.26,0.92,0.08,0.96,0.04,0.15,0.85,1,1,0,0.01,0.99,0.35,0.65
Baishan City,Medium-small-cities,9,吉林省,14.5408,12.86107238,3177.732782,132,14210.43718,85,611.8300352,104,0.043393773,5525.724226,159,24710.37132,102,1063.90445,125,0.11690412,10239.36119,415,45789.18648,267,1971.452336,326,0.965673369,5296.221303,159,23684.06197,102,1019.716725,125,0.059261645,6178.924853,658,27631.40563,423,1189.669513,517,0.494494713,13240.55326,850,59210.15493,546,2549.291813,668,0.243520782,0.220654804,0.314604777,0.6,0.728780568,0.259565682,0.01165375,0.517767656,0.438111094,0.04412125,1,1,0.02,0.68204675,0,0.29795325,1,0.74,0.26,0.92,0.08,0.96,0.04,0.15,0.85,1,1,0,0.01,0.99,0.35,0.65
Baiyin City,Medium-small-cities,9,甘肃省,24.79,20.23462855,3825.158211,132,13622.1745,85,552.6672892,104,0.078490765,6651.525112,159,23687.44788,102,961.0270084,125,0.173697156,12325.50979,415,43893.67339,267,1780.816821,326,3.331496922,6375.263686,159,22703.62417,102,921.1121486,125,0.188232483,7437.807633,658,26487.56153,423,1074.63084,517,0.783454119,15938.15921,850,56759.06041,546,2302.780372,668,0.237069375,0.235629604,0,0.6,0.754737136,0.233609114,0.01165375,0.561578766,0.394299984,0.04412125,1,1,0.02,0.68204675,0,0.29795325,1,0.74,0.26,0.92,0.08,0.96,0.04,0.15,0.85,1,1,0,0.01,0.99,0.35,0.65
Baise City,Medium-small-cities,9,广西壮族自治区,39.4785,34.25272915,3273.166965,132,13885.34089,85,841.492145,104,0.097133287,5691.673667,159,24145.06499,102,1463.261341,125,0.230765143,10546.87133,415,44741.65398,267,2711.474689,326,3.373174152,5455.278275,159,23142.23482,102,1402.486908,125,0.291988548,6364.49132,658,26999.27395,423,1636.234726,517,1.232709716,13638.19569,850,57855.58704,546,3506.217271,668,0.215054192,0.217006677,0.203937785,0.6,0.728780568,0.259565682,0.01165375,0.517767656,0.438111094,0.04412125,1,1,0.02,0.68204675,0,0.29795325,1,0.74,0.26,0.92,0.08,0.96,0.04,0.15,0.85,1,1,0,0.01,0.99,0.35,0.65
Bengbu City,Medium-small-cities,9,安徽省,44.0785,37.75152896,4054.276663,132,13594.08659,85,351.6367476,104,0.120518381,7049.936642,159,23638.60612,102,611.4572334,125,0.277143483,13063.78036,415,43803.1679,267,1133.051742,326,3.755099028,6757.127772,159,22656.81098,102,586.061246,125,0.154673388,7883.315734,658,26432.94615,423,683.7381204,517,2.019536756,16892.81943,850,56642.02746,546,1465.153115,668,0.196926355,0.195128919,0.00E+00,0.6,0.741758852,0.246587398,0.01165375,0.539673211,0.416205539,0.04412125,1,1,0.02,0.68204675,0,0.29795325,1,0.74,0.26,0.92,0.08,0.96,0.04,0.15,0.85,1,1,0,0.01,0.99,0.35,0.65
Baotou City,Medium-small-cities,9,内蒙古自治区,72.6,63.65184566,5064.302822,132,12057.65608,85,878.0411011,104,0.153100491,8806.259907,159,20966.92418,102,1526.815915,125,0.384649169,16318.30909,415,38852.44736,267,2829.243548,326,5.617902332,8440.504703,159,20096.09346,102,1463.401835,125,0.185998118,9847.255487,658,23445.44237,423,1707.302141,517,2.606504235,21101.26176,850,50240.23365,546,3658.504588,668,0.233608817,0.217928731,1.225224813,0.6,0.754737136,0.233609114,0.01165375,0.561578766,0.394299984,0.04412125,1,1,0.02,0.68204675,0,0.29795325,1,0.74,0.26,0.92,0.08,0.96,0.04,0.15,0.85,1,1,0,0.01,0.99,0.35,0.65
Baoji City,Medium-small-cities,9,陕西省,39.2303,35.17894495,2889.019585,132,14780.68576,85,330.2946539,104,0.100509602,5023.684056,159,25701.97024,102,574.3457037,125,0.24952093,9309.063107,415,47626.65412,267,1064.282774,326,2.578188155,4815.032641,159,24634.47627,102,550.4910898,125,0.096419095,5617.538082,658,28740.22231,423,642.2396048,517,1.026717268,12037.5816,850,61586.19067,546,1376.227725,668,0.239667248,0.2078836,0,0.6,0.741758852,0.246587398,0.01165375,0.539673211,0.416205539,0.04412125,1,1,0.02,0.68204675,0,0.29795325,1,0.74,0.26,0.92,0.08,0.96,0.04,0.15,0.85,1,1,0,0.01,0.99,0.35,0.65
Baoding City,Largecities,9,河北省,238,206.0961842,3178.423926,132,14255.61087,85,565.9652035,104,0.319110683,5526.926049,159,24788.92335,102,984.1506039,125,0.979089596,10241.58821,415,45934.74614,267,1823.665656,326,19.51796978,5297.37321,159,23759.35145,102,943.2753392,125,0.641122372,6180.268745,658,27719.24336,423,1100.487896,517,10.44652336,13243.43303,850,59398.37863,546,2358.188348,668,0.243804019,0.202440613,0,0.6,0.747580909,0.231394091,0.021025,0.561478211,0.371046789,0.067475,1,1,0.02,0.465223316,0.453325723,0.061450961,1,0.74,0.26,0.92,0.08,0.96,0.04,0.15,0.85,1,1,0,0.01,0.99,0.35,0.65
Baoshan City,Medium-small-cities,9,云南省,28.66,24.36464572,1590.987868,132,15977.2617,85,431.7504333,104,0.080283371,2766.551127,159,27782.68284,102,750.7660312,125,0.12255819,5126.516464,415,51482.28769,267,1391.195841,326,3.274940998,2651.646447,159,26628.7695,102,719.5840555,125,0.193145502,3093.587522,658,31066.89775,423,839.5147314,517,0.624426221,6629.116118,850,66571.92374,546,1798.960139,668,0.216677355,0.185170942,1.026007184,0.6,0.728780568,0.259565682,0.01165375,0.517767656,0.438111094,0.04412125,1,1,0.02,0.68204675,0,0.29795325,1,0.74,0.26,0.92,0.08,0.96,0.04,0.15,0.85,1,1,0,0.01,0.99,0.35,0.65
Beihai City,Medium-small-cities,9,广西壮族自治区,30.3548,26.33673374,2599.601594,132,14348.60558,85,1051.792829,104,0.074685246,4520.418327,159,24950.63081,102,1828.950863,125,0.17743404,8376.494024,415,46234.39575,267,3389.110226,326,2.593614924,4332.669323,159,23914.34263,102,1752.988048,125,0.224508377,5054.780876,658,27900.0664,423,2045.152722,517,0.947823674,10831.67331,850,59785.85657,546,4382.47012,668,0.215375399,0.212324922,1.326112793,0.6,0.728780568,0.259565682,0.01165375,0.517767656,0.438111094,0.04412125,1,1,0.02,0.68204675,0,0.29795325,1,0.74,0.26,0.92,0.08,0.96,0.04,0.15,0.85,1,0.9,0.1,0.01,0.99,0.35,0.65
Beijing,Megacities,9,北京市,584.25,522.7,7707.502459,132,9352.499329,85,939.9982116,104,7.66,13402.49039,159,16262.95717,102,1634.552446,125,6.31,24835.2857,415,30135.83117,267,3028.883126,326,39.4,12845.83743,159,15587.49888,102,1566.663686,125,1.87,14986.81034,658,18185.41536,423,1827.7743,517,6.31,32114.59358,850,38968.74721,546,3916.659215,668,0.247671058,0.176055624,39.87616839,0.6,0.5085,0.1615,0.33,0.4085,0.1615,0.43,1,1,0.02,0.112,0.476341463,0.391658537,1,0.74,0.26,0.92,0.08,0.96,0.04,0.15,0.85,1,1,0,0.01,0.99,0.35,0.65
Benxi City,Medium-small-cities,9,辽宁省,15.1086,13.15684552,8159.6766,132,9840.3234,85,0,104,0.070870319,14188.77098,159,17111.22902,102,0,125,0.132220744,26292.29127,415,31707.70873,267,0,326,1.094435173,13599.461,159,16400.539,102,0,125,0.078274681,15866.03783,658,19133.96217,423,0,517,0.575953562,33998.6525,850,41001.3475,546,0,668,0.256973192,0.199537119,0,0.6,0.728780568,0.259565682,0.01165375,0.517767656,0.438111094,0.04412125,1,1,0.02,0.68204675,0,0.29795325,1,0.74,0.26,0.92,0.08,0.96,0.04,0.15,0.85,1,1,0,0.01,0.99,0.35,0.65
Bijie City,Medium-small-cities,9,贵州省,58.2,50.39069969,1444.917944,132,16017.58999,85,537.4920664,104,0.207676623,2512.551757,159,27852.80926,102,934.6389821,125,0.341732432,4655.846707,415,51612.23441,267,1731.918881,326,5.920431975,2408.196573,159,26695.98332,102,895.8201106,125,0.321953706,2809.562668,658,31145.31387,423,1045.123462,517,1.01750557,6020.491432,850,66739.95829,546,2239.550277,668,0.20998888,0.20850291,0.926222298,0.6,0.728780568,0.259565682,0.01165375,0.517767656,0.438111094,0.04412125,1,1,0.02,0.68204675,0,0.29795325,1,0.74,0.26,0.92,0.08,0.96,0.04,0.15,0.85,1,1,0,0.01,0.99,0.35,0.65
Binzhou City,Medium-small-cities,9,山东省,95.6195,84.08908141,2890.192846,132,14447.41907,85,662.3880883,104,0.164961213,5025.724226,159,25122.45649,102,1151.819287,125,0.544659967,9312.843613,415,46552.79477,267,2134.361618,326,7.007354889,4816.988076,159,24079.03178,102,1103.980147,125,0.328688303,5619.819422,658,28092.20374,423,1287.976838,517,3.484754213,12042.47019,850,60197.57944,546,2759.950368,668,0.241599763,0.233061764,0,0.6,0.741758852,0.246587398,0.01165375,0.539673211,0.416205539,0.04412125,1,1,0.02,0.68204675,0,0.29795325,1,0.74,0.26,0.92,0.08,0.96,0.04,0.15,0.85,1,0.9,0.1,0.01,0.99,0.35,0.65
Bozhou City,Medium-small-cities,9,安徽省,63.1152,54.0557256,2502.108931,132,15145.79131,85,352.0997616,104,0.172568071,4350.889419,159,26336.84822,102,612.2623632,125,0.396836698,8062.350999,415,48803.10532,267,1134.543676,326,5.376857792,4170.181551,159,25242.98551,102,586.832936,125,0.221474002,4865.21181,658,29450.14976,423,684.6384253,517,2.891737838,10425.45388,850,63107.46378,546,1467.08234,668,0.225904388,0.148953102,0,0.6,0.741758852,0.246587398,0.01165375,0.539673211,0.416205539,0.04412125,1,1,0.02,0.68204675,0,0.29795325,1,0.74,0.26,0.92,0.08,0.96,0.04,0.15,0.85,1,1,0,0.01,0.99,0.35,0.65
Cangzhou City,Largecities,9,河北省,85.0947,73.68778557,3144.492403,132,14282.09231,85,573.415292,104,0.114095075,5467.922901,159,24834.97162,102,997.1054799,125,0.350064435,10132.2533,415,46020.07521,267,1847.671496,326,6.978469678,5240.820672,159,23803.48718,102,955.6921533,125,0.229227378,6114.290784,658,27770.73504,423,1114.974179,517,3.735057864,13102.05168,850,59508.71794,546,2389.230383,668,0.244610936,0.183446642,0,0.6,0.747580909,0.231394091,0.021025,0.561478211,0.371046789,0.067475,1,1,0.02,0.465223316,0.453325723,0.061450961,1,0.74,0.26,0.92,0.08,0.96,0.04,0.15,0.85,1,0.9,0.1,0.01,0.99,0.35,0.65
Chamdo City,Medium-small-cities,9,西藏自治区,13.7757,9.001351382,1766.100544,132,15994.48013,85,239.4193258,104,0.072150135,3071.052612,159,27812.62378,102,416.3236054,125,0.106981235,5690.768418,415,51537.76931,267,771.4622719,326,3.092504082,2943.500906,159,26657.46688,102,399.0322096,125,0.462756041,3434.08439,658,31100.37803,423,465.5375779,517,1.039957125,7358.752265,850,66643.66721,546,997.580524,668,0.144297967,0.145474888,0.163484359,0.6,0.728780568,0.259565682,0.01165375,0.517767656,0.438111094,0.04412125,1,1,0.02,0.68204675,0,0.29795325,1,0.74,0.26,0.92,0.08,0.96,0.04,0.15,0.85,1,1,0,0.01,0.99,0.35,0.65
Changde City,Largecities,9,湖南省,62.3495,55.72264954,1739.525849,132,15918.76738,85,341.7067679,104,0.302789673,3024.84217,159,27680.96773,102,594.190102,125,0.44303667,5605.138846,415,51293.80601,267,1101.055141,326,4.253439723,2899.209748,159,26531.27897,102,569.5112799,125,0.354573179,3382.411373,658,30953.1588,423,664.4298265,517,1.273011212,7248.02437,850,66328.19743,546,1423.7782,668,0.217885922,0.181173507,6.27914317,0.6,0.734725682,0.244249318,0.021025,0.5408645,0.3916605,0.067475,1,1,0.02,0.465223316,0.453325723,0.061450961,1,0.74,0.26,0.92,0.08,0.96,0.04,0.15,0.85,1,1,0,0.01,0.99,0.35,0.65
Changzhou City,Largecities,9,江苏省,147.72,136.7421162,5151.340178,132,11909.36517,85,939.2946555,104,0.306471419,8957.608198,159,20709.06276,102,1633.32904,125,0.893810317,16598.76279,415,38374.62109,267,3026.616112,326,5.012941368,8585.566963,159,19848.94194,102,1565.491092,125,0.867430498,10016.49479,658,23157.09894,423,1826.406275,517,3.897230226,21463.91741,850,49622.35486,546,3913.727731,668,0.199154155,0.148328881,3.612096639,0.6,0.747580909,0.231394091,0.021025,0.561478211,0.371046789,0.067475,1,1,0.02,0.465223316,0.453325723,0.061450961,1,0.74,0.26,0.92,0.08,0.96,0.04,0.15,0.85,1,1,0,0.01,0.99,0.35,0.65
Chaohu City,Medium-small-cities,9,安徽省,9.5791,8.204128341,4461.481206,132,13196.87384,85,341.6449572,104,0.026190946,7758.020097,159,22947.89728,102,594.08262,125,0.060228573,14375.88389,415,42523.26014,267,1100.855973,326,0.816054746,7435.80201,159,21994.78973,102,569.408262,125,0.033613482,8675.102345,658,25660.58802,423,664.309639,517,0.438883913,18589.50502,850,54986.97432,546,1423.520655,668,0.208561678,0.104472767,0,0.6,0.741758852,0.246587398,0.01165375,0.539673211,0.416205539,0.04412125,1,1,0.02,0.68204675,0,0.29795325,1,0.74,0.26,0.92,0.08,0.96,0.04,0.15,0.85,1,1,0,0.01,0.99,0.35,0.65
Chaoyang City,Medium-small-cities,9,辽宁省,41.8232,36.42040835,3214.504383,132,14183.1843,85,602.3113151,104,0.196181216,5589.665955,159,24662.98159,102,1047.352454,125,0.366009732,10357.84746,415,45701.37164,267,1940.780904,326,3.029584551,5357.507305,159,23638.6405,102,1003.852192,125,0.216677761,6250.425189,658,27578.41392,423,1171.160891,517,1.59433839,13393.76826,850,59096.60126,546,2509.63048,668,0.244147306,0.184351223,7.305003275,0.6,0.728780568,0.259565682,0.01165375,0.517767656,0.438111094,0.04412125,1,1,0.02,0.68204675,0,0.29795325,1,0.74,0.26,0.92,0.08,0.96,0.04,0.15,0.85,1,1,0,0.01,0.99,0.35,0.65
Chaozhou City,Medium-small-cities,9,广东省,37.4376,33.23695937,3654.915638,132,13714.93501,85,630.1493499,104,0.082998742,6355.492193,159,23848.7481,102,1095.759703,125,0.282744743,11776.95039,415,44192.56837,267,2030.481239,326,2.970515297,6091.526063,159,22858.22502,102,1050.248917,125,0.179722957,7106.780407,658,26667.92919,423,1225.290403,517,0.684658886,15228.81516,850,57145.56255,546,2625.622291,668,0.235608388,0.199895373,0,0.6,0.754737136,0.233609114,0.01165375,0.561578766,0.394299984,0.04412125,1,1,0.02,0.68204675,0,0.29795325,1,0.74,0.26,0.92,0.08,0.96,0.04,0.15,0.85,1,0.9,0.1,0.01,0.99,0.35,0.65
Chenzhou City,Medium-small-cities,9,湖南省,50.137,44.80816174,2075.037519,132,15349.67484,85,575.2876438,104,0.243481757,3608.259685,159,26691.37902,102,1000.361292,125,0.356258343,6686.232005,415,49460.06337,267,1853.70463,326,3.420311428,3458.395865,159,25582.7914,102,958.8127397,125,0.285122343,4034.795175,658,29846.58996,423,1118.614863,517,1.023664394,8645.989661,850,63956.97849,546,2397.031849,668,0.231715538,0.198779334,0,0.6,0.741758852,0.246587398,0.01165375,0.539673211,0.416205539,0.04412125,1,1,0.02,0.68204675,0,0.29795325,1,0.74,0.26,0.92,0.08,0.96,0.04,0.15,0.85,1,1,0,0.01,0.99,0.35,0.65
Chengdu City,Extra-large-cities,9,四川省,463.04,414.8220402,4230.957854,132,12714.22068,85,1054.821465,104,0.85056248,7357.165602,159,22108.61707,102,1834.217326,125,2.994445992,13633.08642,415,40968.04442,267,3398.869166,326,30.94649243,7051.596424,159,21190.3678,102,1758.035775,125,2.427404338,8226.862494,658,24722.09577,423,2051.041738,517,10.99905454,17628.99106,850,52975.9195,546,4395.089438,668,0.226313807,0.175561944,23.72758994,0.6,0.685942969,0.230557031,0.0835,0.485419034,0.348080966,0.1665,1,1,0.02,0.013248421,0.885273042,0.081478537,1,0.74,0.26,0.92,0.08,0.96,0.04,0.15,0.85,1,1,0,0.01,0.99,0.35,0.65
Chengde City,Medium-small-cities,9,河北省,56.9565,49.32150133,3472.735202,132,13921.25212,85,606.0126783,104,0.076367343,6038.700657,159,24207.51063,102,1053.788713,125,0.234308893,11189.92454,415,44857.36794,267,1952.707519,326,4.670904395,5787.892004,159,23202.08687,102,1010.02113,125,0.153428934,6752.540671,658,27069.10134,423,1178.357986,517,2.499989109,14469.73001,850,58005.21716,546,2525.052826,668,0.225167269,0.215786093,0.205821508,0.6,0.754737136,0.233609114,0.01165375,0.561578766,0.394299984,0.04412125,1,1,0.02,0.68204675,0,0.29795325,1,0.74,0.26,0.92,0.08,0.96,0.04,0.15,0.85,1,1,0,0.01,0.99,0.35,0.65
Chizhou City,Medium-small-cities,9,安徽省,18.5196,15.8613205,2882.596246,132,14621.06268,85,496.3410754,104,0.050635848,5012.514583,159,25424.40344,102,863.0819811,125,0.116441949,9288.36568,415,47112.31308,267,1599.321243,326,1.577706409,4804.327076,159,24368.4378,102,827.2351257,125,0.064986088,5605.048255,658,28429.8441,423,965.1076466,517,0.848509203,12010.81769,850,60921.0945,546,2068.087814,668,0.242449935,0.190771768,0.334985067,0.6,0.728780568,0.259565682,0.01165375,0.517767656,0.438111094,0.04412125,1,1,0.02,0.68204675,0,0.29795325,1,0.74,0.26,0.92,0.08,0.96,0.04,0.15,0.85,1,1,0,0.01,0.99,0.35,0.65
Chifeng City,Largecities,9,内蒙古自治区,159.421,139.771913,4186.424135,132,13394.13474,85,419.441123,104,0.336190543,7279.726412,159,23290.91208,102,729.3615083,125,0.84464401,13489.58888,415,43158.87861,267,1351.532507,326,12.33624804,6977.373558,159,22323.5579,102,699.0685383,125,0.408429834,8140.269151,658,26044.15089,423,815.5799614,517,5.723574541,17443.43389,850,55808.89476,546,1747.671346,668,0.22228724,0.228687055,1.170379598,0.6,0.747580909,0.231394091,0.021025,0.561478211,0.371046789,0.067475,1,1,0.02,0.465223316,0.453325723,0.061450961,1,0.74,0.26,0.92,0.08,0.96,0.04,0.15,0.85,1,1,0,0.01,0.99,0.35,0.65
Chongzuo City,Medium-small-cities,9,广西壮族自治区,19.1722,16.63437501,3308.791801,132,14184.87932,85,506.3288782,104,0.047171468,5753.621299,159,24665.92904,102,880.4496604,125,0.112067973,10661.66247,415,45706.83337,267,1631.504163,326,1.638136441,5514.653002,159,23641.46553,102,843.8814636,125,0.141800292,6433.761836,658,27581.70979,423,984.5283743,517,0.598648815,13786.63251,850,59103.66384,546,2109.703659,668,0.222633045,0.201634235,0,0.6,0.741758852,0.246587398,0.01165375,0.539673211,0.416205539,0.04412125,1,1,0.02,0.68204675,0,0.29795325,1,0.74,0.26,0.92,0.08,0.96,0.04,0.15,0.85,1,1,0,0.01,0.99,0.35,0.65
Chuzhou City,Medium-small-cities,9,安徽省,47.5566,40.73038698,3203.994139,132,14255.82026,85,540.1855972,104,0.130028119,5571.389808,159,24789.28746,102,939.3227329,125,0.29901203,10323.98111,415,45935.42085,267,1740.598035,326,4.05140244,5339.990232,159,23759.70044,102,900.3093287,125,0.166878193,6229.988604,658,27719.65051,423,1050.360883,517,2.178892242,13349.97558,850,59399.2511,546,2250.773322,668,0.246753737,0.170035602,0,0.6,0.741758852,0.246587398,0.01165375,0.539673211,0.416205539,0.04412125,1,1,0.02,0.68204675,0,0.29795325,1,0.74,0.26,0.92,0.08,0.96,0.04,0.15,0.85,1,1,0,0.01,0.99,0.35,0.65
Chuxiong Yi Autonomous Prefecture,Medium-small-cities,9,云南省,30.49,25.9203785,1216.107781,132,16437.06969,85,346.8225271,104,0.08540963,2114.676309,159,28582.23785,102,603.0858388,125,0.130383783,3918.569518,415,52963.89123,267,1117.539254,326,3.484052723,2026.846302,159,27395.11615,102,578.0375452,125,0.20547824,2364.65402,658,31960.96884,423,674.3771361,517,0.66429712,5067.115756,850,68487.79038,546,1445.093863,668,0.217640643,0.213020621,0,0.6,0.741758852,0.246587398,0.01165375,0.539673211,0.416205539,0.04412125,1,1,0.02,0.68204675,0,0.29795325,1,0.74,0.26,0.92,0.08,0.96,0.04,0.15,0.85,1,1,0,0.01,0.99,0.35,0.65
Dazhou City,Medium-small-cities,9,四川省,64.69,57.95360613,1819.812539,132,15603.28706,85,576.9004059,104,0.118829662,3164.451803,159,27132.38249,102,1003.165706,125,0.418345523,5863.840403,415,50277.25829,267,1858.901308,326,4.323446344,3033.020898,159,26005.47843,102,961.5006766,125,0.339125749,3538.524381,658,30339.72483,423,1121.750789,517,1.536646592,7582.552245,850,65013.69606,546,2403.751691,668,0.234109467,0.211146771,0.470868807,0.6,0.728780568,0.259565682,0.01165375,0.517767656,0.438111094,0.04412125,1,1,0.02,0.68204675,0,0.29795325,1,0.74,0.26,0.92,0.08,0.96,0.04,0.15,0.85,1,1,0,0.01,0.99,0.35,0.65
Dali Bai Autonomous Prefecture,Medium-small-cities,9,云南省,49.98,42.48935775,2012.317698,132,15555.77454,85,431.9077651,104,0.140005684,3499.196886,159,27049.7635,102,751.0396137,125,0.213728483,6484.134805,415,50124.1624,267,1391.702799,326,5.711149724,3353.86283,159,25926.29089,102,719.8462751,125,0.336825268,3912.839968,658,30247.33938,423,839.8206543,517,1.088933095,8384.657075,850,64815.72724,546,1799.615688,668,0.208873462,0.212921812,1.061090337,0.6,0.741758852,0.246587398,0.01165375,0.539673211,0.416205539,0.04412125,1,1,0.02,0.68204675,0,0.29795325,1,0.74,0.26,0.92,0.08,0.96,0.04,0.15,0.85,1,1,0,0.01,0.99,0.35,0.65
Dalian City,Largecities,9,辽宁省,169.4615,147.5701771,7802.839461,132,9501.274117,85,695.8864216,104,0.794897644,13568.27084,159,16521.65999,102,1210.069166,125,1.483017993,25142.48271,415,30615.2166,267,2242.300692,326,12.27543427,13004.73244,159,15835.45686,102,1159.810703,125,0.877946652,15172.18784,658,18474.69967,423,1353.112486,517,6.460026377,32511.83109,850,39588.64216,546,2899.526756,668,0.194514845,0.171659877,9.022095283,0.6,0.734725682,0.244249318,0.021025,0.5408645,0.3916605,0.067475,1,1,0.02,0.465223316,0.453325723,0.061450961,1,0.74,0.26,0.92,0.08,0.96,0.04,0.15,0.85,1,0.9,0.1,0.01,0.99,0.35,0.65
Daqing City,Medium-small-cities,9,黑龙江省,97.5303,83.16189506,4294.283716,132,12990.46559,85,715.250692,104,0.399122359,7467.28224,159,22588.97628,102,1243.741481,125,0.969297159,13837.13642,415,41858.16691,267,2304.696674,326,8.299844495,7157.139527,159,21650.77599,102,1192.084487,125,0.796344136,8349.996115,658,25259.23865,423,1390.765234,517,3.903796792,17892.84882,850,54126.93997,546,2980.211217,668,0.248001463,0.218824479,0.380552655,0.6,0.741758852,0.246587398,0.01165375,0.539673211,0.416205539,0.04412125,1,1,0.02,0.68204675,0,0.29795325,1,0.74,0.26,0.92,0.08,0.96,0.04,0.15,0.85,1,1,0,0.01,0.99,0.35,0.65
Datong City,Medium-small-cities,9,山西省,78.5117,69.49934147,5284.235294,132,11922.35294,85,793.4117647,104,0.135357348,9188.698039,159,20731.64706,102,1379.654902,125,0.400524613,17026.98039,415,38416.47059,267,2556.54902,326,4.91391554,8807.058824,159,19870.58824,102,1322.352941,125,0.140904781,10274.90196,658,23182.35294,423,1542.745098,517,3.421656249,22017.64706,850,49676.47059,546,3305.882353,668,0.260006774,0.221670105,1.539583288,0.6,0.754737136,0.233609114,0.01165375,0.561578766,0.394299984,0.04412125,1,1,0.02,0.68204675,0,0.29795325,1,0.74,0.26,0.92,0.08,0.96,0.04,0.15,0.85,1,1,0,0.01,0.99,0.35,0.65
Dandong City,Medium-small-cities,9,辽宁省,34.6818,30.20154647,3373.178142,132,14105.71202,85,521.1098369,104,0.162682858,5865.581992,159,24528.2659,102,906.1521053,125,0.303512794,10869.12957,415,45451.73873,267,1679.131697,326,2.512276571,5621.96357,159,23509.52003,102,868.5163949,125,0.179679574,6558.957499,658,27427.77337,423,1013.269127,517,1.322101733,14054.90893,850,58773.80009,546,2171.290987,668,0.205119738,0.159878491,0.114208344,0.6,0.728780568,0.259565682,0.01165375,0.517767656,0.438111094,0.04412125,1,1,0.02,0.68204675,0,0.29795325,1,0.74,0.26,0.92,0.08,0.96,0.04,0.15,0.85,1,0.9,0.1,0.01,0.99,0.35,0.65
Deyang City,Medium-small-cities,9,四川省,67.79,60.73079239,2758.920456,132,14590.52863,85,650.550911,104,0.124524081,4797.456127,159,25371.30812,102,1131.235751,125,0.438392998,8889.854803,415,47013.92559,267,2096.219602,326,4.530629582,4598.20076,159,24317.54772,102,1084.251518,125,0.355376944,5364.567554,658,28370.47234,423,1264.960105,517,1.610284008,11495.5019,850,60793.8693,546,2710.628796,668,0.159037403,0.188404086,0,0.6,0.728780568,0.259565682,0.01165375,0.517767656,0.438111094,0.04412125,1,1,0.02,0.68204675,0,0.29795325,1,0.74,0.26,0.92,0.08,0.96,0.04,0.15,0.85,1,1,0,0.01,0.99,0.35,0.65
Dezhou City,Largecities,9,山东省,108.1157,95.07840869,2694.51356,132,14729.2358,85,576.2506377,104,0.186519455,4685.45969,159,25612.50448,102,1002.035831,125,0.615839798,8682.321471,415,47460.87092,267,1856.80761,326,7.923123201,4490.855933,159,24548.72634,102,960.4177294,125,0.371643503,5239.331922,658,28640.18073,423,1120.487351,517,3.940165354,11227.13983,850,61371.81584,546,2401.044324,668,0.243995857,0.209109989,0,0.6,0.747580909,0.231394091,0.021025,0.561478211,0.371046789,0.067475,1,1,0.02,0.465223316,0.453325723,0.061450961,1,0.74,0.26,0.92,0.08,0.96,0.04,0.15,0.85,1,1,0,0.01,0.99,0.35,0.65
Diqing Tibetan Autonomous Prefecture,Medium-small-cities,9,云南省,7.96,6.767012558,2635.615028,132,15294.90479,85,69.48018528,104,0.022297824,4583.041688,159,26596.13999,102,120.8183222,125,0.03403919,8492.537313,415,49283.58209,267,223.880597,326,0.909578868,4392.691714,159,25491.50798,102,115.8003088,125,0.05364404,5124.806999,658,29740.09264,423,135.1003603,517,0.17342752,10981.72928,850,63728.76994,546,289.500772,668,0.186784408,0.187676231,0.257893013,0.6,0.728780568,0.259565682,0.01165375,0.517767656,0.438111094,0.04412125,1,1,0.02,0.68204675,0,0.29795325,1,0.74,0.26,0.92,0.08,0.96,0.04,0.15,0.85,1,1,0,0.01,0.99,0.35,0.65
Dingxi City,Medium-small-cities,9,甘肃省,30.58,24.96066725,2586.902241,132,14941.9649,85,471.1328548,104,0.096823219,4498.335564,159,25982.41675,102,819.2476864,125,0.214266198,8335.573888,415,48146.33136,267,1518.094754,326,4.10960774,4311.503735,159,24903.27484,102,785.2214247,125,0.232196423,5030.087691,658,29053.82065,423,916.0916621,517,0.966439167,10778.75934,850,62258.1871,546,1963.053562,668,0.176764993,0.225548364,0,0.6,0.741758852,0.246587398,0.01165375,0.539673211,0.416205539,0.04412125,1,1,0.02,0.68204675,0,0.29795325,1,0.74,0.26,0.92,0.08,0.96,0.04,0.15,0.85,1,1,0,0.01,0.99,0.35,0.65
Dongguan City,Medium-small-cities,9,广东省,322.8715,286.6440939,14943.90465,132,1673.117759,85,1382.977596,104,0.71580252,25985.78974,159,2909.36588,102,2404.844375,125,2.438463448,48152.58164,415,5391.157222,267,4456.261142,326,25.61848863,24906.50774,159,2788.529598,102,2304.96266,125,1.549977052,29057.59237,658,3253.284531,423,2689.123103,517,5.904674482,62266.26936,850,6971.323994,546,5762.40665,668,0.233880058,0.196102656,0,0.6,0.715802284,0.272543966,0.01165375,0.495862102,0.460016648,0.04412125,1,1,0.02,0.68204675,0,0.29795325,1,0.74,0.26,0.92,0.08,0.96,0.04,0.15,0.85,1,0.9,0.1,0.01,0.99,0.35,0.65
Dongying City,Largecities,9,山东省,73.1925,64.36647432,5867.834274,132,11583.63253,85,548.5331933,104,0.126270516,10203.51182,159,20142.6499,102,953.8382751,125,0.416913126,18907.46599,415,37325.03816,267,1767.495845,326,5.363820379,9779.72379,159,19306.05422,102,914.2219889,125,0.251596365,11409.67775,658,22523.72992,423,1066.59232,517,2.667425292,24449.30947,850,48265.13555,546,2285.554972,668,0.227034483,0.183827217,2.438963435,0.6,0.747580909,0.231394091,0.021025,0.561478211,0.371046789,0.067475,1,1,0.02,0.465223316,0.453325723,0.061450961,1,0.74,0.26,0.92,0.08,0.96,0.04,0.15,0.85,1,0.9,0.1,0.01,0.99,0.35,0.65
Ordos City,Largecities,9,内蒙古自治区,70.5,61.81067657,2734.371634,132,14781.61847,85,484.0099006,104,0.148671965,4754.768452,159,25703.59211,102,841.6394383,125,0.373522953,8810.753042,415,47629.6595,267,1559.587457,326,5.455401025,4557.286056,159,24636.03078,102,806.6831677,125,0.180618007,5316.833732,658,28742.03591,423,941.1303623,517,2.531109484,11393.21514,850,61590.07694,546,2016.707919,668,0.238173483,0.213033121,1.901663635,0.6,0.747580909,0.231394091,0.021025,0.561478211,0.371046789,0.067475,1,1,0.02,0.465223316,0.453325723,0.061450961,1,0.74,0.26,0.92,0.08,0.96,0.04,0.15,0.85,1,1,0,0.01,0.99,0.35,0.65
Ezhou City,Medium-small-cities,9,湖北省,7.7847,6.853170225,2985.665253,132,14577.35368,85,436.9810699,104,0.025196148,5191.740135,159,25348.39834,102,759.8615272,125,0.056031866,9620.476927,415,46971.47296,267,1408.050114,326,0.58005716,4976.108756,159,24295.58946,102,728.3017832,125,0.052848237,5805.460215,658,28344.85437,423,849.6854137,517,0.217396364,12440.27189,850,60738.97365,546,1820.754458,668,0.196812134,0.183992374,0,0.6,0.728780568,0.259565682,0.01165375,0.517767656,0.438111094,0.04412125,1,1,0.02,0.68204675,0,0.29795325,1,0.74,0.26,0.92,0.08,0.96,0.04,0.15,0.85,1,1,0,0.01,0.99,0.35,0.65
Enshi Tujia and Miao Autonomous Prefecture,Medium-small-cities,9,湖北省,48.4,42.60837783,2065.396485,132,15934.60352,85,0,104,0.156652606,3591.494998,159,27708.505,102,0,125,0.348368251,6655.16645,415,51344.83355,267,0,326,3.606403141,3442.327474,159,26557.67253,102,0,125,0.3285746,4016.04872,658,30983.95128,423,0,517,1.35162357,8605.818686,850,66394.18131,546,0,668,0.211638743,0.186074539,0.763885435,0.6,0.715802284,0.272543966,0.01165375,0.495862102,0.460016648,0.04412125,1,1,0.02,0.68204675,0,0.29795325,1,0.74,0.26,0.92,0.08,0.96,0.04,0.15,0.85,1,1,0,0.01,0.99,0.35,0.65
Fangchenggang City,Medium-small-cities,9,广西壮族自治区,15.5007,13.44887163,3343.471299,132,13881.08086,85,775.4478382,104,0.038138074,5813.925092,159,24137.65728,102,1348.41763,125,0.090606818,10773.40752,415,44727.92723,267,2498.665256,326,1.324431287,5572.452165,159,23135.13477,102,1292.413064,125,0.114645361,6501.194192,658,26990.99057,423,1507.815241,517,0.484006827,13931.13041,850,57837.83693,546,3231.032659,668,0.184950075,0.18858798,0,0.6,0.702824,0.28552225,0.01165375,0.473956547,0.481922203,0.04412125,1,1,0.02,0.68204675,0,0.29795325,1,0.74,0.26,0.92,0.08,0.96,0.04,0.15,0.85,1,0.9,0.1,0.01,0.99,0.35,0.65
Foshan City,Extra-large-cities,9,广东省,272.9071,242.2858889,9689.575916,132,6462.946254,85,1847.47783,104,0.605032001,16849.0959,159,11238.34543,102,3212.558671,125,2.061110962,31221.96684,415,20825.04904,267,5952.98412,326,21.6540247,16149.29319,159,10771.57709,102,3079.129717,125,1.310117933,18840.84206,658,12566.83994,423,3592.318003,517,4.990925459,40373.23298,850,26928.94273,546,7697.824293,668,0.227364051,0.181130859,0.374634149,0.6,0.685942969,0.230557031,0.0835,0.485419034,0.348080966,0.1665,1,1,0.02,0.013248421,0.885273042,0.081478537,1,0.74,0.26,0.92,0.08,0.96,0.04,0.15,0.85,1,1,0,0.01,0.99,0.35,0.65
Fuzhou City (Fujian),Extra-large-cities,9,福建省,145.93,127.6066513,3323.763961,132,13637.94866,85,1038.28738,104,0.475903168,5779.656222,159,23714.87739,102,1805.466389,125,0.766613248,10709.9061,415,43944.50123,267,3345.592669,326,13.61169197,5539.606602,159,22729.91443,102,1730.478967,125,0.432835008,6462.874369,658,26518.2335,423,2018.892128,517,3.036305281,13849.01651,850,56824.78608,546,4326.197417,668,0.208542145,0.17407161,6.395070056,0.6,0.696921875,0.219578125,0.0835,0.501994318,0.331505682,0.1665,1,1,0.02,0.013248421,0.885273042,0.081478537,1,0.74,0.26,0.92,0.08,0.96,0.04,0.15,0.85,1,0.9,0.1,0.01,0.99,0.35,0.65
Fushun City,Medium-small-cities,9,辽宁省,28.5754,24.88398154,3259.609913,132,14149.61067,85,590.7794131,104,0.134039402,5668.099459,159,24604.60078,102,1027.299757,125,0.250073511,10503.1875,415,45593.18995,267,1903.622553,326,2.069941812,5432.683188,159,23582.68446,102,984.6323551,125,0.148043519,6338.130386,658,27513.13187,423,1148.737748,517,1.089320216,13581.70797,850,58956.71114,546,2461.580888,668,0.207941572,0.1781109,0,0.6,0.741758852,0.246587398,0.01165375,0.539673211,0.416205539,0.04412125,1,1,0.02,0.68204675,0,0.29795325,1,0.74,0.26,0.92,0.08,0.96,0.04,0.15,0.85,1,1,0,0.01,0.99,0.35,0.65
Fuzhou City (Jiangxi),Medium-small-cities,9,江西省,37.6025,32.33078066,2592.127129,132,14702.11882,85,705.7540507,104,0.088029665,4507.421064,159,25565.35106,102,1227.227877,125,0.190521345,8352.409639,415,47373.49398,267,2274.096386,326,3.050227877,4320.211882,159,24503.53137,102,1176.256751,125,0.240195228,5040.247196,658,28587.45326,423,1372.299543,517,1.702745226,10800.52971,850,61258.82842,546,2940.641878,668,0.24788414,0.190718984,0,0.6,0.702824,0.28552225,0.01165375,0.473956547,0.481922203,0.04412125,1,1,0.02,0.68204675,0,0.29795325,1,0.74,0.26,0.92,0.08,0.96,0.04,0.15,0.85,1,1,0,0.01,0.99,0.35,0.65
Fuxin City,Medium-small-cities,9,辽宁省,28.8588,25.13077145,3020.240827,132,14510.06145,85,469.69772,104,0.135368754,5251.863216,159,25231.38464,102,816.7521464,125,0.252553646,9731.88711,415,46754.64246,267,1513.470431,326,2.090470711,5033.734712,159,24183.43575,102,782.8295333,125,0.149511758,5872.690497,658,28214.00838,423,913.3011222,517,1.100123681,12584.33678,850,60458.58939,546,1957.073833,668,0.221855524,0.221026892,0,0.6,0.754737136,0.233609114,0.01165375,0.561578766,0.394299984,0.04412125,1,1,0.02,0.68204675,0,0.29795325,1,0.74,0.26,0.92,0.08,0.96,0.04,0.15,0.85,1,1,0,0.01,0.99,0.35,0.65
Fuyang City,Medium-small-cities,9,安徽省,92.9875,79.64019419,2729.903537,132,15023.15113,85,246.9453376,104,0.2542442,4746.998928,159,26123.59057,102,429.4105038,125,0.584658726,8796.355841,415,48407.9314,267,795.7127546,326,7.921714007,4549.839228,159,25038.58521,102,411.5755627,125,0.326297212,5308.145766,658,29211.68274,423,480.1714898,517,4.260391668,11374.59807,850,62596.46302,546,1028.938907,668,0.227420429,0.195802346,1.074549938,0.6,0.741758852,0.246587398,0.01165375,0.539673211,0.416205539,0.04412125,1,1,0.02,0.68204675,0,0.29795325,1,0.74,0.26,0.92,0.08,0.96,0.04,0.15,0.85,1,1,0,0.01,0.99,0.35,0.65
Ganzhou City,Largecities,9,江西省,105.325,90.5588584,2365.408205,132,15023.30653,85,611.2852665,104,0.246572021,4113.182045,159,26123.8608,102,1062.957158,125,0.533652303,7621.870883,415,48408.43215,267,1969.69697,326,8.543720528,3942.347008,159,25038.84421,102,1018.808777,125,0.672789372,4599.404843,658,29211.98492,423,1188.61024,517,4.769407378,9855.867521,850,62597.11054,546,2547.021944,668,0.23017854,0.191176784,1.095426339,0.6,0.69616,0.282815,0.021025,0.479023368,0.453501632,0.067475,1,1,0.02,0.465223316,0.453325723,0.061450961,1,0.74,0.26,0.92,0.08,0.96,0.04,0.15,0.85,1,1,0,0.01,0.99,0.35,0.65
Guyuan City,Medium-small-cities,9,宁夏回族自治区,17.92,13.95251452,4664.43934,132,12835.66507,85,499.8955941,104,0.0423046,8110.941741,159,22319.79536,102,869.2628941,125,0.11319339,15029.8601,415,41359.36521,267,1610.774692,326,2.818401072,7774.065567,159,21392.77511,102,833.1593234,125,0.093756141,9069.743161,658,24958.23763,423,972.0192107,517,0.899830281,19435.16392,850,53481.93777,546,2082.898309,668,0.262020802,0.24068841,1.051185791,0.6,0.754737136,0.233609114,0.01165375,0.561578766,0.394299984,0.04412125,1,1,0.02,0.68204675,0,0.29795325,1,0.74,0.26,0.92,0.08,0.96,0.04,0.15,0.85,1,1,0,0.01,0.99,0.35,0.65
Guang'an City,Medium-small-cities,9,四川省,39.23,35.14484416,1339.144511,132,16194.1468,85,466.7086867,104,0.072061952,2328.62351,159,28159.82194,102,811.5545496,125,0.253697556,4315.021201,415,52181.1397,267,1503.839102,326,2.62187046,2231.907518,159,26990.24467,102,777.8478111,125,0.205656255,2603.892104,658,31488.61878,423,907.489113,517,0.931869621,5579.768794,850,67475.61168,546,1944.619528,668,0.233102858,0.194521959,0.00E+00,0.6,0.728780568,0.259565682,0.01165375,0.517767656,0.438111094,0.04412125,1,1,0.02,0.68204675,0,0.29795325,1,0.74,0.26,0.92,0.08,0.96,0.04,0.15,0.85,1,1,0,0.01,0.99,0.35,0.65
Guangyuan City,Medium-small-cities,9,四川省,44.13,39.53459018,1991.652725,132,15555.32212,85,453.0251595,104,0.081062807,3463.262795,159,27048.97679,102,787.7604163,125,0.285385499,6417.54767,415,50122.70459,267,1459.747736,326,2.949353643,3319.421209,159,25925.53686,102,755.0419326,125,0.231343628,3872.658077,658,30246.45967,423,880.8822547,517,1.048264247,8298.553022,850,64813.84215,546,1887.604831,668,0.184784224,0.200720524,3.680934774,0.6,0.728780568,0.259565682,0.01165375,0.517767656,0.438111094,0.04412125,1,1,0.02,0.68204675,0,0.29795325,1,0.74,0.26,0.92,0.08,0.96,0.04,0.15,0.85,1,1,0,0.01,0.99,0.35,0.65
Guangzhou City,Megacities,9,广东省,277.3517,246.231788,6796.081923,132,9140.249332,85,2063.668744,104,0.61488563,11817.63134,159,15893.87801,102,3588.49065,125,2.094678479,21898.4862,415,29451.91451,267,6649.599288,326,22.00668493,11326.80321,159,15233.74889,102,3439.447907,125,1.331454682,13214.60374,658,17772.70703,423,4012.689225,517,5.072208311,28317.00801,850,38084.37222,546,8598.619768,668,0.226506876,0.164283717,30.18467633,0.6,0.483,0.187,0.33,0.383,0.187,0.43,1,1,0.02,0.112,0.476341463,0.391658537,1,0.74,0.26,0.92,0.08,0.96,0.04,0.15,0.85,1,0.9,0.1,0.01,0.99,0.35,0.65
Guigang City,Medium-small-cities,9,广西壮族自治区,42.7409,37.08328512,3267.132813,132,14009.19702,85,723.6701636,104,0.105160128,5681.180948,159,24360.43705,102,1258.382007,125,0.249834971,10527.42795,415,45140.74596,267,2331.826083,326,3.651924443,5445.221356,159,23348.6617,102,1206.116939,125,0.316117718,6352.758248,658,27240.10532,423,1407.136429,517,1.334577624,13613.05339,850,58371.65426,546,3015.292348,668,0.241463796,0.220855161,0,0.6,0.715802284,0.272543966,0.01165375,0.495862102,0.460016648,0.04412125,1,1,0.02,0.68204675,0,0.29795325,1,0.74,0.26,0.92,0.08,0.96,0.04,0.15,0.85,1,1,0,0.01,0.99,0.35,0.65
Guiyang City,Largecities,9,贵州省,134.1511,116.1506494,5579.193658,132,11674.79948,85,746.0068641,104,0.478694972,9701.59786,159,20301.17909,102,1297.223047,125,0.787693843,17977.40179,415,37618.79832,267,2403.799895,326,13.64660588,9298.656096,159,19457.99913,102,1243.344774,125,0.742103846,10848.43211,658,22700.99899,423,1450.568902,517,2.345352086,23246.64024,850,48644.99783,546,3108.361934,668,0.238356408,0.195803549,9.432238358,0.6,0.721870455,0.257104545,0.021025,0.520250789,0.412274211,0.067475,1,1,0.02,0.465223316,0.453325723,0.061450961,1,0.74,0.26,0.92,0.08,0.96,0.04,0.15,0.85,1,1,0,0.01,0.99,0.35,0.65
Guilin City,Medium-small-cities,9,广西壮族自治区,70.3696,61.05477284,3203.703704,132,13944.44444,85,851.8518519,104,0.173138051,5570.884774,159,24247.83951,102,1481.27572,125,0.411334037,10323.04527,415,44932.09877,267,2744.855967,326,6.012612329,5339.506173,159,23240.74074,102,1419.753086,125,0.520463476,6229.423868,658,27114.19753,423,1656.378601,517,2.19727927,13348.76543,850,58101.85185,546,3549.382716,668,0.216268883,0.206444272,4.391123085,0.6,0.702824,0.28552225,0.01165375,0.473956547,0.481922203,0.04412125,1,1,0.02,0.68204675,0,0.29795325,1,0.74,0.26,0.92,0.08,0.96,0.04,0.15,0.85,1,1,0,0.01,0.99,0.35,0.65
Harbin City,Largecities,9,黑龙江省,195.2374,166.4745435,4371.074236,132,13016.03493,85,612.8908297,104,0.798968236,7600.812421,159,22633.43852,102,1065.749054,125,1.94035143,14084.57254,415,41940.55701,267,1974.870451,326,16.6147347,7285.123726,159,21693.39156,102,1021.484716,125,1.594131861,8499.311014,658,25308.95682,423,1191.732169,517,7.81467027,18212.80932,850,54233.47889,546,2553.71179,668,0.241883083,0.198166825,9.983030484,0.6,0.721870455,0.257104545,0.021025,0.520250789,0.412274211,0.067475,1,1,0.02,0.465223316,0.453325723,0.061450961,1,0.74,0.26,0.92,0.08,0.96,0.04,0.15,0.85,1,1,0,0.01,0.99,0.35,0.65
Hami City,Medium-small-cities,9,新疆维吾尔族自治区,19.69,16.31063127,2619.429173,132,14791.83885,85,588.7319723,104,0.101039712,4554.896285,159,25721.36423,102,1023.739485,125,0.136995285,8440.382891,415,47662.59186,267,1897.025244,326,2.217867181,4365.715289,159,24653.06476,102,981.2199539,125,0.131078545,5093.334503,658,28761.90888,423,1144.756613,517,0.792388008,10914.28822,850,61632.66189,546,2453.049885,668,0.201435825,0.200767591,0.202123071,0.6,0.754737136,0.233609114,0.01165375,0.561578766,0.394299984,0.04412125,1,1,0.02,0.68204675,0,0.29795325,1,0.74,0.26,0.92,0.08,0.96,0.04,0.15,0.85,1,1,0,0.01,0.99,0.35,0.65
Haidong City,Medium-small-cities,9,青海省,21.2874,17.60100597,2650.554155,132,14875.06627,85,474.3795747,104,0.104094866,4609.019169,159,25866.08746,102,824.8933715,125,0.166910733,8540.674499,415,47930.76909,267,1528.556407,326,2.661598027,4417.590258,159,24791.77712,102,790.6326244,125,0.13281069,5153.855301,658,28923.73997,423,922.4047285,517,0.620979715,11043.97565,850,61979.44279,546,1976.581561,668,0.20582006,0.166888595,0,0.6,0.741758852,0.246587398,0.01165375,0.539673211,0.416205539,0.04412125,1,1,0.02,0.68204675,0,0.29795325,1,0.74,0.26,0.92,0.08,0.96,0.04,0.15,0.85,1,1,0,0.01,0.99,0.35,0.65
Haikou City,Medium-small-cities,9,海南省,82.071,70.53465009,6697.587168,132,10178.61088,85,1123.801957,104,0.342663859,11646.35991,159,17699.47336,102,1954.166736,125,1.00394499,21581.11421,415,32797.74615,267,3621.139638,326,8.410293657,11162.64528,159,16964.35146,102,1873.003261,125,0.679316071,13023.08616,658,19791.74337,423,2185.170472,517,1.100131336,27906.6132,850,42410.87865,546,4682.508153,668,0.233828205,0.192749771,9.990596326,0.6,0.741758852,0.246587398,0.01165375,0.539673211,0.416205539,0.04412125,1,1,0.02,0.68204675,0,0.29795325,1,0.74,0.26,0.92,0.08,0.96,0.04,0.15,0.85,1,0.9,0.1,0.01,0.99,0.35,0.65
Handan City,Largecities,9,河北省,153.9156,133.2832683,4985.983567,132,12498.79169,85,515.2247463,104,0.20637022,8670.071425,159,21734.00999,102,895.9185865,125,0.633181356,16065.94705,415,40273.88432,267,1660.168627,326,12.62235307,8309.972612,159,20831.31948,102,858.7079104,125,0.414616532,9694.968047,658,24303.20606,423,1001.825895,517,6.755810552,20774.93153,850,52078.2987,546,2146.769776,668,0.252732936,0.217020162,4.204855919,0.6,0.747580909,0.231394091,0.021025,0.561478211,0.371046789,0.067475,1,1,0.02,0.465223316,0.453325723,0.061450961,1,0.74,0.26,0.92,0.08,0.96,0.04,0.15,0.85,1,1,0,0.01,0.99,0.35,0.65
Hanzhong City,Medium-small-cities,9,陕西省,33.1003,29.68199661,1791.909726,132,15718.37047,85,489.7198049,104,0.084804296,3115.931912,159,27332.49976,102,851.5683274,125,0.210531595,5773.931338,415,50648.08262,267,1577.986038,326,2.175328799,2986.516209,159,26197.28412,102,816.1996749,125,0.081352958,3484.268911,658,30563.49814,423,952.232954,517,0.866285743,7466.290523,850,65493.21029,546,2040.499187,668,0.242478255,0.195586203,0.899095549,0.6,0.715802284,0.272543966,0.01165375,0.495862102,0.460016648,0.04412125,1,1,0.02,0.68204675,0,0.29795325,1,0.74,0.26,0.92,0.08,0.96,0.04,0.15,0.85,1,1,0,0.01,0.99,0.35,0.65
Hangzhou City,Extra-large-cities,9,浙江省,274.584,248.3524372,5552.618369,132,11389.2109,85,1058.170735,104,0.530667601,9655.386386,159,19804.57228,102,1840.041333,125,1.243752189,17891.7703,415,36698.56844,267,3409.661257,326,19.5235927,9254.363949,159,18982.01816,102,1763.617891,125,0.648409475,10796.75794,658,22145.68785,423,2057.554207,517,4.285140876,23135.90987,850,47455.0454,546,4409.044728,668,0.230685337,0.137337707,18.55013316,0.6,0.685942969,0.230557031,0.0835,0.485419034,0.348080966,0.1665,1,1,0.02,0.013248421,0.885273042,0.081478537,1,0.74,0.26,0.92,0.08,0.96,0.04,0.15,0.85,1,1,0,0.01,0.99,0.35,0.65
Hefei City,Extra-large-cities,9,安徽省,216.4758,185.4031429,3778.326417,132,13766.87503,85,454.7985502,104,0.591882957,6570.089825,159,23939.06603,102,790.8441456,125,1.361091173,12174.60734,415,44359.93066,267,1465.461995,326,18.44182688,6297.210695,159,22944.79172,102,757.9975837,125,0.759623067,7346.745811,658,26768.92367,423,884.3305143,517,9.918233038,15743.02674,850,57361.9793,546,1894.993959,668,0.231270709,0.158595416,6.09629272,0.6,0.707900781,0.208599219,0.0835,0.518569602,0.314930398,0.1665,1,1,0.02,0.013248421,0.885273042,0.081478537,1,0.74,0.26,0.92,0.08,0.96,0.04,0.15,0.85,1,1,0,0.01,0.99,0.35,0.65
Hechi City,Medium-small-cities,9,广西壮族自治区,32.5873,28.27371761,3381.579088,132,14059.22775,85,559.1931642,104,0.080178111,5880.190303,159,24447.43492,102,972.37478,125,0.190483755,10896.19928,415,45301.95608,267,1801.84464,326,2.784367138,5635.965146,159,23432.04625,102,931.9886071,125,0.241020262,6575.292671,658,27337.38729,423,1087.320042,517,1.017533122,14089.91287,850,58580.11562,546,2329.971518,668,0.208908605,0.219028848,0.045330492,0.6,0.715802284,0.272543966,0.01165375,0.495862102,0.460016648,0.04412125,1,1,0.02,0.68204675,0,0.29795325,1,0.74,0.26,0.92,0.08,0.96,0.04,0.15,0.85,1,1,0,0.01,0.99,0.35,0.65
Heyuan City,Medium-small-cities,9,广东省,41.7966,37.10686305,3120.795984,132,14163.40119,85,715.8028261,104,0.092662597,5426.717461,159,24628.58096,102,1244.701581,125,0.315665772,10055.89817,415,45637.62606,267,2306.475773,326,3.31638352,5201.32664,159,23605.66865,102,1193.00471,125,0.200648775,6068.214413,658,27539.94676,423,1391.838829,517,0.764376284,13003.3166,850,59014.17163,546,2982.511775,668,0.201181972,0.211417961,0,0.6,0.702824,0.28552225,0.01165375,0.473956547,0.481922203,0.04412125,1,1,0.02,0.68204675,0,0.29795325,1,0.74,0.26,0.92,0.08,0.96,0.04,0.15,0.85,1,1,0,0.01,0.99,0.35,0.65
Heze City,Largecities,9,山东省,118.3422,104.0717311,2678.835737,132,14823.70994,85,497.4543267,104,0.204162048,4658.197698,159,25776.7845,102,865.0178015,125,0.67409115,8631.804042,415,47765.28757,267,1602.908386,326,8.672559402,4464.726228,159,24706.18323,102,829.0905445,125,0.406796698,5208.847267,658,28823.88043,423,967.2723019,517,4.312859616,11161.81557,850,61765.45807,546,2072.726361,668,0.244540409,0.202433537,0,0.6,0.734725682,0.244249318,0.021025,0.5408645,0.3916605,0.067475,1,1,0.02,0.465223316,0.453325723,0.061450961,1,0.74,0.26,0.92,0.08,0.96,0.04,0.15,0.85,1,1,0,0.01,0.99,0.35,0.65
Hezhou City,Medium-small-cities,9,广西壮族自治区,22.6107,19.61772061,3290.564464,132,14119.55149,85,589.8840431,104,0.055631587,5721.925985,159,24552.33121,102,1025.742808,125,0.132167165,10602.92994,415,45496.33259,267,1900.737472,326,1.931933301,5484.274107,159,23532.58582,102,983.1400719,125,0.167231923,6398.319792,658,27454.68346,423,1146.99675,517,0.706015416,13710.68527,850,58831.46455,546,2457.85018,668,0.234008816,0.214122537,0,0.6,0.702824,0.28552225,0.01165375,0.473956547,0.481922203,0.04412125,1,1,0.02,0.68204675,0,0.29795325,1,0.74,0.26,0.92,0.08,0.96,0.04,0.15,0.85,1,1,0,0.01,0.99,0.35,0.65
Hebi City,Medium-small-cities,9,河南省,27.758,24.50000173,3134.8756,132,14562.6364,85,302.4879965,104,0.063112693,5451.200349,159,25322.80663,102,525.9930162,125,0.136945899,10101.26582,415,46924.05063,267,974.6835443,326,1.990729968,5224.792667,159,24271.06067,102,504.1466608,125,0.068472949,6095.591445,658,28316.23745,423,588.1711043,517,0.998736758,13061.98167,850,60677.65168,546,1260.366652,668,0.226168895,0.222455121,0,0.6,0.754737136,0.233609114,0.01165375,0.561578766,0.394299984,0.04412125,1,1,0.02,0.68204675,0,0.29795325,1,0.74,0.26,0.92,0.08,0.96,0.04,0.15,0.85,1,1,0,0.01,0.99,0.35,0.65
Hegang City,Medium-small-cities,9,黑龙江省,10,8.526775275,3452.564371,132,14029.01772,85,518.4179117,104,0.040922909,6003.625823,159,24394.90303,102,901.4711464,125,0.099384208,11124.92964,415,45204.61264,267,1670.457715,326,0.851001637,5754.273952,159,23381.6962,102,864.0298528,125,0.081650947,6713.31961,658,27278.64556,423,1008.034828,517,0.400265025,14385.68488,850,58454.24049,546,2160.074632,668,0.276092168,0.204153824,0,0.6,0.741758852,0.246587398,0.01165375,0.539673211,0.416205539,0.04412125,1,1,0.02,0.68204675,0,0.29795325,1,0.74,0.26,0.92,0.08,0.96,0.04,0.15,0.85,1,1,0,0.01,0.99,0.35,0.65
Heihe City,Medium-small-cities,9,黑龙江省,22.3434,19.05171507,2975.337243,132,14714.07026,85,310.5924971,104,0.091435693,5173.780872,159,25586.13329,102,540.0858421,125,0.222058111,9587.197782,415,47412.00417,267,1000.798046,326,1.901426997,4958.895405,159,24523.45043,102,517.6541618,125,0.182435977,5785.377972,658,28610.69217,423,603.9298554,517,0.894328155,12397.23851,850,61308.62608,546,1294.135405,668,0.258501624,0.204869613,0.263467659,0.6,0.728780568,0.259565682,0.01165375,0.517767656,0.438111094,0.04412125,1,1,0.02,0.68204675,0,0.29795325,1,0.74,0.26,0.92,0.08,0.96,0.04,0.15,0.85,1,1,0,0.01,0.99,0.35,0.65
Hengshui City,Medium-small-cities,9,河北省,83.8,72.56663965,3789.069621,132,13560.35305,85,650.577334,104,0.11235914,6588.771063,159,23579.94724,102,1131.281697,125,0.34473827,12209.22433,415,43694.47092,267,2096.304743,326,6.872293562,6315.116034,159,22600.58841,102,1084.295557,125,0.225739726,7367.635373,658,26367.35314,423,1265.011483,517,3.678229655,15787.79009,850,56501.47102,546,2710.738892,668,0.211510001,0.20471469,0,0.6,0.754737136,0.233609114,0.01165375,0.561578766,0.394299984,0.04412125,1,1,0.02,0.68204675,0,0.29795325,1,0.74,0.26,0.92,0.08,0.96,0.04,0.15,0.85,1,1,0,0.01,0.99,0.35,0.65
Hengyang City,Largecities,9,湖南省,62.6219,55.96609736,1311.072222,132,16122.78295,85,566.1448233,104,0.304112536,2279.80892,159,28035.72814,102,984.4629428,125,0.444972262,4224.56605,415,51951.18952,267,1824.244431,326,4.272022662,2185.120371,159,26871.30492,102,943.5747056,125,0.356122281,2549.307099,658,31349.85574,423,1100.837157,517,1.278572897,5462.800927,850,67178.26231,546,2358.936764,668,0.179402105,0.189522625,0.679689627,0.6,0.721870455,0.257104545,0.021025,0.520250789,0.412274211,0.067475,1,1,0.02,0.465223316,0.453325723,0.061450961,1,0.74,0.26,0.92,0.08,0.96,0.04,0.15,0.85,1,1,0,0.01,0.99,0.35,0.65
Honghe Hani and Yi Autonomous Prefecture,Medium-small-cities,9,云南省,55.38,47.08004466,1780.17837,132,15702.80116,85,517.0204748,104,0.155132348,3095.532387,159,27305.42645,102,899.041159,125,0.236820396,5736.130302,415,50597.91483,267,1665.954863,326,6.328200715,2966.963949,159,26171.33526,102,861.7007914,125,0.373216954,3461.457941,658,30533.22447,423,1005.31759,517,1.20658493,7417.409873,850,65428.33815,546,2154.251978,668,0.228182485,0.230937294,0,0.6,0.728780568,0.259565682,0.01165375,0.517767656,0.438111094,0.04412125,1,1,0.02,0.68204675,0,0.29795325,1,0.74,0.26,0.92,0.08,0.96,0.04,0.15,0.85,1,1,0,0.01,0.99,0.35,0.65
Hohhot City,Medium-small-cities,9,内蒙古自治区,120.3595,105.5248529,4793.845789,132,12343.86647,85,862.2877426,104,0.253816785,8335.965177,159,21464.61225,102,1499.422575,125,0.637688452,15446.83643,415,39774.68084,267,2778.482726,326,9.313607655,7989.742981,159,20573.11078,102,1437.146238,125,0.308355929,9321.366811,658,24001.96258,423,1676.670611,517,4.321178326,19974.35745,850,51432.77695,546,3592.865594,668,0.234854104,0.197981908,6.361940131,0.6,0.754737136,0.233609114,0.01165375,0.561578766,0.394299984,0.04412125,1,1,0.02,0.68204675,0,0.29795325,1,0.74,0.26,0.92,0.08,0.96,0.04,0.15,0.85,1,1,0,0.01,0.99,0.35,0.65
Hulunbuir City,Medium-small-cities,9,内蒙古自治区,43.5885,38.21609469,4544.471029,132,13139.70665,85,315.8223239,104,0.091920396,7902.330178,159,22848.48989,102,549.17993,125,0.2309405,14643.29554,415,42339.05475,267,1017.64971,326,3.372946774,7574.118381,159,21899.51108,102,526.3705399,125,0.111671886,8836.471445,658,25549.42959,423,614.0989632,517,1.564925756,18935.29595,850,54748.7777,546,1315.92635,668,0.2270541,0.214153689,2.165450513,0.6,0.741758852,0.246587398,0.01165375,0.539673211,0.416205539,0.04412125,1,1,0.02,0.68204675,0,0.29795325,1,0.74,0.26,0.92,0.08,0.96,0.04,0.15,0.85,1,1,0,0.01,0.99,0.35,0.65
Huludao City,Medium-small-cities,9,辽宁省,42,36.57436903,3295.903749,132,14223.49695,85,480.5993033,104,0.197010537,5731.210409,159,24733.0808,102,835.7087885,125,0.367556971,10620.1343,415,45831.26794,267,1548.597755,326,3.042391571,5493.172916,159,23705.82825,102,800.9988388,125,0.217593727,6408.701735,658,27656.79962,423,934.4986453,517,1.601078167,13732.93229,850,59264.57061,546,2002.497097,668,0.245772384,0.204090319,0,0.6,0.741758852,0.246587398,0.01165375,0.539673211,0.416205539,0.04412125,1,1,0.02,0.68204675,0,0.29795325,1,0.74,0.26,0.92,0.08,0.96,0.04,0.15,0.85,1,0.9,0.1,0.01,0.99,0.35,0.65
Huzhou City,Largecities,9,浙江省,88.6936,80.22052166,4216.88193,132,12962.73795,85,820.3801218,104,0.171411371,7332.689134,159,22540.76099,102,1426.549878,125,0.401745401,13587.73066,415,41768.82228,267,2643.447059,326,6.306331474,7028.13655,159,21604.56325,102,1367.300203,125,0.209443269,8199.492642,658,25205.32379,423,1595.18357,517,1.384146821,17570.34138,850,54011.40812,546,3418.250507,668,0.228469169,0.097479754,0,0.6,0.709015227,0.269959773,0.021025,0.499637079,0.432887921,0.067475,1,1,0.02,0.465223316,0.453325723,0.061450961,1,0.74,0.26,0.92,0.08,0.96,0.04,0.15,0.85,1,1,0,0.01,0.99,0.35,0.65
Huaihua City,Medium-small-cities,9,湖南省,41.2396,36.85642672,1877.990201,132,15502.06552,85,619.944279,104,0.200273057,3265.616294,159,26956.36949,102,1078.014218,125,0.293036112,6051.301758,415,49951.10001,267,1997.598232,326,2.81333696,3129.983668,159,25836.77587,102,1033.240465,125,0.234524031,3651.647613,658,30142.90518,423,1205.447209,517,0.842003115,7824.95917,850,64591.93967,546,2583.101162,668,0.207102875,0.185315727,1.898419133,0.6,0.728780568,0.259565682,0.01165375,0.517767656,0.438111094,0.04412125,1,1,0.02,0.68204675,0,0.29795325,1,0.74,0.26,0.92,0.08,0.96,0.04,0.15,0.85,1,1,0,0.01,0.99,0.35,0.65
Huai'an City,Largecities,9,江苏省,63.21,58.51251803,4195.68024,132,13221.40275,85,582.9170061,104,0.13114039,7295.82175,159,22990.55034,102,1013.627905,125,0.382465138,13519.41411,415,42602.29776,267,1878.288131,326,2.14505838,6992.8004,159,22035.67126,102,971.5283436,125,0.371177104,8158.267133,658,25708.28313,423,1133.449734,517,1.66764096,17482.001,850,55089.17814,546,2428.820859,668,0.24299972,0.197538867,3.169201893,0.6,0.734725682,0.244249318,0.021025,0.5408645,0.3916605,0.067475,1,1,0.02,0.465223316,0.453325723,0.061450961,1,0.74,0.26,0.92,0.08,0.96,0.04,0.15,0.85,1,1,0,0.01,0.99,0.35,0.65
Huaibei City,Medium-small-cities,9,安徽省,30.9678,26.52272193,4642.256084,132,12993.40459,85,364.3393223,104,0.084671418,8072.367523,159,22594.08688,102,633.5455993,125,0.194709983,14958.38071,415,41867.63703,267,1173.982261,326,2.638183143,7737.093473,159,21655.67432,102,607.2322038,125,0.108667367,9026.609052,658,25264.95338,423,708.4375711,517,1.418846158,19342.73368,850,54139.18581,546,1518.080509,668,0.185294108,0.191466206,0,0.6,0.741758852,0.246587398,0.01165375,0.539673211,0.416205539,0.04412125,1,1,0.02,0.68204675,0,0.29795325,1,0.74,0.26,0.92,0.08,0.96,0.04,0.15,0.85,1,1,0,0.01,0.99,0.35,0.65
Huainan City,Medium-small-cities,9,安徽省,36.8604,31.56950573,3246.861925,132,14353.55649,85,399.58159,104,0.100782825,5645.932125,159,24959.23989,102,694.827987,125,0.231759694,10462.11065,415,46250.34868,267,1287.540679,326,3.140180637,5411.436541,159,23922.59414,102,665.9693166,125,0.129344759,6313.342631,658,27909.69317,423,776.9642027,517,1.688826359,13528.59135,850,59806.48536,546,1664.923291,668,0.243890483,0.202412008,0,0.6,0.741758852,0.246587398,0.01165375,0.539673211,0.416205539,0.04412125,1,1,0.02,0.68204675,0,0.29795325,1,0.74,0.26,0.92,0.08,0.96,0.04,0.15,0.85,1,1,0,0.01,0.99,0.35,0.65
Huanggang City,Medium-small-cities,9,湖北省,48.5984,42.78303697,2480.51108,132,15076.93336,85,442.5555565,104,0.157294752,4313.333156,159,26217.1119,102,769.5549399,125,0.349796273,7992.757925,415,48581.22973,267,1426.012349,326,3.621186413,4134.185134,159,25128.22227,102,737.5925942,125,0.329921484,4823.215989,658,29316.25932,423,860.5246932,517,1.35716411,10335.46283,850,62820.55568,546,1843.981485,668,0.237814597,0.190257282,0,0.6,0.728780568,0.259565682,0.01165375,0.517767656,0.438111094,0.04412125,1,1,0.02,0.68204675,0,0.29795325,1,0.74,0.26,0.92,0.08,0.96,0.04,0.15,0.85,1,1,0,0.01,0.99,0.35,0.65
Huangshan City,Medium-small-cities,9,安徽省,21.0622,18.03895898,3823.96088,132,13315.40342,85,860.6356968,104,0.057587764,6649.443086,159,23154.00706,102,1496.549851,125,0.132428542,12321.65173,415,42905.18881,267,2773.159468,326,1.79431348,6373.268134,159,22192.33904,102,1434.392828,125,0.073908183,7435.479489,658,25891.06221,423,1673.458299,517,0.965003053,15933.17033,850,55480.8476,546,3585.98207,668,0.162040495,0.188298083,0.549660103,0.6,0.715802284,0.272543966,0.01165375,0.495862102,0.460016648,0.04412125,1,1,0.02,0.68204675,0,0.29795325,1,0.74,0.26,0.92,0.08,0.96,0.04,0.15,0.85,1,1,0,0.01,0.99,0.35,0.65
Huangshi City,Medium-small-cities,9,湖北省,24.8889,21.91065403,2719.27783,132,14870.54201,85,410.1801631,104,0.080556013,4728.522005,159,25858.22027,102,713.257728,125,0.179142615,8762.117454,415,47916.19091,267,1321.691637,326,1.854533205,4532.129717,159,24784.23668,102,683.6336052,125,0.168964057,5287.48467,658,28914.94279,423,797.5725394,517,0.69505008,11330.32429,850,61960.59169,546,1709.084013,668,0.193476415,0.204335209,0,0.6,0.728780568,0.259565682,0.01165375,0.517767656,0.438111094,0.04412125,1,1,0.02,0.68204675,0,0.29795325,1,0.74,0.26,0.92,0.08,0.96,0.04,0.15,0.85,1,1,0,0.01,0.99,0.35,0.65
Huizhou City,Largecities,9,广东省,130.4393,115.8035161,4763.720712,132,12546.9638,85,689.3154886,104,0.289182475,8283.581016,159,21817.77594,102,1198.643044,125,0.985133297,15349.76674,415,40429.10558,267,2221.127686,326,10.34980704,7939.53452,159,20911.60633,102,1148.859148,125,0.626186956,9262.790273,658,24396.87405,423,1340.335672,517,2.385474116,19848.8363,850,52279.01583,546,2872.147869,668,0.223674315,0.200006634,1.328170413,0.6,0.69616,0.282815,0.021025,0.479023368,0.453501632,0.067475,1,1,0.02,0.465223316,0.453325723,0.061450961,1,0.74,0.26,0.92,0.08,0.96,0.04,0.15,0.85,1,0.9,0.1,0.01,0.99,0.35,0.65
Jixi City,Medium-small-cities,9,黑龙江省,21.9,18.67363785,3365.897903,132,14114.00667,85,520.0954314,104,0.089621171,5852.922465,159,24542.68937,102,904.3881668,125,0.217651415,10845.67102,415,45478.46592,267,1675.863057,326,1.863693585,5609.829838,159,23523.34444,102,866.8257189,125,0.178815574,6544.801478,658,27443.90185,423,1011.296672,517,0.876580404,14024.5746,850,58808.36111,546,2167.064297,668,0.242809891,0.181973118,0.261775145,0.6,0.728780568,0.259565682,0.01165375,0.517767656,0.438111094,0.04412125,1,1,0.02,0.68204675,0,0.29795325,1,0.74,0.26,0.92,0.08,0.96,0.04,0.15,0.85,1,1,0,0.01,0.99,0.35,0.65
Ji'an City (Jiangxi),Medium-small-cities,9,江西省,49.7006,42.73277567,2441.279711,132,15096.58008,85,462.1402066,104,0.116352028,4245.114164,159,26251.27537,102,803.6104704,125,0.251819033,7866.345736,415,48644.53582,267,1489.118443,326,4.031597783,4068.799519,159,25160.9668,102,770.2336777,125,0.31747482,4746.932772,658,29354.46127,423,898.6059573,517,2.250580663,10171.9988,850,62902.41701,546,1925.584194,668,0.244941952,0.184769425,0.55991632,0.6,0.702824,0.28552225,0.01165375,0.473956547,0.481922203,0.04412125,1,1,0.02,0.68204675,0,0.29795325,1,0.74,0.26,0.92,0.08,0.96,0.04,0.15,0.85,1,1,0,0.01,0.99,0.35,0.65
Jilin City,Medium-small-cities,9,吉林省,61.3329,54.24783135,3291.342708,132,14083.94013,85,624.7171594,104,0.183034355,5723.279264,159,24490.40701,102,1086.313727,125,0.493100016,10605.43761,415,45381.58487,267,2012.977514,326,4.073197359,5485.57118,159,23473.23355,102,1041.195266,125,0.249964828,6399.833043,658,27385.43915,423,1214.72781,517,2.085772088,13713.92795,850,58683.08389,546,2602.988164,668,0.235693004,0.221430261,0,0.6,0.728780568,0.259565682,0.01165375,0.517767656,0.438111094,0.04412125,1,1,0.02,0.68204675,0,0.29795325,1,0.74,0.26,0.92,0.08,0.96,0.04,0.15,0.85,1,1,0,0.01,0.99,0.35,0.65
Jinan City,Extra-large-cities,9,山东省,257.8872,226.7894912,5430.667142,132,11725.39229,85,843.9405715,104,0.444902823,9443.326753,159,20389.15436,102,1467.518883,125,1.468955953,17498.81635,415,37781.81959,267,2719.364064,326,18.89893936,9051.111904,159,19542.32048,102,1406.567619,125,0.886477195,10559.63055,658,22799.37389,423,1640.995556,517,9.398433444,22627.77976,850,48855.80119,546,3516.419048,668,0.221539692,0.18464241,8.227722563,0.6,0.707900781,0.208599219,0.0835,0.518569602,0.314930398,0.1665,1,1,0.02,0.013248421,0.885273042,0.081478537,1,0.74,0.26,0.92,0.08,0.96,0.04,0.15,0.85,1,1,0,0.01,0.99,0.35,0.65
Jining City,Largecities,9,山东省,155.2222,136.5045018,2910.365667,132,14516.9129,85,572.72143,104,0.267786827,5060.802521,159,25243.29855,102,995.898931,125,0.884163986,9377.844928,415,46776.71935,267,1845.435719,326,11.37526385,4850.609445,159,24194.85484,102,954.5357166,125,0.533570261,5659.044353,658,28227.33064,423,1113.625003,517,5.656913238,12126.52361,850,60487.13709,546,2386.339292,668,0.258237525,0.209280587,0.763666257,0.6,0.747580909,0.231394091,0.021025,0.561478211,0.371046789,0.067475,1,1,0.02,0.465223316,0.453325723,0.061450961,1,0.74,0.26,0.92,0.08,0.96,0.04,0.15,0.85,1,1,0,0.01,0.99,0.35,0.65
Jiamusi City,Medium-small-cities,9,黑龙江省,29.8106,25.4188287,3298.768732,132,14240.36823,85,460.8630355,104,0.121993647,5736.192296,159,24762.41809,102,801.3896118,125,0.296270286,10629.36592,415,45885.63097,267,1485.003114,326,2.53688694,5497.947887,159,23733.94705,102,768.1050592,125,0.243406372,6414.272535,658,27689.6049,423,896.1225691,517,1.193214054,13744.86972,850,59334.86763,546,1920.262648,668,0.257868054,0.223313569,0.703610954,0.6,0.741758852,0.246587398,0.01165375,0.539673211,0.416205539,0.04412125,1,1,0.02,0.68204675,0,0.29795325,1,0.74,0.26,0.92,0.08,0.96,0.04,0.15,0.85,1,1,0,0.01,0.99,0.35,0.65
Jiaxing City,Largecities,9,浙江省,147.8138,133.6928498,6936.776062,132,10153.23359,85,909.9903475,104,0.285668483,12062.28282,159,17655.34508,102,1582.372104,125,0.669535506,22351.83398,415,32715.9749,267,2932.19112,326,10.50992202,11561.29344,159,16922.05598,102,1516.650579,125,0.349051177,13488.17568,658,19742.39865,423,1769.425676,517,2.306772996,28903.23359,850,42305.13996,546,3791.626448,668,0.237614376,0.121406331,0,0.6,0.709015227,0.269959773,0.021025,0.499637079,0.432887921,0.067475,1,1,0.02,0.465223316,0.453325723,0.061450961,1,0.74,0.26,0.92,0.08,0.96,0.04,0.15,0.85,1,0.9,0.1,0.01,0.99,0.35,0.65
Jiayuguan City,Medium-small-cities,9,甘肃省,7.31,5.966725887,4412.39369,132,8416.945573,85,5170.660737,104,0.023145119,7672.66236,159,14636.13314,102,8991.204504,125,0.051219291,14217.713,415,27121.26907,267,16661.01793,326,0.982381706,7353.989483,159,14028.24262,102,8617.767895,125,0.055505424,8579.654396,658,16366.28306,423,10054.06254,517,0.231022574,18384.97371,850,35070.60656,546,21544.41974,668,0.249192734,0.232361968,0.266488006,0.6,0.741758852,0.246587398,0.01165375,0.539673211,0.416205539,0.04412125,1,1,0.02,0.68204675,0,0.29795325,1,0.74,0.26,0.92,0.08,0.96,0.04,0.15,0.85,1,1,0,0.01,0.99,0.35,0.65
Jiangmen City,Largecities,9,广东省,88.0028,78.12855227,6377.693905,132,10699.54708,85,922.7590111,104,0.195101228,11090.10107,159,18605.32354,102,1604.575392,125,0.664634726,20550.34703,415,34476.31838,267,2973.334591,326,6.982650159,10629.48984,159,17832.57847,102,1537.931685,125,0.422466277,12401.07148,658,20804.67489,423,1794.253633,517,1.60939534,26573.7246,850,44581.44618,546,3844.829213,668,0.241313633,0.20122634,0,0.6,0.69616,0.282815,0.021025,0.479023368,0.453501632,0.067475,1,1,0.02,0.465223316,0.453325723,0.061450961,1,0.74,0.26,0.92,0.08,0.96,0.04,0.15,0.85,1,0.9,0.1,0.01,0.99,0.35,0.65
Jiaozuo City,Medium-small-cities,9,河南省,59.0428,52.11285764,6199.087209,132,11268.03997,85,532.872826,104,0.134244187,10779.52387,159,19593.8695,102,926.6066362,125,0.291291495,19974.83656,415,36308.12878,267,1717.034661,326,4.234392657,10331.81201,159,18780.06661,102,888.1213766,125,0.145645748,12053.78068,658,21910.07771,423,1036.141606,517,2.124368278,25829.53004,850,46950.16652,546,2220.303441,668,0.269214317,0.225329786,0,0.6,0.741758852,0.246587398,0.01165375,0.539673211,0.416205539,0.04412125,1,1,0.02,0.68204675,0,0.29795325,1,0.74,0.26,0.92,0.08,0.96,0.04,0.15,0.85,1,1,0,0.01,0.99,0.35,0.65
Jieyang City,Medium-small-cities,9,广东省,59.0227,52.40012934,4041.793569,132,13304.53395,85,653.6724777,104,0.130852669,7028.229928,159,23135.10626,102,1136.663808,125,0.445764636,13023.55705,415,42870.16496,267,2106.277984,326,4.683201734,6736.322615,159,22174.22326,102,1089.45413,125,0.283344397,7859.04305,658,25869.92713,423,1271.029818,517,1.079407227,16840.80654,850,55435.55814,546,2723.635324,668,0.180074257,0.169805208,3.701287785,0.6,0.702824,0.28552225,0.01165375,0.473956547,0.481922203,0.04412125,1,1,0.02,0.68204675,0,0.29795325,1,0.74,0.26,0.92,0.08,0.96,0.04,0.15,0.85,1,0.9,0.1,0.01,0.99,0.35,0.65
Jinchang City,Medium-small-cities,9,甘肃省,8.51,6.946215773,4154.724307,132,13297.7645,85,547.5111884,104,0.026944591,7224.603935,159,23123.33494,102,952.0611221,125,0.059627382,13387.44499,415,42848.35229,267,1764.202718,326,1.143648197,6924.540512,159,22162.94084,102,912.5186474,125,0.064617121,8078.630598,658,25856.76431,423,1064.605089,517,0.268946936,17311.35128,850,55407.3521,546,2281.296618,668,0.260368344,0.224183145,0.125947257,0.6,0.754737136,0.233609114,0.01165375,0.561578766,0.394299984,0.04412125,1,1,0.02,0.68204675,0,0.29795325,1,0.74,0.26,0.92,0.08,0.96,0.04,0.15,0.85,1,1,0,0.01,0.99,0.35,0.65
Jinhua City,Largecities,9,浙江省,207.2702,187.4692601,4169.568744,132,13236.1739,85,594.257351,104,0.400575342,7250.41676,159,23016.23573,102,1033.347505,125,0.938848458,13435.27706,415,42649.89369,267,1914.829242,326,14.7374172,6949.28124,159,22060.28984,102,990.4289184,125,0.489452996,8107.49478,658,25737.00482,423,1155.500405,517,3.234645888,17373.2031,850,55150.7246,546,2476.072296,668,0.241742443,0.136625567,1.094745171,0.6,0.69616,0.282815,0.021025,0.479023368,0.453501632,0.067475,1,1,0.02,0.465223316,0.453325723,0.061450961,1,0.74,0.26,0.92,0.08,0.96,0.04,0.15,0.85,1,1,0,0.01,0.99,0.35,0.65
Jinzhou City,Medium-small-cities,9,辽宁省,47.2959,41.18613572,3043.564768,132,14456.11504,85,500.3201934,104,0.221852158,5292.420958,159,25137.57782,102,870.0012252,125,0.41390328,9807.042031,415,46580.81512,267,1612.142845,326,3.426015416,5072.607947,159,24093.52506,102,833.866989,125,0.245030742,5918.042605,658,28109.11257,423,972.8448205,517,1.802962688,12681.51987,850,60233.81266,546,2084.667472,668,0.227200069,0.205709774,0.218262311,0.6,0.741758852,0.246587398,0.01165375,0.539673211,0.416205539,0.04412125,1,1,0.02,0.68204675,0,0.29795325,1,0.74,0.26,0.92,0.08,0.96,0.04,0.15,0.85,1,0.9,0.1,0.01,0.99,0.35,0.65
Jincheng City,Medium-small-cities,9,山西省,46.7224,41.35913541,4574.595939,132,12625.36262,85,800.0414422,104,0.080551309,7954.714049,159,21954.10278,102,1391.183174,125,0.238352643,14740.36469,415,40681.724,267,2577.911314,326,2.924276604,7624.326564,159,21042.27103,102,1333.402404,125,0.083852592,8895.047659,658,24549.3162,423,1555.636138,517,2.03623144,19060.81641,850,52605.67758,546,3333.506009,668,0.244151098,0.227704765,0,0.6,0.754737136,0.233609114,0.01165375,0.561578766,0.394299984,0.04412125,1,1,0.02,0.68204675,0,0.29795325,1,0.74,0.26,0.92,0.08,0.96,0.04,0.15,0.85,1,1,0,0.01,0.99,0.35,0.65
Jinzhong City,Medium-small-cities,9,山西省,67.4302,59.68988692,4861.689563,132,12438.988,85,699.3224343,104,0.116252394,8453.937962,159,21630.01803,102,1216.044011,125,0.343992739,15665.44415,415,40081.18356,267,2253.372288,326,4.220343053,8102.815938,159,20731.64667,102,1165.53739,125,0.121016836,9453.285261,658,24186.92112,423,1359.793622,517,2.938708055,20257.03985,850,51829.11668,546,2913.843476,668,0.253886298,0.223239136,0,0.6,0.754737136,0.233609114,0.01165375,0.561578766,0.394299984,0.04412125,1,1,0.02,0.68204675,0,0.29795325,1,0.74,0.26,0.92,0.08,0.96,0.04,0.15,0.85,1,1,0,0.01,0.99,0.35,0.65
Jingmen City,Medium-small-cities,9,湖北省,37.6966,33.18576396,3526.501845,132,14473.49815,85,0,104,0.122009724,6132.194875,159,25167.80512,102,0,125,0.271328483,11363.17261,415,46636.82739,267,0,326,2.808866459,5877.503075,159,24122.49692,102,0,125,0.255912092,6857.086921,658,28142.91308,423,0,517,1.052719278,14693.75769,850,60306.24231,546,0,668,0.223821405,0.171146083,0,0.6,0.741758852,0.246587398,0.01165375,0.539673211,0.416205539,0.04412125,1,1,0.02,0.68204675,0,0.29795325,1,0.74,0.26,0.92,0.08,0.96,0.04,0.15,0.85,1,1,0,0.01,0.99,0.35,0.65
Jingzhou City,Medium-small-cities,9,湖北省,53.6687,47.24661668,2549.650178,132,15450.34982,85,0,104,0.173705408,4433.558365,159,26866.44163,102,0,125,0.386290726,8215.539462,415,49784.46054,267,0,326,3.998986947,4249.416963,159,25750.58304,102,0,125,0.364342389,4957.653124,658,30042.34688,423,0,517,1.498757849,10623.54241,850,64376.45759,546,0,668,0.206930979,0.17876245,0,0.6,0.728780568,0.259565682,0.01165375,0.517767656,0.438111094,0.04412125,1,1,0.02,0.68204675,0,0.29795325,1,0.74,0.26,0.92,0.08,0.96,0.04,0.15,0.85,1,1,0,0.01,0.99,0.35,0.65
Jingdezhen City,Medium-small-cities,9,江西省,23.4326,20.14744368,3703.444465,132,13636.76552,85,659.7900166,104,0.054857095,6439.878431,159,23712.82004,102,1147.301529,125,0.118726427,11933.32105,415,43940.68889,267,2125.990053,326,1.900798345,6172.407442,159,22727.94253,102,1099.650028,125,0.149681502,7201.142015,658,26515.93295,423,1282.925032,517,1.061092953,15431.0186,850,56819.85633,546,2749.125069,668,0.185200279,0.169810912,0.252155848,0.6,0.715802284,0.272543966,0.01165375,0.495862102,0.460016648,0.04412125,1,1,0.02,0.68204675,0,0.29795325,1,0.74,0.26,0.92,0.08,0.96,0.04,0.15,0.85,1,1,0,0.01,0.99,0.35,0.65
Jiujiang City,Largecities,9,江西省,61.3696,52.76582878,2421.947896,132,15066.01709,85,512.0350109,104,0.143669844,4211.498287,159,26198.12972,102,890.3719912,125,0.310942591,7804.054333,415,48546.05508,267,1649.890591,326,4.978160088,4036.579827,159,25110.02849,102,853.3916849,125,0.392013431,4709.343132,658,29295.03324,423,995.6236324,517,2.778985265,10091.44957,850,62775.07122,546,2133.479212,668,0.214402885,0.193092118,0,0.6,0.721870455,0.257104545,0.021025,0.520250789,0.412274211,0.067475,1,1,0.02,0.465223316,0.453325723,0.061450961,1,0.74,0.26,0.92,0.08,0.96,0.04,0.15,0.85,1,1,0,0.01,0.99,0.35,0.65
Jiuquan City,Medium-small-cities,9,甘肃省,20.48,16.71662738,3171.549697,132,14186.68708,85,641.7632236,104,0.064844327,5514.972529,159,24669.07253,102,1115.954939,125,0.143498094,10219.43791,415,45712.65837,267,2067.903721,326,2.752281442,5285.916162,159,23644.47847,102,1069.605373,125,0.155506303,6166.902189,658,27585.22488,423,1247.872935,517,0.647242451,13214.79041,850,59111.19616,546,2674.013432,668,0.248028608,0.217706666,0.808138796,0.6,0.754737136,0.233609114,0.01165375,0.561578766,0.394299984,0.04412125,1,1,0.02,0.68204675,0,0.29795325,1,0.74,0.26,0.92,0.08,0.96,0.04,0.15,0.85,1,1,0,0.01,0.99,0.35,0.65
Kashgar Prefecture,Medium-small-cities,9,新疆维吾尔族自治区,60.22,49.88452083,3146.228791,132,14244.00668,85,609.7645331,104,0.309020387,5470.942287,159,24768.74494,102,1060.312771,125,0.418987102,10137.84833,415,45897.35484,267,1964.796829,326,6.783136702,5243.714652,159,23740.01113,102,1016.274222,125,0.400891313,6117.667094,658,27696.67965,423,1185.653259,517,2.423443669,13109.28663,850,59350.02782,546,2540.685554,668,0.121010551,0.155176631,0.956637493,0.6,0.754737136,0.233609114,0.01165375,0.561578766,0.394299984,0.04412125,1,1,0.02,0.68204675,0,0.29795325,1,0.74,0.26,0.92,0.08,0.96,0.04,0.15,0.85,1,1,0,0.01,0.99,0.35,0.65
Kaifeng City,Medium-small-cities,9,河南省,64.4348,56.87199047,3005.046257,132,14122.582,85,872.371741,104,0.146503847,5225.441548,159,24557.60093,102,1516.957527,125,0.317893278,9682.926829,415,45506.09756,267,2810.97561,326,4.621092563,5008.410429,159,23537.63667,102,1453.952902,125,0.158946639,5843.1455,658,27460.57611,423,1696.278385,517,2.318373199,12521.02607,850,58844.09167,546,3634.882254,668,0.242499712,0.215694474,0,0.6,0.741758852,0.246587398,0.01165375,0.539673211,0.416205539,0.04412125,1,1,0.02,0.68204675,0,0.29795325,1,0.74,0.26,0.92,0.08,0.96,0.04,0.15,0.85,1,1,0,0.01,0.99,0.35,0.65
Karamay City,Medium-small-cities,9,新疆维吾尔族自治区,15.3,12.67408118,4461.973133,132,10435.33163,85,3102.695238,104,0.07851232,7758.875503,159,18145.88222,102,5395.242274,125,0.106451389,14377.46898,415,33624.95747,267,9997.573543,326,1.723380796,7436.621888,159,17392.21938,102,5171.158729,125,0.101853821,8676.05887,658,20290.92261,423,6033.018518,517,0.615720494,18591.55472,850,43480.54846,546,12927.89682,668,0.138954008,0.202083565,0.832463171,0.6,0.754737136,0.233609114,0.01165375,0.561578766,0.394299984,0.04412125,1,1,0.02,0.68204675,0,0.29795325,1,0.74,0.26,0.92,0.08,0.96,0.04,0.15,0.85,1,1,0,0.01,0.99,0.35,0.65
Kizilsu Kirgiz Autonomous Prefecture,Medium-small-cities,9,新疆维吾尔族自治区,13.7546,11.39391614,2480.236313,132,15320.58141,85,199.1822798,104,0.070582063,4312.855366,159,26640.78878,102,346.3558531,125,0.095699103,7991.872563,415,49366.31787,267,641.8095681,326,1.549308072,4133.727188,159,25534.30235,102,331.9704663,125,0.091565919,4822.681719,658,29790.0194,423,387.2988773,517,0.5535287,10334.31797,850,63835.75586,546,829.9261657,668,0.251694323,0.144834258,0,0.6,0.754737136,0.233609114,0.01165375,0.561578766,0.394299984,0.04412125,1,1,0.02,0.68204675,0,0.29795325,1,0.74,0.26,0.92,0.08,0.96,0.04,0.15,0.85,1,1,0,0.01,0.99,0.35,0.65
Kunming City,Largecities,9,云南省,250.39,212.8633511,1634.997791,132,15438.79806,85,926.2041538,104,0.701401023,2843.079491,159,26846.3544,102,1610.566112,125,1.070737794,5268.326214,415,49747.23818,267,2984.435607,326,28.61174028,2724.996318,159,25731.33009,102,1543.67359,125,1.687428548,3179.162371,658,30019.88511,423,1800.952521,517,5.45534129,6812.490794,850,64328.32523,546,3859.183974,668,0.227095785,0.182298813,18.58747802,0.6,0.734725682,0.244249318,0.021025,0.5408645,0.3916605,0.067475,1,1,0.02,0.465223316,0.453325723,0.061450961,1,0.74,0.26,0.92,0.08,0.96,0.04,0.15,0.85,1,1,0,0.01,0.99,0.35,0.65
Lhasa City,Medium-small-cities,9,西藏自治区,25.7008,16.79347921,2851.73181,132,14593.22006,85,555.0481277,104,0.134607766,4958.844758,159,25375.98822,102,965.167022,125,0.199590825,9188.913609,415,47022.59798,267,1788.488411,326,5.769567347,4752.88635,159,24322.03344,102,925.0802128,125,0.863346361,5545.034075,658,28375.70568,423,1079.260248,517,1.940208488,11882.21587,850,60805.08359,546,2312.700532,668,0.166999899,0.143223556,2.071263983,0.6,0.728780568,0.259565682,0.01165375,0.517767656,0.438111094,0.04412125,1,1,0.02,0.68204675,0,0.29795325,1,0.74,0.26,0.92,0.08,0.96,0.04,0.15,0.85,1,1,0,0.01,0.99,0.35,0.65
Laibin City,Medium-small-cities,9,广西壮族自治区,23.2455,20.1684921,3439.94746,132,14017.76891,85,542.2836289,104,0.057193455,5981.686417,159,24375.34261,102,942.970977,125,0.135877785,11084.27515,415,45168.36649,267,1747.35836,326,1.986172721,5733.245767,159,23362.94818,102,903.8060482,125,0.171926993,6688.786728,658,27256.77288,423,1054.44039,517,0.725836942,14333.11442,850,58407.37046,546,2259.515121,668,0.227547203,0.227707189,0,0.6,0.715802284,0.272543966,0.01165375,0.495862102,0.460016648,0.04412125,1,1,0.02,0.68204675,0,0.29795325,1,0.74,0.26,0.92,0.08,0.96,0.04,0.15,0.85,1,1,0,0.01,0.99,0.35,0.65
Lanzhou City,Medium-small-cities,9,甘肃省,92.49,75.49418294,5046.794813,132,12046.05301,85,907.1521787,104,0.292844327,8775.815425,159,20946.74773,102,1577.436844,125,0.64805365,16261.8944,415,38815.05969,267,2923.045909,326,12.42961478,8411.324689,159,20076.75501,102,1511.920298,125,0.702284081,9813.212137,658,23422.88085,423,1763.907014,517,2.923020229,21028.31172,850,50191.88753,546,3779.800745,668,0.219988059,0.194306916,8.010600075,0.6,0.754737136,0.233609114,0.01165375,0.561578766,0.394299984,0.04412125,1,1,0.02,0.68204675,0,0.29795325,1,0.74,0.26,0.92,0.08,0.96,0.04,0.15,0.85,1,1,0,0.01,0.99,0.35,0.65
Langfang City,Largecities,9,河北省,85.5844,74.11184146,4541.953472,132,12843.25172,85,614.794807,104,0.114751665,7897.952427,159,22332.98771,102,1069.059859,125,0.352078973,14635.18341,415,41383.8111,267,1981.005489,326,7.018629131,7569.922454,159,21405.41953,102,1024.658012,125,0.230546528,8831.576196,658,24972.98946,423,1195.434347,517,3.756552244,18924.80613,850,53513.54884,546,2561.645029,668,0.236616794,0.162770127,0,0.6,0.747580909,0.231394091,0.021025,0.561478211,0.371046789,0.067475,1,1,0.02,0.465223316,0.453325723,0.061450961,1,0.74,0.26,0.92,0.08,0.96,0.04,0.15,0.85,1,1,0,0.01,0.99,0.35,0.65
Leshan City,Medium-small-cities,9,四川省,60.09,53.83262007,2749.15203,132,14712.88341,85,537.9645558,104,0.11037988,4780.469919,159,25584.06949,102,935.4605887,125,0.388597658,8858.378764,415,47408.17989,267,1733.441347,326,4.016013152,4581.92005,159,24521.47236,102,896.607593,125,0.315011072,5345.573392,658,28608.38442,423,1046.042192,517,1.427378168,11454.80013,850,61303.68089,546,2241.518983,668,0.259383424,0.189884151,0,0.6,0.715802284,0.272543966,0.01165375,0.495862102,0.460016648,0.04412125,1,1,0.02,0.68204675,0,0.29795325,1,0.74,0.26,0.92,0.08,0.96,0.04,0.15,0.85,1,1,0,0.01,0.99,0.35,0.65
Lijiang City,Medium-small-cities,9,云南省,20.39,17.33409373,2105.070809,132,15642.07401,85,252.855185,104,0.057117165,3660.484239,159,27199.82869,102,439.6870717,125,0.087193353,6783.005939,415,50402.23847,267,814.7555962,326,2.329938833,3508.451348,159,26070.12334,102,421.4253084,125,0.137412309,4093.193239,658,30415.1439,423,491.6628598,517,0.444244614,8771.128369,850,65175.30836,546,1053.563271,668,0.214347434,0.184276764,2.315075504,0.6,0.728780568,0.259565682,0.01165375,0.517767656,0.438111094,0.04412125,1,1,0.02,0.68204675,0,0.29795325,1,0.74,0.26,0.92,0.08,0.96,0.04,0.15,0.85,1,1,0,0.01,0.99,0.35,0.65
Lishui City,Medium-small-cities,9,浙江省,42.852,38.75826209,2019.081024,132,15500.39858,85,480.5203916,104,0.082816799,3510.957559,159,26953.47087,102,835.5715698,125,0.194101873,6505.927745,415,49945.72877,267,1548.343484,326,3.046881808,3365.13504,159,25833.99764,102,800.8673193,125,0.101191777,3925.99088,658,30139.66391,423,934.3452058,517,0.668745655,8412.837601,850,64584.9941,546,2002.168298,668,0.247092309,0.174961207,0,0.6,0.702824,0.28552225,0.01165375,0.473956547,0.481922203,0.04412125,1,1,0.02,0.68204675,0,0.29795325,1,0.74,0.26,0.92,0.08,0.96,0.04,0.15,0.85,1,1,0,0.01,0.99,0.35,0.65
Lianyungang City,Largecities,9,江苏省,73.41,67.95450006,5264.810378,132,12208.70858,85,526.4810378,104,0.152302105,9154.920268,159,21229.58771,102,915.4920268,125,0.444182341,16964.38899,415,39339.17211,267,1696.438899,326,2.491199742,8774.683963,159,20347.84764,102,877.4683963,125,0.431072792,10237.13129,658,23739.15558,423,1023.713129,517,1.936742966,21936.70991,850,50869.6191,546,2193.670991,668,0.248264006,0.209635274,1.280810504,0.6,0.734725682,0.244249318,0.021025,0.5408645,0.3916605,0.067475,1,1,0.02,0.465223316,0.453325723,0.061450961,1,0.74,0.26,0.92,0.08,0.96,0.04,0.15,0.85,1,0.9,0.1,0.01,0.99,0.35,0.65
Liaoyang City,Medium-small-cities,9,辽宁省,27.5223,23.96692278,3909.83386,132,13542.93779,85,547.228345,104,0.129099597,6798.766657,159,23549.66405,102,951.5692888,125,0.240857458,12598.35355,415,43638.35512,267,1763.291334,326,1.993657465,6516.389767,159,22571.56299,102,912.0472417,125,0.142587615,7602.454728,658,26333.49016,423,1064.055115,517,1.049175087,16290.97442,850,56428.90748,546,2280.118104,668,0.228102003,0.20263674,0,0.6,0.741758852,0.246587398,0.01165375,0.539673211,0.416205539,0.04412125,1,1,0.02,0.68204675,0,0.29795325,1,0.74,0.26,0.92,0.08,0.96,0.04,0.15,0.85,1,1,0,0.01,0.99,0.35,0.65
Liaoyuan City,Medium-small-cities,9,吉林省,15.2145,13.45694774,2775.798262,132,14587.82957,85,636.3721665,104,0.04540428,4826.804756,159,25366.61475,102,1106.580489,125,0.122320487,8944.238844,415,47005.22862,267,2050.532536,326,1.010414659,4626.330437,159,24313.04929,102,1060.620277,125,0.062007338,5397.38551,658,28365.22417,423,1237.390324,517,0.517405494,11565.82609,850,60782.62321,546,2651.550694,668,0.228570281,0.218621471,0,0.6,0.728780568,0.259565682,0.01165375,0.517767656,0.438111094,0.04412125,1,1,0.02,0.68204675,0,0.29795325,1,0.74,0.26,0.92,0.08,0.96,0.04,0.15,0.85,1,1,0,0.01,0.99,0.35,0.65
Liaocheng City,Medium-small-cities,9,山东省,107.7707,94.77501102,2581.586507,132,14946.32717,85,472.0863199,104,0.185924267,4489.092092,159,25990.00225,102,820.9056563,125,0.613874637,8318.44541,415,48160.38756,267,1521.167031,326,7.89784031,4302.644178,159,24910.54529,102,786.8105332,125,0.370457579,5019.751541,658,29062.30284,423,917.945622,517,3.927592184,10756.61044,850,62276.36322,546,1967.026333,668,0.240635113,0.230132722,0,0.6,0.754737136,0.233609114,0.01165375,0.561578766,0.394299984,0.04412125,1,1,0.02,0.68204675,0,0.29795325,1,0.74,0.26,0.92,0.08,0.96,0.04,0.15,0.85,1,1,0,0.01,0.99,0.35,0.65
Nyingchi City,Medium-small-cities,9,西藏自治区,13.7757,9.001351382,2545.567995,132,15263.57552,85,190.8564814,104,0.072150135,4426.459902,159,26541.66188,102,331.8782149,125,0.106981235,8202.385761,415,49182.63224,267,614.9819957,326,3.092504082,4242.613324,159,25439.29254,102,318.0941357,125,0.462756041,4949.715545,658,29679.17463,423,371.109825,517,1.039957125,10606.53331,850,63598.23135,546,795.2353392,668,0.233992583,0.167099315,0.491468634,0.6,0.754737136,0.233609114,0.01165375,0.561578766,0.394299984,0.04412125,1,1,0.02,0.68204675,0,0.29795325,1,0.74,0.26,0.92,0.08,0.96,0.04,0.15,0.85,1,1,0,0.01,0.99,0.35,0.65
Lincang City,Medium-small-cities,9,云南省,22.2,18.87282397,1343.955626,132,16590.46169,85,65.5826853,104,0.062187399,2336.989505,159,28848.96949,102,114.0410028,125,0.09493342,4330.523683,415,53458.15433,267,211.321986,326,2.536765184,2239.926043,159,27650.76948,102,109.3044755,125,0.149610263,2613.24705,658,32259.23106,423,127.5218881,517,0.483679766,5599.815107,850,69126.9237,546,273.2611888,668,0.185759507,0.190276136,0.439390201,0.6,0.728780568,0.259565682,0.01165375,0.517767656,0.438111094,0.04412125,1,1,0.02,0.68204675,0,0.29795325,1,0.74,0.26,0.92,0.08,0.96,0.04,0.15,0.85,1,1,0,0.01,0.99,0.35,0.65
Linfen City,Medium-small-cities,9,山西省,72.5605,64.23127975,5307.872907,132,12069.49444,85,622.6326499,104,0.125097239,9229.801221,159,20987.50978,102,1082.688997,125,0.37016478,17103.14603,415,38890.59321,267,2006.260761,326,4.54143992,8846.454844,159,20115.82407,102,1037.721083,125,0.130224175,10320.86398,658,23468.46142,423,1210.674597,517,3.162294133,22116.13711,850,50289.56018,546,2594.302708,668,0.250375626,0.223397245,0.547692406,0.6,0.754737136,0.233609114,0.01165375,0.561578766,0.394299984,0.04412125,1,1,0.02,0.68204675,0,0.29795325,1,0.74,0.26,0.92,0.08,0.96,0.04,0.15,0.85,1,1,0,0.01,0.99,0.35,0.65
Linyi City,Largecities,9,山东省,262.1406,230.5299887,3319.76594,132,14132.46772,85,547.7663443,104,0.45224072,5772.704107,159,24574.79108,102,952.5048097,125,1.493183822,10697.02358,415,45537.95153,267,1765.024887,326,19.21064443,5532.943233,159,23554.11286,102,912.9439071,125,0.901098092,6455.100439,658,27479.79834,423,1065.101225,517,9.553444227,13832.35808,850,58885.28215,546,2282.359768,668,0.247265957,0.182668761,1.393696309,0.6,0.721870455,0.257104545,0.021025,0.520250789,0.412274211,0.067475,1,1,0.02,0.465223316,0.453325723,0.061450961,1,0.74,0.26,0.92,0.08,0.96,0.04,0.15,0.85,1,1,0,0.01,0.99,0.35,0.65
Liuzhou City,Largecities,9,广西壮族自治区,79.6307,69.08998061,5159.904166,132,11995.3408,85,844.7550318,104,0.195924152,8972.500021,159,20858.56484,102,1468.935139,125,0.465468289,16626.35787,415,38651.6537,267,2721.988436,326,6.80391147,8599.840276,159,19992.23467,102,1407.925053,125,0.588959876,10033.14699,658,23324.27378,423,1642.579228,517,2.486455605,21499.60069,850,49980.58668,546,3519.812632,668,0.218960856,0.209943972,0.832815618,0.6,0.69616,0.282815,0.021025,0.479023368,0.453501632,0.067475,1,1,0.02,0.465223316,0.453325723,0.061450961,1,0.74,0.26,0.92,0.08,0.96,0.04,0.15,0.85,1,1,0,0.01,0.99,0.35,0.65
Lu'an City,Medium-small-cities,9,安徽省,59.2794,50.77051138,2747.855918,132,14986.03284,85,266.1112472,104,0.162080318,4778.216123,159,26059.04599,102,462.737891,125,0.372719113,8854.202401,415,48288.32802,267,857.4695745,326,5.050081498,4579.759863,159,24976.72139,102,443.5187454,125,0.208014012,5343.053173,658,29139.50829,423,517.4385363,517,2.715993675,11449.39966,850,62441.80348,546,1108.796864,668,0.254685148,0.18959431,0,0.6,0.728780568,0.259565682,0.01165375,0.517767656,0.438111094,0.04412125,1,1,0.02,0.68204675,0,0.29795325,1,0.74,0.26,0.92,0.08,0.96,0.04,0.15,0.85,1,1,0,0.01,0.99,0.35,0.65
Liupanshui City,Medium-small-cities,9,贵州省,55.52,48.07030321,3213.295677,132,14107.79152,85,678.912802,104,0.198113507,5587.56415,159,24531.88192,102,1180.553928,125,0.3259963,10353.95274,415,45458.43934,267,2187.607918,326,5.647807273,5355.492795,159,23512.98587,102,1131.521337,125,0.307128346,6248.074928,658,27431.81685,423,1320.108226,517,0.970651361,13388.73199,850,58782.46467,546,2828.803342,668,0.25015495,0.209659468,0.288349901,0.6,0.728780568,0.259565682,0.01165375,0.517767656,0.438111094,0.04412125,1,1,0.02,0.68204675,0,0.29795325,1,0.74,0.26,0.92,0.08,0.96,0.04,0.15,0.85,1,1,0,0.01,0.99,0.35,0.65
Longyan City,Medium-small-cities,9,福建省,109,95.31367775,3736.171367,132,13421.90889,85,841.9197397,104,0.355468001,6496.786876,159,23339.20824,102,1464.004881,125,0.572609087,12038.7744,415,43248.3731,267,2712.852495,326,10.1670282,6226.952278,159,22369.84816,102,1403.199566,125,0.323298951,7264.777657,658,26098.15618,423,1637.066161,517,2.267918013,15567.38069,850,55924.62039,546,3507.998915,668,0.221543573,0.213730965,0.128755831,0.6,0.728780568,0.259565682,0.01165375,0.517767656,0.438111094,0.04412125,1,1,0.02,0.68204675,0,0.29795325,1,0.74,0.26,0.92,0.08,0.96,0.04,0.15,0.85,1,1,0,0.01,0.99,0.35,0.65
Longnan City,Medium-small-cities,9,甘肃省,19.11,15.59837643,3091.765073,132,14582.572,85,325.662923,104,0.060506596,5376.235932,159,25357.47243,102,566.2916384,125,0.133898857,9962.354123,415,46988.28757,267,1049.358308,326,2.568168865,5152.941788,159,24304.28667,102,542.7715384,125,0.145103782,6011.765419,658,28355.00112,423,633.2334615,517,0.603945471,12882.35447,850,60760.71668,546,1356.928846,668,0.270261218,0.196606097,0.206060592,0.6,0.754737136,0.233609114,0.01165375,0.561578766,0.394299984,0.04412125,1,1,0.02,0.68204675,0,0.29795325,1,0.74,0.26,0.92,0.08,0.96,0.04,0.15,0.85,1,1,0,0.01,0.99,0.35,0.65
Loudi City,Medium-small-cities,9,湖南省,40.8804,36.53540449,1503.178808,132,16128.47682,85,368.3443709,104,0.198528664,2613.860927,159,28045.62914,102,640.5099338,125,0.290483746,4843.576159,415,51969.53642,267,1186.887417,326,2.788832585,2505.298013,159,26880.7947,102,613.9072848,125,0.232481309,2922.847682,658,31360.92715,423,716.2251656,517,0.834669204,6263.245033,850,67201.98675,546,1534.768212,668,0.232065124,0.197358375,0,0.6,0.702824,0.28552225,0.01165375,0.473956547,0.481922203,0.04412125,1,1,0.02,0.68204675,0,0.29795325,1,0.74,0.26,0.92,0.08,0.96,0.04,0.15,0.85,1,1,0,0.01,0.99,0.35,0.65
Luzhou City,Medium-small-cities,9,四川省,73.38,65.73868632,2635.624612,132,14744.91256,85,619.4628291,104,0.134792404,4583.058353,159,25639.76462,102,1077.177031,125,0.474543121,8492.568194,415,47511.38491,267,1996.046894,326,4.904227743,4392.707687,159,24574.85427,102,1032.438048,125,0.384681519,5124.825634,658,28670.66331,423,1204.511056,517,1.743068897,10981.76922,850,61437.13566,546,2581.095121,668,0.236594472,0.189940069,0.939682514,0.6,0.728780568,0.259565682,0.01165375,0.517767656,0.438111094,0.04412125,1,1,0.02,0.68204675,0,0.29795325,1,0.74,0.26,0.92,0.08,0.96,0.04,0.15,0.85,1,1,0,0.01,0.99,0.35,0.65
Luoyang City,Largecities,9,河南省,119.8284,105.7639602,3912.330431,132,13613.88945,85,473.7801174,104,0.272450935,6803.107917,159,23673.0411,102,823.850982,125,0.591181208,12606.39806,415,43866.97712,267,1526.624823,326,8.593774297,6520.550719,159,22689.81575,102,789.6335291,125,0.295590604,7607.309172,658,26471.45171,423,921.2391172,517,4.311442746,16301.3768,850,56724.53938,546,1974.083823,668,0.237541416,0.212588805,11.50818836,0.6,0.734725682,0.244249318,0.021025,0.5408645,0.3916605,0.067475,1,1,0.02,0.465223316,0.453325723,0.061450961,1,0.74,0.26,0.92,0.08,0.96,0.04,0.15,0.85,1,1,0,0.01,0.99,0.35,0.65
Luohe City,Medium-small-cities,9,河南省,36.537,32.24859728,3798.895028,132,13783.42541,85,417.679558,104,0.083073293,6605.856354,159,23967.8453,102,726.2983425,125,0.180257667,12240.88398,415,44413.25967,267,1345.856354,326,2.62033651,6331.491713,159,22972.37569,102,696.1325967,125,0.090128833,7386.740331,658,26801.10497,423,812.1546961,517,1.314606417,15828.72928,850,57430.93923,546,1740.331492,668,0.237906038,0.212056213,0,0.6,0.741758852,0.246587398,0.01165375,0.539673211,0.416205539,0.04412125,1,1,0.02,0.68204675,0,0.29795325,1,0.74,0.26,0.92,0.08,0.96,0.04,0.15,0.85,1,1,0,0.01,0.99,0.35,0.65
Lüliang City,Medium-small-cities,9,山西省,46,40.71965971,4745.473298,132,12703.75888,85,550.7678203,104,0.079305862,8251.850791,159,22090.42517,102,957.7240431,125,0.234667345,15290.96952,415,40934.33417,267,1774.69631,326,2.8790628,7909.122164,159,21172.93147,102,917.9463672,125,0.082556102,9227.309191,658,24701.75338,423,1070.937428,517,2.004748177,19772.80541,850,52932.32867,546,2294.865918,668,0.241640574,0.237873868,0.40146618,0.6,0.754737136,0.233609114,0.01165375,0.561578766,0.394299984,0.04412125,1,1,0.02,0.68204675,0,0.29795325,1,0.74,0.26,0.92,0.08,0.96,0.04,0.15,0.85,1,1,0,0.01,0.99,0.35,0.65
Ma'anshan City,Medium-small-cities,9,安徽省,30.7566,26.34183731,4462.56648,132,13009.68226,85,527.7512614,104,0.08409396,7759.907269,159,22622.39193,102,917.7008046,125,0.193382063,14379.38088,415,41920.08728,267,1700.531842,326,2.620190768,7437.6108,159,21682.80376,102,879.5854357,125,0.107926257,8677.212601,658,25296.60439,423,1026.183008,517,1.409169645,18594.027,850,54207.00941,546,2198.963589,668,0.185434839,0.175588545,0,0.6,0.741758852,0.246587398,0.01165375,0.539673211,0.416205539,0.04412125,1,1,0.02,0.68204675,0,0.29795325,1,0.74,0.26,0.92,0.08,0.96,0.04,0.15,0.85,1,1,0,0.01,0.99,0.35,0.65
Maoming City,Largecities,9,广东省,71.5422,63.51489398,2920.427549,132,14566.75528,85,512.8171662,104,0.158608261,5078.299016,159,25329.96891,102,891.7320724,125,0.540317246,9410.266547,415,46937.32258,267,1652.410869,326,5.676571134,4867.379248,159,24277.92547,102,854.695277,125,0.343445514,5678.609123,658,28324.24639,423,997.1444899,517,1.308363862,12168.44812,850,60694.81369,546,2136.738193,668,0.229514055,0.206683378,0,0.6,0.709015227,0.269959773,0.021025,0.499637079,0.432887921,0.067475,1,1,0.02,0.465223316,0.453325723,0.061450961,1,0.74,0.26,0.92,0.08,0.96,0.04,0.15,0.85,1,0.9,0.1,0.01,0.99,0.35,0.65
Meishan City,Medium-small-cities,9,四川省,59.77,53.54594278,2228.840294,132,15138.4093,85,632.7504038,104,0.109792069,3875.705622,159,26324.01173,102,1100.282647,125,0.386528241,7181.818724,415,48779.31886,267,2038.862412,326,3.994626495,3714.733823,159,25230.68217,102,1054.584006,125,0.313333529,4333.856127,658,29435.79587,423,1230.348007,517,1.419776887,9286.834557,850,63076.70543,546,2636.460016,668,0.244478953,0.161578488,0,0.6,0.715802284,0.272543966,0.01165375,0.495862102,0.460016648,0.04412125,1,1,0.02,0.68204675,0,0.29795325,1,0.74,0.26,0.92,0.08,0.96,0.04,0.15,0.85,1,1,0,0.01,0.99,0.35,0.65
Meizhou City,Medium-small-cities,9,广东省,57.8645,51.37188377,3350.75983,132,14030.12599,85,619.1141799,104,0.128284952,5826.599038,159,24396.83019,102,1076.570768,125,0.437017415,10796.89279,415,45208.18375,267,1994.923468,326,4.59130346,5584.599717,159,23383.54332,102,1031.856966,125,0.277784342,6515.366336,658,27280.80054,423,1203.833127,517,1.058226064,13961.49929,850,58458.85829,546,2579.642416,668,0.227883246,0.212995185,0.486204135,0.6,0.715802284,0.272543966,0.01165375,0.495862102,0.460016648,0.04412125,1,1,0.02,0.68204675,0,0.29795325,1,0.74,0.26,0.92,0.08,0.96,0.04,0.15,0.85,1,1,0,0.01,0.99,0.35,0.65
Mianyang City,Medium-small-cities,9,四川省,85.25,76.37262208,2223.80315,132,15206.05291,85,570.1439433,104,0.156596517,3866.946588,159,26441.63644,102,991.4169681,125,0.551305548,7165.587927,415,48997.28159,267,1837.130484,326,5.697539045,3706.338583,159,25343.42151,102,950.2399055,125,0.446907869,4324.06168,658,29567.3251,423,1108.613223,517,2.025028938,9265.846458,850,63358.55378,546,2375.599764,668,0.248015391,0.21213027,12.12253178,0.6,0.728780568,0.259565682,0.01165375,0.517767656,0.438111094,0.04412125,1,1,0.02,0.68204675,0,0.29795325,1,0.74,0.26,0.92,0.08,0.96,0.04,0.15,0.85,1,1,0,0.01,0.99,0.35,0.65
Mudanjiang City,Medium-small-cities,9,黑龙江省,28.9631,24.6961845,3610.849565,132,13901.63573,85,487.514702,104,0.118525431,6278.866188,159,24173.39991,102,847.7338985,125,0.287847474,11634.95971,415,44794.15958,267,1570.880707,326,2.464764551,6018.082608,159,23169.39289,102,812.5245034,125,0.236486455,7021.096376,658,27030.95837,423,947.945254,517,1.159291593,15045.20652,850,57923.48222,546,2031.311258,668,0.254318896,0.225277496,0.604617703,0.6,0.728780568,0.259565682,0.01165375,0.517767656,0.438111094,0.04412125,1,1,0.02,0.68204675,0,0.29795325,1,0.74,0.26,0.92,0.08,0.96,0.04,0.15,0.85,1,1,0,0.01,0.99,0.35,0.65
Nagqu City,Medium-small-cities,9,西藏自治区,13.7757,9.001351382,1880.700584,132,15846.17389,85,273.1255256,104,0.072150135,3270.32935,159,27554.73571,102,474.9349417,125,0.106981235,6060.035217,415,51059.89365,267,880.0711379,326,3.092504082,3134.500974,159,26410.28982,102,455.2092093,125,0.462756041,3656.917803,658,30812.00479,423,531.0774108,517,1.039957125,7836.252435,850,66025.72454,546,1138.023023,668,0.190690599,0.126603449,0,0.6,0.741758852,0.246587398,0.01165375,0.539673211,0.416205539,0.04412125,1,1,0.02,0.68204675,0,0.29795325,1,0.74,0.26,0.92,0.08,0.96,0.04,0.15,0.85,1,1,0,0.01,0.99,0.35,0.65
Nanchang City,Largecities,9,江西省,116.5112,100.1767981,2446.134559,132,14908.48308,85,645.3823652,104,0.272759573,4253.556206,159,25924.19557,102,1122.248224,125,0.590329648,7881.989135,415,48038.44547,267,2079.565399,326,9.451119213,4076.890932,159,24847.47179,102,1075.637275,125,0.744243978,4756.372754,658,28988.71709,423,1254.910155,517,5.27594946,10192.22733,850,62118.67948,546,2689.093188,668,0.212942721,0.144503899,6.47030358,0.6,0.709015227,0.269959773,0.021025,0.499637079,0.432887921,0.067475,1,1,0.02,0.465223316,0.453325723,0.061450961,1,0.74,0.26,0.92,0.08,0.96,0.04,0.15,0.85,1,1,0,0.01,0.99,0.35,0.65
Nanchong City,Medium-small-cities,9,四川省,83.57,74.8675663,2232.821635,132,15187.67255,85,579.5058185,104,0.15351051,3882.628731,159,26409.67504,102,1007.696229,125,0.54044111,7194.64749,415,48938.05598,267,1867.296526,326,5.585259096,3721.369391,159,25312.78758,102,965.8430309,125,0.43810077,4341.597623,658,29531.58551,423,1126.816869,517,1.985122209,9303.423478,850,63281.96894,546,2414.607577,668,0.258980993,0.185520471,1.085866496,0.6,0.728780568,0.259565682,0.01165375,0.517767656,0.438111094,0.04412125,1,1,0.02,0.68204675,0,0.29795325,1,0.74,0.26,0.92,0.08,0.96,0.04,0.15,0.85,1,1,0,0.01,0.99,0.35,0.65
Nanjing City,Extra-large-cities,9,江苏省,269.94,249.8792773,7277.461191,132,9801.139713,85,921.3990961,104,0.560038552,12654.6964,159,17043.09295,102,1602.21065,125,1.633327626,23449.59717,415,31581.45019,267,2968.952643,326,9.160529332,12129.10198,159,16335.23286,102,1535.66516,125,1.585121776,14150.61898,658,19057.77166,423,1791.609354,517,7.121705438,30322.75496,850,40838.08214,546,3839.1629,668,0.222948273,0.140423752,10.0744108,0.6,0.707900781,0.208599219,0.0835,0.518569602,0.314930398,0.1665,1,1,0.02,0.013248421,0.885273042,0.081478537,1,0.74,0.26,0.92,0.08,0.96,0.04,0.15,0.85,1,1,0,0.01,0.99,0.35,0.65
Nanning City,Largecities,9,广西壮族自治区,176.1627,152.8440354,4883.750662,132,12308.89621,85,807.3531301,104,0.433432428,8492.299763,159,21403.80285,102,1403.897387,125,1.029730375,15736.52991,415,39661.99889,267,2601.471197,326,15.05192614,8139.584437,159,20514.82701,102,1345.58855,125,1.302924148,9496.181844,658,23933.96485,423,1569.853308,517,5.500651543,20348.96109,850,51287.06753,546,3363.971375,668,0.222278706,0.208147972,7.278501502,0.6,0.721870455,0.257104545,0.021025,0.520250789,0.412274211,0.067475,1,1,0.02,0.465223316,0.453325723,0.061450961,1,0.74,0.26,0.92,0.08,0.96,0.04,0.15,0.85,1,1,0,0.01,0.99,0.35,0.65
Nanping City,Medium-small-cities,9,福建省,29.25,25.57729426,3347.172609,132,13388.69044,85,1264.136955,104,0.095389349,5820.361259,159,23281.44504,102,2198.193705,125,0.153658861,10785.33396,415,43141.33585,267,4073.330188,326,2.728308026,5578.621015,159,22314.48406,102,2106.894925,125,0.086756829,6508.391184,658,26033.56474,423,2458.044079,517,0.608592678,13946.55254,850,55786.21015,546,5267.237312,668,0.17990355,0.205463896,0.430143666,0.6,0.702824,0.28552225,0.01165375,0.473956547,0.481922203,0.04412125,1,1,0.02,0.68204675,0,0.29795325,1,0.74,0.26,0.92,0.08,0.96,0.04,0.15,0.85,1,1,0,0.01,0.99,0.35,0.65
Nantong City,Extra-large-cities,9,江苏省,181.23,167.7618042,3129.873106,132,14295.01534,85,575.1115583,104,0.375993876,5442.501567,159,24857.44333,102,1000.055099,125,1.096569481,10085.14667,415,46061.71608,267,1853.137244,326,6.150117548,5216.455176,159,23825.02556,102,958.5192639,125,1.064205451,6085.864372,658,27795.86315,423,1118.272475,517,4.781309463,13041.13794,850,59562.5639,546,2396.29816,668,0.218426932,0.145830014,1.965822138,0.6,0.696921875,0.219578125,0.0835,0.501994318,0.331505682,0.1665,1,1,0.02,0.013248421,0.885273042,0.081478537,1,0.74,0.26,0.92,0.08,0.96,0.04,0.15,0.85,1,0.9,0.1,0.01,0.99,0.35,0.65
Nanyang City,Largecities,9,河南省,114.3854,100.9598133,3139.654786,132,14505.26788,85,355.0773369,104,0.260075318,5459.510822,159,25223.04914,102,617.4400359,125,0.564327813,10116.66542,415,46739.19649,267,1144.138086,326,8.203416807,5232.757977,159,24175.44646,102,591.7955615,125,0.282163906,6104.884306,658,28204.68754,423,690.4281551,517,4.115602838,13081.89494,850,60438.61615,546,1479.488904,668,0.244304488,0.216241156,3.805641772,0.6,0.747580909,0.231394091,0.021025,0.561478211,0.371046789,0.067475,1,1,0.02,0.465223316,0.453325723,0.061450961,1,0.74,0.26,0.92,0.08,0.96,0.04,0.15,0.85,1,1,0,0.01,0.99,0.35,0.65
Neijiang City,Medium-small-cities,9,四川省,47.01,42.1146858,1365.546549,132,16199.57504,85,434.8784135,104,0.086353106,2374.533722,159,28169.26104,102,756.2052412,125,0.30401025,4400.094436,415,52198.63068,267,1401.274888,326,3.141833554,2275.910915,159,26999.29173,102,724.7973558,125,0.246441512,2655.229401,658,31499.17368,423,845.5969151,517,1.116675781,5689.777288,850,67498.22932,546,1811.993389,668,0.1588117,0.18895654,0,0.6,0.728780568,0.259565682,0.01165375,0.517767656,0.438111094,0.04412125,1,1,0.02,0.68204675,0,0.29795325,1,0.74,0.26,0.92,0.08,0.96,0.04,0.15,0.85,1,1,0,0.01,0.99,0.35,0.65
Ningbo City,Extra-large-cities,9,浙江省,277.0211,250.5567161,5973.626374,132,11129.14286,85,897.2307692,104,0.535377598,10387.47253,159,19352.34286,102,1560.184615,125,1.254791246,19248.35165,415,35860.57143,267,2891.076923,326,19.69687646,9956.043956,159,18548.57143,102,1495.384615,125,0.654164503,11615.38462,658,21640,423,1744.615385,517,4.323174108,24890.10989,850,46371.42857,546,3738.461538,668,0.227953509,0.160087777,5.289260966,0.6,0.674964063,0.241535938,0.0835,0.46884375,0.36465625,0.1665,1,1,0.02,0.013248421,0.885273042,0.081478537,1,0.74,0.26,0.92,0.08,0.96,0.04,0.15,0.85,1,0.9,0.1,0.01,0.99,0.35,0.65
Ningde City,Medium-small-cities,9,福建省,27.78,24.29187126,3955.652857,132,13416.97402,85,627.3731199,104,0.090595423,6878.440801,159,23330.62705,102,1090.932147,125,0.145936518,12745.99254,415,43232.47185,267,2021.535609,326,2.591193059,6592.754761,159,22361.62337,102,1045.621867,125,0.082396742,7691.547221,658,26088.5606,423,1219.892178,517,0.578006995,16481.8869,850,55904.05843,546,2614.054666,668,0.227090303,0.198021202,0,0.6,0.715802284,0.272543966,0.01165375,0.495862102,0.460016648,0.04412125,1,1,0.02,0.68204675,0,0.29795325,1,0.74,0.26,0.92,0.08,0.96,0.04,0.15,0.85,1,0.9,0.1,0.01,0.99,0.35,0.65
Panzhihua City,Medium-small-cities,9,四川省,25.2,22.57583667,2394.851291,132,14988.93276,85,616.2159532,104,0.046290114,4164.3803,159,26064.08863,102,1071.531074,125,0.162966567,7716.743048,415,48297.67221,267,1985.584738,326,1.684199225,3991.418818,159,24981.55459,102,1027.026589,125,0.13210649,4656.655288,658,29145.14703,423,1198.197687,517,0.598600929,9978.547045,850,62453.88648,546,2567.566471,668,0.118457619,0.176275272,0.261261943,0.6,0.728780568,0.259565682,0.01165375,0.517767656,0.438111094,0.04412125,1,1,0.02,0.68204675,0,0.29795325,1,0.74,0.26,0.92,0.08,0.96,0.04,0.15,0.85,1,1,0,0.01,0.99,0.35,0.65
Panjin City,Medium-small-cities,9,辽宁省,36.0316,31.37697702,3393.777463,132,14104.7176,85,501.5049333,104,0.169014401,5901.401922,159,24526.53672,102,872.0613562,125,0.315325375,10935.50516,415,45448.5345,267,1615.960341,326,2.610053241,5656.295772,159,23507.86267,102,835.8415555,125,0.186672622,6599.011734,658,27425.83978,423,975.1484814,517,1.373557335,14140.73943,850,58769.65668,546,2089.603889,668,0.235732628,0.217457813,0,0.6,0.754737136,0.233609114,0.01165375,0.561578766,0.394299984,0.04412125,1,1,0.02,0.68204675,0,0.29795325,1,0.74,0.26,0.92,0.08,0.96,0.04,0.15,0.85,1,0.9,0.1,0.01,0.99,0.35,0.65
Pingdingshan City,Medium-small-cities,9,河南省,71.3472,62.97307167,4066.522151,132,13382.33302,85,551.1448313,104,0.162220403,7071.230186,159,23270.39019,102,958.3796234,125,0.351996053,13103.23804,415,43120.85083,267,1775.911123,326,5.116831515,6777.536919,159,22303.88836,102,918.5747189,125,0.175998027,7907.126406,658,26021.20309,423,1071.670505,517,2.567082327,16943.8423,850,55759.72091,546,2296.436797,668,0.248591231,0.213374572,0,0.6,0.741758852,0.246587398,0.01165375,0.539673211,0.416205539,0.04412125,1,1,0.02,0.68204675,0,0.29795325,1,0.74,0.26,0.92,0.08,0.96,0.04,0.15,0.85,1,1,0,0.01,0.99,0.35,0.65
Pingliang City,Medium-small-cities,9,甘肃省,23.89,19.50001114,3125.07054,132,14260.15181,85,614.7776497,104,0.075641161,5434.150439,159,24796.81954,102,1069.030024,125,0.167391088,10069.67174,415,45949.37806,267,1980.950205,326,3.210547054,5208.4509,159,23766.91968,102,1024.629416,125,0.18139871,6076.52605,658,27728.07296,423,1195.400986,517,0.755010847,13021.12725,850,59417.29921,546,2561.573541,668,0.240691878,0.218192661,0,0.6,0.754737136,0.233609114,0.01165375,0.561578766,0.394299984,0.04412125,1,1,0.02,0.68204675,0,0.29795325,1,0.74,0.26,0.92,0.08,0.96,0.04,0.15,0.85,1,1,0,0.01,0.99,0.35,0.65
Pingxiang City,Medium-small-cities,9,江西省,24.34,20.92762985,2369.365776,132,15418.82728,85,211.8069406,104,0.056981372,4120.063821,159,26811.62744,102,368.3087355,125,0.123323969,7634.623055,415,49682.88791,267,682.4890307,326,1.974404535,3948.94296,159,25698.04547,102,353.0115676,125,0.155477743,4607.10012,658,29981.05305,423,411.8468289,517,1.102182536,9872.357399,850,64245.11368,546,882.528919,668,0.208783643,0.202323052,0,0.6,0.702824,0.28552225,0.01165375,0.473956547,0.481922203,0.04412125,1,1,0.02,0.68204675,0,0.29795325,1,0.74,0.26,0.92,0.08,0.96,0.04,0.15,0.85,1,1,0,0.01,0.99,0.35,0.65
Putian City,Medium-small-cities,9,福建省,38.77,33.90193841,2922.184925,132,14355.50809,85,722.3069881,104,0.126435728,5081.354898,159,24962.63351,102,1256.011596,125,0.203670223,9415.929204,415,46256.63717,267,2327.433628,326,3.616290672,4870.308209,159,23925.84681,102,1203.84498,125,0.114993581,5682.026244,658,27913.48795,423,1404.48581,517,0.806671389,12175.77052,850,59814.61703,546,3009.61245,668,0.20227203,0.177669447,0,0.6,0.728780568,0.259565682,0.01165375,0.517767656,0.438111094,0.04412125,1,1,0.02,0.68204675,0,0.29795325,1,0.74,0.26,0.92,0.08,0.96,0.04,0.15,0.85,1,0.9,0.1,0.01,0.99,0.35,0.65
Puyang City,Medium-small-cities,9,河南省,68.6431,60.58635596,5197.01963,132,12240.72217,85,562.2582032,104,0.156072157,9037.039691,159,21285.25577,102,977.7045422,125,0.3386552,16745.95214,415,39442.32698,267,1811.720877,326,4.922900652,8661.699384,159,20401.20361,102,937.0970053,125,0.1693276,10105.31595,658,23801.40421,423,1093.27984,517,2.469788427,21654.24846,850,51003.00903,546,2342.742513,668,0.233345676,0.229695727,0.00E+00,0.6,0.754737136,0.233609114,0.01165375,0.561578766,0.394299984,0.04412125,1,1,0.02,0.68204675,0,0.29795325,1,0.74,0.26,0.92,0.08,0.96,0.04,0.15,0.85,1,1,0,0.01,0.99,0.35,0.65
Pu'er City,Medium-small-cities,9,云南省,29.6,25.16376529,1452.67353,132,16375.45666,85,171.8698107,104,0.082916531,2526.037861,159,28475.09963,102,298.8625042,125,0.126577893,4680.836931,415,52765.36035,267,553.8027233,326,3.382353578,2421.122551,159,27292.42776,102,286.4496845,125,0.199480351,2824.642976,658,31841.16573,423,334.1912986,517,0.644906355,6052.806377,850,68231.06941,546,716.1242112,668,0.219507847,0.18961455,7.07E-01,0.6,0.728780568,0.259565682,0.01165375,0.517767656,0.438111094,0.04412125,1,1,0.02,0.68204675,0,0.29795325,1,0.74,0.26,0.92,0.08,0.96,0.04,0.15,0.85,1,1,0,0.01,0.99,0.35,0.65
Qitaihe City,Medium-small-cities,9,黑龙江省,14.1179,12.03801607,3791.540327,132,13598.68505,85,609.7746234,104,0.057774554,6593.067346,159,23646.60234,102,1060.330317,125,0.140309631,12217.1855,415,43817.98516,267,1964.829342,326,1.201435601,6319.233878,159,22664.47508,102,1016.291039,125,0.115273991,7372.439524,658,26441.8876,423,1185.672879,517,0.565090159,15798.08469,850,56661.18771,546,2540.727598,668,0.246383186,0.190518285,0,0.6,0.741758852,0.246587398,0.01165375,0.539673211,0.416205539,0.04412125,1,1,0.02,0.68204675,0,0.29795325,1,0.74,0.26,0.92,0.08,0.96,0.04,0.15,0.85,1,1,0,0.01,0.99,0.35,0.65
Qiqihar City,Medium-small-cities,9,黑龙江省,7.8219,6.669558352,2939.433873,132,14479.93477,85,580.6313567,104,0.03200949,5111.348901,159,25178.99768,102,1009.653415,125,0.077737333,9471.509146,415,46657.56759,267,1870.92326,326,0.66564497,4899.056455,159,24133.22462,102,967.7189278,125,0.063866554,5715.565864,658,28155.42872,423,1129.005416,517,0.3130833,12247.64114,850,60333.06154,546,2419.297319,668,0.246440812,0.217909186,0.233016643,0.6,0.741758852,0.246587398,0.01165375,0.539673211,0.416205539,0.04412125,1,1,0.02,0.68204675,0,0.29795325,1,0.74,0.26,0.92,0.08,0.96,0.04,0.15,0.85,1,1,0,0.01,0.99,0.35,0.65
Qinzhou City,Medium-small-cities,9,广西壮族自治区,75.1807,65.22902731,3499.455826,132,13639.54465,85,860.9995198,104,0.184975329,6085.164853,159,23717.65265,102,1497.182498,125,0.439456539,11276.02433,415,43949.64389,267,2774.331786,326,6.423688691,5832.426376,159,22732.57442,102,1434.9992,125,0.556047049,6804.497439,658,26521.33683,423,1674.165733,517,2.347505082,14581.06594,850,56831.43606,546,3587.497999,668,0.241527433,0.225737516,0,0.6,0.728780568,0.259565682,0.01165375,0.517767656,0.438111094,0.04412125,1,1,0.02,0.68204675,0,0.29795325,1,0.74,0.26,0.92,0.08,0.96,0.04,0.15,0.85,1,0.9,0.1,0.01,0.99,0.35,0.65
Qinhuangdao City,Medium-small-cities,9,河北省,71.2,61.65566519,3813.279264,132,13485.09549,85,701.6252489,104,0.095465045,6630.868942,159,23449.08271,102,1220.04835,125,0.292904114,12287.23318,415,43451.97435,267,2260.792469,326,5.83898928,6355.46544,159,22475.15915,102,1169.375415,125,0.191797953,7414.709679,658,26221.019,423,1364.271317,517,3.125178418,15888.6636,850,56187.89786,546,2923.438537,668,0.222265653,0.184333481,1.618223509,0.6,0.741758852,0.246587398,0.01165375,0.539673211,0.416205539,0.04412125,1,1,0.02,0.68204675,0,0.29795325,1,0.74,0.26,0.92,0.08,0.96,0.04,0.15,0.85,1,0.9,0.1,0.01,0.99,0.35,0.65
Qingdao City,Extra-large-cities,9,山东省,291.0938,255.9918243,6001.288464,132,11124.7394,85,873.972137,104,0.502190311,10435.57383,159,19344.68573,102,1519.740438,125,1.658104669,19337.48505,415,35846.38251,267,2816.132441,326,21.3324433,10002.14744,159,18541.23233,102,1456.620228,125,1.000623588,11669.17201,658,21631.43772,423,1699.390266,517,10.60861379,25005.3686,850,46353.08083,546,3641.550571,668,0.2421029,0.198899285,11.99115661,0.6,0.718879688,0.197620313,0.0835,0.535144886,0.298355114,0.1665,1,1,0.02,0.013248421,0.885273042,0.081478537,1,0.74,0.26,0.92,0.08,0.96,0.04,0.15,0.85,1,0.9,0.1,0.01,0.99,0.35,0.65
Qingyuan City,Medium-small-cities,9,广东省,68.8998,61.16898128,2973.07071,132,14433.07097,85,593.8583224,104,0.152750089,5169.839624,159,25097.50674,102,1032.653638,125,0.520360713,9579.894511,415,46506.56201,267,1913.543483,326,5.466907865,4955.11785,159,24055.11828,102,989.7638706,125,0.330760407,5780.970826,658,28064.30466,423,1154.724516,517,1.260039647,12387.79463,850,60137.7957,546,2474.409677,668,0.236182564,0.189523786,0,0.6,0.702824,0.28552225,0.01165375,0.473956547,0.481922203,0.04412125,1,1,0.02,0.68204675,0,0.29795325,1,0.74,0.26,0.92,0.08,0.96,0.04,0.15,0.85,1,1,0,0.01,0.99,0.35,0.65
Qingyang City,Medium-small-cities,9,甘肃省,31.7,25.87485781,2975.093417,132,14482.95058,85,541.9560024,104,0.100369393,5173.356885,159,25184.24184,102,942.4012709,125,0.22211375,9586.41212,415,46667.28521,267,1746.302674,326,4.260123131,4958.489028,159,24138.25097,102,903.260004,125,0.240700674,5784.903866,658,28161.2928,423,1053.803338,517,1.001835239,12396.22257,850,60345.62742,546,2258.15001,668,0.235377717,0.218351094,1.424076387,0.6,0.754737136,0.233609114,0.01165375,0.561578766,0.394299984,0.04412125,1,1,0.02,0.68204675,0,0.29795325,1,0.74,0.26,0.92,0.08,0.96,0.04,0.15,0.85,1,1,0,0.01,0.99,0.35,0.65
Qujing City,Medium-small-cities,9,云南省,76.69,65.19625541,1324.827586,132,16129.65517,85,545.5172414,104,0.214826648,2303.727969,159,28047.67816,102,948.5938697,125,0.327947927,4268.888889,415,51973.33333,267,1757.777778,326,8.763266753,2208.045977,159,26882.75862,102,909.1954023,125,0.516829328,2576.05364,658,31363.21839,423,1060.727969,517,1.670873931,5520.114943,850,67206.89655,546,2272.988506,668,0.228986147,0.233378912,0,0.6,0.728780568,0.259565682,0.01165375,0.517767656,0.438111094,0.04412125,1,1,0.02,0.68204675,0,0.29795325,1,0.74,0.26,0.92,0.08,0.96,0.04,0.15,0.85,1,1,0,0.01,0.99,0.35,0.65
Quzhou City,Medium-small-cities,9,浙江省,46.658,42.20066724,3134.733897,132,14216.72344,85,648.5426617,104,0.090172366,5450.953943,159,24721.30243,102,1127.743628,125,0.211341483,10100.80922,415,45809.4422,267,2089.748576,326,3.317497699,5224.556495,159,23694.53907,102,1080.904436,125,0.11017936,6095.31591,658,27643.62891,423,1261.055175,517,0.728141855,13061.39124,850,59236.34767,546,2702.26109,668,0.209816117,0.197520507,0.230034194,0.6,0.702824,0.28552225,0.01165375,0.473956547,0.481922203,0.04412125,1,1,0.02,0.68204675,0,0.29795325,1,0.74,0.26,0.92,0.08,0.96,0.04,0.15,0.85,1,1,0,0.01,0.99,0.35,0.65
Quanzhou City,Extra-large-cities,9,福建省,160.18,140.0673844,3106.877114,132,14230.55242,85,662.5704622,104,0.522374902,5402.514092,159,24745.34949,102,1152.136415,125,0.841472693,10011.04848,415,45854.00225,267,2134.949267,326,14.94086768,5178.128523,159,23717.58737,102,1104.284104,125,0.475101155,6041.149944,658,27670.5186,423,1288.331454,517,3.33279915,12945.32131,850,59293.96843,546,2760.710259,668,0.22258701,0.188427474,4.015836242,0.6,0.685942969,0.230557031,0.0835,0.485419034,0.348080966,0.1665,1,1,0.02,0.013248421,0.885273042,0.081478537,1,0.74,0.26,0.92,0.08,0.96,0.04,0.15,0.85,1,0.9,0.1,0.01,0.99,0.35,0.65
Shigatse City,Medium-small-cities,9,西藏自治区,13.6951,8.948685534,1749.551761,132,15964.62293,85,285.8253076,104,0.071727993,3042.276117,159,27760.70543,102,497.0184516,125,0.106355301,5637.444563,415,51441.56278,267,920.9926579,326,3.074410204,2915.919601,159,26607.70489,102,476.3755127,125,0.46004851,3401.906202,658,31042.32237,423,555.7714315,517,1.033872458,7289.799003,850,66519.26222,546,1190.938782,668,0.170391568,0.150069525,0.085914025,0.6,0.702824,0.28552225,0.01165375,0.473956547,0.481922203,0.04412125,1,1,0.02,0.68204675,0,0.29795325,1,0.74,0.26,0.92,0.08,0.96,0.04,0.15,0.85,1,1,0,0.01,0.99,0.35,0.65
Rizhao City,Medium-small-cities,9,山东省,70.3935,61.90499587,3909.934142,132,13478.50295,85,611.562911,104,0.121441727,6798.941036,159,23437.61901,102,1063.439951,125,0.400969691,12598.67668,415,43430.73172,267,1970.591602,326,5.158699181,6516.556903,159,22464.17158,102,1019.271518,125,0.241974912,7602.64972,658,26208.20017,423,1189.150105,517,2.56541862,16291.39226,850,56160.42895,546,2548.178796,668,0.238690018,0.203687417,6.595535263,0.6,0.741758852,0.246587398,0.01165375,0.539673211,0.416205539,0.04412125,1,1,0.02,0.68204675,0,0.29795325,1,0.74,0.26,0.92,0.08,0.96,0.04,0.15,0.85,1,0.9,0.1,0.01,0.99,0.35,0.65
Sanmenxia City,Medium-small-cities,9,河南省,32.4525,28.6435012,3797.513321,132,13642.98401,85,559.5026643,104,0.073786464,6603.45372,159,23723.63331,102,972.9129663,125,0.16010652,12236.43181,415,43960.72627,267,1802.841918,326,2.327407028,6329.188869,159,22738.30669,102,932.5044405,125,0.08005326,7384.053681,658,26528.02447,423,1087.921847,517,1.167645531,15822.97217,850,56845.76673,546,2331.261101,668,0.243799625,0.233349705,0,0.6,0.741758852,0.246587398,0.01165375,0.539673211,0.416205539,0.04412125,1,1,0.02,0.68204675,0,0.29795325,1,0.74,0.26,0.92,0.08,0.96,0.04,0.15,0.85,1,1,0,0.01,0.99,0.35,0.65
Sanming City,Medium-small-cities,9,福建省,31.08,27.17751472,3363.313656,132,13931.99095,85,704.6953918,104,0.101357298,5848.428746,159,24226.18427,102,1225.386987,125,0.163272389,10837.344,415,44891.97085,267,2270.685151,326,2.899002169,5605.522759,159,23219.98492,102,1174.49232,125,0.092184692,6539.776553,658,27089.98241,423,1370.24104,517,0.646668733,14013.8069,850,58049.9623,546,2936.230799,668,0.218484426,0.215886881,0.189036417,0.6,0.702824,0.28552225,0.01165375,0.473956547,0.481922203,0.04412125,1,1,0.02,0.68204675,0,0.29795325,1,0.74,0.26,0.92,0.08,0.96,0.04,0.15,0.85,1,1,0,0.01,0.99,0.35,0.65
Sanya City,Medium-small-cities,9,海南省,21.6115,18.57366902,2083.773391,132,14984.15791,85,932.0687003,104,0.090232603,3623.450397,159,26055.7857,102,1620.763907,125,0.264365697,6714.380928,415,48282.28659,267,3003.332479,326,2.214656351,3472.955652,159,24973.59651,102,1553.447834,125,0.178882178,4051.781594,658,29135.8626,423,1812.355806,517,0.289694147,8682.389131,850,62433.99128,546,3883.619585,668,0.250059614,0.173717074,5.080026051,0.6,0.728780568,0.259565682,0.01165375,0.517767656,0.438111094,0.04412125,1,1,0.02,0.68204675,0,0.29795325,1,0.74,0.26,0.92,0.08,0.96,0.04,0.15,0.85,1,0.9,0.1,0.01,0.99,0.35,0.65
Xiamen City,Largecities,9,福建省,140.53,122.8846893,6883.963849,132,10081.11177,85,1034.924383,104,0.458292827,11970.44825,159,17529.93324,102,1799.618511,125,0.738245459,22181.66129,415,32483.58236,267,3334.756347,326,13.10800434,11473.27308,159,16801.85295,102,1724.873972,125,0.416818363,13385.48526,658,19602.16177,423,2012.352968,517,2.92394971,28683.18271,850,42004.63236,546,4312.184931,668,0.220999143,0.179594048,10.66587756,0.6,0.721870455,0.257104545,0.021025,0.520250789,0.412274211,0.067475,1,1,0.02,0.465223316,0.453325723,0.061450961,1,0.74,0.26,0.92,0.08,0.96,0.04,0.15,0.85,1,0.9,0.1,0.01,0.99,0.35,0.65
Shannan City,Medium-small-cities,9,西藏自治区,13.6951,8.948685534,2495.666996,132,15294.68369,85,209.6493101,104,0.071727993,4339.687609,159,26595.75554,102,364.5568559,125,0.106355301,8041.593652,415,49282.86968,267,675.5366658,326,3.074410204,4159.444993,159,25491.13949,102,349.4155168,125,0.46004851,4852.685825,658,29739.66274,423,407.6514363,517,1.033872458,10398.61248,850,63727.84873,546,873.538792,668,0.119036349,0.114996169,0,0.6,0.715802284,0.272543966,0.01165375,0.495862102,0.460016648,0.04412125,1,1,0.02,0.68204675,0,0.29795325,1,0.74,0.26,0.92,0.08,0.96,0.04,0.15,0.85,1,1,0,0.01,0.99,0.35,0.65
Shantou City,Medium-small-cities,9,广东省,79.0098,70.14460096,6190.96145,132,10590.06079,85,1218.977765,104,0.175163847,10765.39408,159,18414.93903,102,2119.666891,125,0.59671575,19948.65356,415,34123.5292,267,3927.817243,326,6.269093626,10318.26908,159,17650.10131,102,2031.629608,125,0.379294477,12037.9806,658,20591.78486,423,2370.234543,517,1.444931342,25795.67271,850,44125.25327,546,5079.074021,668,0.237242596,0.187370146,0,0.6,0.715802284,0.272543966,0.01165375,0.495862102,0.460016648,0.04412125,1,1,0.02,0.68204675,0,0.29795325,1,0.74,0.26,0.92,0.08,0.96,0.04,0.15,0.85,1,0.9,0.1,0.01,0.99,0.35,0.65
Shanwei City,Medium-small-cities,9,广东省,28.4348,25.24430766,3786.803785,132,13533.71399,85,679.4822228,104,0.063039635,6584.831026,159,23533.62489,102,1181.544087,125,0.214751752,12201.92331,415,43608.63397,267,2189.442718,326,2.256181175,6311.339642,159,22556.18999,102,1132.470371,125,0.136504112,7363.229582,658,26315.55498,423,1321.215433,517,0.520015666,15778.3491,850,56390.47497,546,2831.175928,668,0.196805806,0.192316842,0.00E+00,0.6,0.715802284,0.272543966,0.01165375,0.495862102,0.460016648,0.04412125,1,1,0.02,0.68204675,0,0.29795325,1,0.74,0.26,0.92,0.08,0.96,0.04,0.15,0.85,1,0.9,0.1,0.01,0.99,0.35,0.65
Shangluo City,Medium-small-cities,9,陕西省,10.6124,9.516446099,2012.406417,132,15408.77005,85,578.8235294,104,0.027189394,3499.351159,159,26794.13904,102,1006.509804,125,0.067499252,6484.420677,415,49650.48128,267,1865.098039,326,0.697439581,3354.010695,159,25681.28342,102,964.7058824,125,0.026082849,3913.012478,658,29961.49733,423,1125.490196,517,0.277742825,8385.026738,850,64203.20856,546,2411.764706,668,0.2000778,0.196289577,0,0.6,0.741758852,0.246587398,0.01165375,0.539673211,0.416205539,0.04412125,1,1,0.02,0.68204675,0,0.29795325,1,0.74,0.26,0.92,0.08,0.96,0.04,0.15,0.85,1,1,0,0.01,0.99,0.35,0.65
Shangqiu City,Medium-small-cities,9,河南省,111.034,98.00177218,2444.221186,132,15186.14371,85,369.6351069,104,0.252455321,4250.229063,159,26407.01656,102,642.7543803,125,0.547793463,7875.823823,415,48933.12972,267,1191.046456,326,7.963063308,4073.701977,159,25310.23951,102,616.0585115,125,0.273896732,4752.652307,658,29528.61276,423,718.7349301,517,3.995018993,10184.25494,850,63275.59878,546,1540.146279,668,0.24439348,0.190940487,0,0.6,0.754737136,0.233609114,0.01165375,0.561578766,0.394299984,0.04412125,1,1,0.02,0.68204675,0,0.29795325,1,0.74,0.26,0.92,0.08,0.96,0.04,0.15,0.85,1,1,0,0.01,0.99,0.35,0.65
Shanghai,Megacities,9,上海市,411.22,370.8034168,9438.098888,132,7395.937141,85,1165.963971,104,2.437984255,16411.80529,159,12860.71292,102,2027.481794,125,4.945910681,30411.65197,415,23831.35301,267,3756.995017,326,7.733605793,15730.16481,159,12326.5619,102,1943.273285,125,4.566224609,18351.85895,658,14380.98888,423,2267.152166,517,20.73285791,39325.41204,850,30816.40475,546,4858.183212,668,0.177361211,0.174196261,43.46332047,0.6,0.4915,0.1785,0.33,0.3915,0.1785,0.43,1,1,0.02,0.112,0.476341463,0.391658537,1,0.74,0.26,0.92,0.08,0.96,0.04,0.15,0.85,1,0.9,0.1,0.01,0.99,0.35,0.65
Shangrao City,Medium-small-cities,9,江西省,67.1715,57.75432572,3042.689076,132,14499.4958,85,457.8151261,104,0.157252433,5290.898226,159,25213.01214,102,796.0896359,125,0.340339194,9804.220355,415,46720.59757,267,1475.182073,326,5.448796804,5071.148459,159,24165.82633,102,763.0252101,125,0.429074496,5916.339869,658,28193.46405,423,890.1960784,517,3.041711347,12677.87115,850,60414.56583,546,1907.563025,668,0.261859771,0.194606414,0.408638522,0.6,0.702824,0.28552225,0.01165375,0.473956547,0.481922203,0.04412125,1,1,0.02,0.68204675,0,0.29795325,1,0.74,0.26,0.92,0.08,0.96,0.04,0.15,0.85,1,1,0,0.01,0.99,0.35,0.65
Shaoguan City,Medium-small-cities,9,广东省,42.2016,37.46642052,2658.982089,132,14607.9092,85,733.1087072,104,0.093560477,4623.67441,159,25401.531,102,1274.794585,125,0.318724505,8567.831176,415,47069.92966,267,2362.239168,326,3.348518558,4431.636815,159,24346.51534,102,1221.847845,125,0.202593018,5170.242951,658,28404.2679,423,1425.489153,517,0.771782925,11079.09204,850,60866.28835,546,3054.619613,668,0.233735878,0.193138055,0,0.6,0.702824,0.28552225,0.01165375,0.473956547,0.481922203,0.04412125,1,1,0.02,0.68204675,0,0.29795325,1,0.74,0.26,0.92,0.08,0.96,0.04,0.15,0.85,1,1,0,0.01,0.99,0.35,0.65
Shaoyang City,Medium-small-cities,9,湖南省,60.6648,54.2170088,1754.173124,132,15781.97919,85,463.8476865,104,0.294608215,3050.312154,159,27443.10826,102,806.5795882,125,0.431065702,5652.335621,415,50853.04406,267,1494.620323,326,4.138510655,2923.621873,159,26303.29865,102,773.0794775,125,0.344992518,3410.892185,658,30687.18176,423,901.9260571,517,1.238614112,7309.054682,850,65758.24662,546,1932.698694,668,0.219799445,0.174810713,0.261692749,0.6,0.715802284,0.272543966,0.01165375,0.495862102,0.460016648,0.04412125,1,1,0.02,0.68204675,0,0.29795325,1,0.74,0.26,0.92,0.08,0.96,0.04,0.15,0.85,1,1,0,0.01,0.99,0.35,0.65
Shaoxing City,Largecities,9,浙江省,153.3721,138.7201542,3431.813224,132,13792.28418,85,775.9026008,104,0.296410586,5967.541883,159,23983.24971,102,1349.208411,125,0.694712311,11058.06483,415,44441.80457,267,2500.130603,326,10.90513071,5719.688706,159,22987.14029,102,1293.171001,125,0.362176685,6672.970157,658,26818.33034,423,1508.699502,517,2.393515482,14299.22177,850,57467.85073,546,3232.927503,668,0.238973938,0.108717469,0,0.6,0.709015227,0.269959773,0.021025,0.499637079,0.432887921,0.067475,1,1,0.02,0.465223316,0.453325723,0.061450961,1,0.74,0.26,0.92,0.08,0.96,0.04,0.15,0.85,1,1,0,0.01,0.99,0.35,0.65
Shenzhen City,Megacities,9,广东省,341.4152,303.1071204,7346.938776,132,220.4081633,85,10432.65306,104,0.756913696,12775.5102,159,383.2653061,102,18141.22449,125,2.578513389,23673.46939,415,710.2040816,267,33616.32653,326,27.08985283,12244.89796,159,367.3469388,102,17387.7551,125,1.638997945,14285.71429,658,428.5714286,423,20285.71429,517,6.243801696,30612.2449,850,918.3673469,546,43469.38776,668,0.234608177,0.176884207,23.30035131,0.6,0.4915,0.1785,0.33,0.3915,0.1785,0.43,1,1,0.02,0.112,0.476341463,0.391658537,1,0.74,0.26,0.92,0.08,0.96,0.04,0.15,0.85,1,0.9,0.1,0.01,0.99,0.35,0.65
Shenyang City,Largecities,9,辽宁省,257.9958,224.6674666,8851.440803,132,8253.63914,85,894.920057,104,1.210187881,15391.67206,159,14352.16139,102,1556.166544,125,2.257813211,28521.30925,415,26595.05945,267,2883.631295,326,18.68867255,14752.40134,159,13756.06523,102,1491.533428,125,1.336625421,17211.13489,658,16048.74277,423,1740.122333,517,9.835034347,36881.00334,850,34390.16309,546,3728.833571,668,0.207453616,0.163765318,9.528970689,0.6,0.734725682,0.244249318,0.021025,0.5408645,0.3916605,0.067475,1,1,0.02,0.465223316,0.453325723,0.061450961,1,0.74,0.26,0.92,0.08,0.96,0.04,0.15,0.85,1,1,0,0.01,0.99,0.35,0.65
Shiyan City,Medium-small-cities,9,湖北省,39.0369,34.3656815,2256.822231,132,15446.65687,85,296.5208965,104,0.126347771,3924.363102,159,26860.02001,102,515.6168923,125,0.280975549,7271.982745,415,49772.56103,267,955.4562221,326,2.908735512,3761.370385,159,25744.42812,102,494.2014942,125,0.265011029,4388.26545,658,30035.16614,423,576.5684099,517,1.090148639,9403.425964,850,64361.0703,546,1235.503735,668,0.221757295,0.194691053,0.865448102,0.6,0.741758852,0.246587398,0.01165375,0.539673211,0.416205539,0.04412125,1,1,0.02,0.68204675,0,0.29795325,1,0.74,0.26,0.92,0.08,0.96,0.04,0.15,0.85,1,1,0,0.01,0.99,0.35,0.65
Shijiazhuang City,Largecities,9,河北省,287.6,249.0473217,3893.337501,132,13427.64833,85,679.0141721,104,0.385614422,6770.081322,159,23349.18848,102,1180.730199,125,1.183135159,12545.19862,415,43266.86683,267,2187.934555,326,23.58558029,6488.895836,159,22379.41388,102,1131.690287,125,0.77473443,7570.378475,658,26109.31619,423,1320.305335,517,12.62361395,16222.23959,850,55948.53469,546,2829.225717,668,0.234185501,0.199866689,5.331489707,0.6,0.747580909,0.231394091,0.021025,0.561478211,0.371046789,0.067475,1,1,0.02,0.465223316,0.453325723,0.061450961,1,0.74,0.26,0.92,0.08,0.96,0.04,0.15,0.85,1,1,0,0.01,0.99,0.35,0.65
Shizuishan City,Medium-small-cities,9,宁夏回族自治区,12.2,9.498921712,3689.368015,132,13739.29804,85,571.3339425,104,0.028801123,6415.401048,159,23891.11271,102,993.4862445,125,0.077062464,11887.9636,415,44271.07147,267,1840.964926,326,1.918777515,6148.946692,159,22898.83007,102,952.2232375,125,0.063829516,7173.77114,658,26715.30175,423,1110.92711,517,0.612607669,15372.36673,850,57247.07518,546,2380.558094,668,0.213997341,0.229535185,0,0.6,0.754737136,0.233609114,0.01165375,0.561578766,0.394299984,0.04412125,1,1,0.02,0.68204675,0,0.29795325,1,0.74,0.26,0.92,0.08,0.96,0.04,0.15,0.85,1,1,0,0.01,0.99,0.35,0.65
Shuangyashan City,Medium-small-cities,9,黑龙江省,22.4332,19.12828551,3381.130226,132,14167.54062,85,451.3291519,104,0.09180318,5879.409781,159,24635.77897,102,784.8112475,125,0.222950581,10894.75295,415,45650.96423,267,1454.282823,326,1.909068992,5635.217043,159,23612.5677,102,752.2152532,125,0.183169203,6574.419883,658,27547.99565,423,877.5844621,517,0.897922535,14088.04261,850,59031.41926,546,1880.538133,668,0.252167043,0.213564666,0,0.6,0.741758852,0.246587398,0.01165375,0.539673211,0.416205539,0.04412125,1,1,0.02,0.68204675,0,0.29795325,1,0.74,0.26,0.92,0.08,0.96,0.04,0.15,0.85,1,1,0,0.01,0.99,0.35,0.65
Shuozhou City,Medium-small-cities,9,山西省,25.9063,22.93251566,4929.133858,132,12278.21522,85,792.6509186,104,0.04466351,8571.216098,159,21350.45203,102,1378.331875,125,0.132160057,15882.76465,415,39563.13794,267,2554.097404,326,1.62143184,8215.223097,159,20463.69204,102,1321.084864,125,0.046493981,9584.426947,658,23874.30738,423,1541.265675,517,1.12903495,20538.05774,850,51159.2301,546,3302.712161,668,0.245699596,0.231920995,0,0.6,0.754737136,0.233609114,0.01165375,0.561578766,0.394299984,0.04412125,1,1,0.02,0.68204675,0,0.29795325,1,0.74,0.26,0.92,0.08,0.96,0.04,0.15,0.85,1,1,0,0.01,0.99,0.35,0.65
Siping City,Medium-small-cities,9,吉林省,42.0783,37.21748885,2710.471766,132,15289.52823,85,0,104,0.125573297,4713.209238,159,26586.79076,102,0,125,0.338298212,8733.742359,415,49266.25764,267,0,326,2.794474424,4517.452944,159,25482.54706,102,0,125,0.171491891,5270.361768,658,29729.63823,423,0,517,1.430973322,11293.63236,850,63706.36764,546,0,668,0.230248666,0.22435962,0,0.6,0.728780568,0.259565682,0.01165375,0.517767656,0.438111094,0.04412125,1,1,0.02,0.68204675,0,0.29795325,1,0.74,0.26,0.92,0.08,0.96,0.04,0.15,0.85,1,1,0,0.01,0.99,0.35,0.65
Songyuan City,Medium-small-cities,9,吉林省,45.6072,40.33873654,3240.479099,132,14349.8883,85,409.6326012,104,0.136104512,5634.833099,159,24952.86132,102,712.3055787,125,0.366669618,10441.54376,415,46238.52897,267,1319.92727,326,3.028833246,5400.798498,159,23916.4805,102,682.721002,125,0.185874072,6300.93158,658,27902.56058,423,796.5078356,517,1.550982014,13501.99624,850,59791.20125,546,1706.802505,668,0.259166286,0.23560855,1.305452992,0.6,0.754737136,0.233609114,0.01165375,0.561578766,0.394299984,0.04412125,1,1,0.02,0.68204675,0,0.29795325,1,0.74,0.26,0.92,0.08,0.96,0.04,0.15,0.85,1,1,0,0.01,0.99,0.35,0.65
Suzhou City (Jiangsu),Extra-large-cities,9,江苏省,419.1,387.9543791,6476.357729,132,10593.76108,85,929.881194,104,0.869497508,11261.6665,159,18421.37343,102,1616.960076,125,2.535850959,20868.26379,415,34135.45236,267,2996.283847,326,14.22233772,10793.92955,159,17656.26846,102,1549.80199,125,2.461008136,12592.91781,658,20598.97987,423,1808.102322,517,11.05692654,26984.82387,850,44140.67115,546,3874.504975,668,0.236169475,0.132595395,0,0.6,0.696921875,0.219578125,0.0835,0.501994318,0.331505682,0.1665,1,1,0.02,0.013248421,0.885273042,0.081478537,1,0.74,0.26,0.92,0.08,0.96,0.04,0.15,0.85,1,1,0,0.01,0.99,0.35,0.65
Suqian City,Largecities,9,江苏省,107.5,99.51108508,4789.456233,132,12842.00928,85,368.5344828,104,0.223027874,8328.332228,159,22330.82725,102,640.8405172,125,0.650450914,15432.69231,415,41379.80769,267,1187.5,326,3.648058469,7982.427056,159,21403.34881,102,614.2241379,125,0.631253578,9312.831565,658,24970.57361,423,716.5948276,517,2.836124081,19956.06764,850,53508.37202,546,1535.560345,668,0.220527911,0.194533305,0,0.6,0.734725682,0.244249318,0.021025,0.5408645,0.3916605,0.067475,1,1,0.02,0.465223316,0.453325723,0.061450961,1,0.74,0.26,0.92,0.08,0.96,0.04,0.15,0.85,1,1,0,0.01,0.99,0.35,0.65
Suzhou City (Anhui),Medium-small-cities,9,安徽省,58.2996,49.93135061,2995.621808,132,14667.5701,85,336.8080892,104,0.159401373,5209.053476,159,25505.27468,102,585.6718441,125,0.366558622,9652.559158,415,47262.17033,267,1085.27051,326,4.966611189,4992.703013,159,24445.95017,102,561.3468154,125,0.204575851,5824.820181,658,28520.2752,423,654.904618,517,2.671102353,12481.75753,850,61114.87543,546,1403.367038,668,0.229951207,0.194926001,0,0.6,0.741758852,0.246587398,0.01165375,0.539673211,0.416205539,0.04412125,1,1,0.02,0.68204675,0,0.29795325,1,0.74,0.26,0.92,0.08,0.96,0.04,0.15,0.85,1,1,0,0.01,0.99,0.35,0.65
Suihua City,Medium-small-cities,9,黑龙江省,33.2348,28.33856709,2448.473817,132,15122.3569,85,429.1692856,104,0.13600647,4257.623915,159,26296.09838,102,746.2777022,125,0.330301426,7889.526743,415,48727.59445,267,1382.878809,326,2.82828692,4080.789695,159,25203.92816,102,715.2821426,125,0.27136529,4760.92131,658,29404.58286,423,834.4958331,517,1.330272804,10201.97424,850,63009.82041,546,1788.205357,668,0.264998058,0.217895128,0,0.6,0.728780568,0.259565682,0.01165375,0.517767656,0.438111094,0.04412125,1,1,0.02,0.68204675,0,0.29795325,1,0.74,0.26,0.92,0.08,0.96,0.04,0.15,0.85,1,1,0,0.01,0.99,0.35,0.65
Suizhou City,Medium-small-cities,9,湖北省,23.3725,20.5757089,2527.561222,132,14944.14381,85,528.2949647,104,0.075647997,4395.148124,159,25986.20563,102,918.6462442,125,0.168228036,8144.363937,415,48153.35229,267,1702.283775,326,1.741542508,4212.602036,159,24906.90636,102,880.4916078,125,0.158669625,4914.702375,658,29058.05742,423,1027.240209,517,0.652702932,10531.50509,850,62267.26589,546,2201.22902,668,0.202917014,0.176688544,0,0.6,0.754737136,0.233609114,0.01165375,0.561578766,0.394299984,0.04412125,1,1,0.02,0.68204675,0,0.29795325,1,0.74,0.26,0.92,0.08,0.96,0.04,0.15,0.85,1,1,0,0.01,0.99,0.35,0.65
Suining City,Medium-small-cities,9,四川省,44.72,40.06315143,1889.743027,132,15400.61498,85,709.6419943,104,0.082146584,3286.053152,159,26779.95827,102,1233.988579,125,0.289200986,6089.171975,415,49624.20382,267,2286.624204,326,2.988785291,3149.571711,159,25667.69163,102,1182.736657,125,0.234436597,3674.500329,658,29945.64024,423,1379.859433,517,1.06227911,7873.929277,850,64169.22908,546,2956.841643,668,0.219450353,0.18924155,0,0.6,0.728780568,0.259565682,0.01165375,0.517767656,0.438111094,0.04412125,1,1,0.02,0.68204675,0,0.29795325,1,0.74,0.26,0.92,0.08,0.96,0.04,0.15,0.85,1,1,0,0.01,0.99,0.35,0.65
Tacheng Prefecture,Medium-small-cities,9,新疆维吾尔族自治区,23.1583,19.18367152,2474.124682,132,15264.00676,85,261.8685623,104,0.118837377,4302.227918,159,26542.41175,102,455.3603334,125,0.161126353,7972.179529,415,49184.02177,267,843.7987009,326,2.608533954,4123.541136,159,25440.01126,102,436.4476039,125,0.154167408,4810.797992,658,29680.01314,423,509.1888712,517,0.931963393,10308.85284,850,63600.02815,546,1091.11901,668,0.233993746,0.221816568,0.481866936,0.6,0.728780568,0.259565682,0.01165375,0.517767656,0.438111094,0.04412125,1,1,0.02,0.68204675,0,0.29795325,1,0.74,0.26,0.92,0.08,0.96,0.04,0.15,0.85,1,1,0,0.01,0.99,0.35,0.65
Taizhou City (Zhejiang),Largecities,9,浙江省,175.2182,158.4792523,3618.945923,132,13768.7438,85,612.3102738,104,0.338630881,6292.944855,159,23942.31561,102,1064.739532,125,0.793666127,11661.04797,415,44365.95225,267,1972.999771,326,12.45844175,6031.576539,159,22947.90634,102,1020.517123,125,0.413764608,7036.839295,658,26772.55739,423,1190.60331,517,2.734444363,15078.94135,850,57369.76585,546,2551.292808,668,0.214956095,0.172308267,0.563221797,0.6,0.69616,0.282815,0.021025,0.479023368,0.453501632,0.067475,1,1,0.02,0.465223316,0.453325723,0.061450961,1,0.74,0.26,0.92,0.08,0.96,0.04,0.15,0.85,1,0.9,0.1,0.01,0.99,0.35,0.65
Taiyuan City,Largecities,9,山西省,168.37,149.0428067,5800.813542,132,11521.32266,85,677.8637974,104,0.290276694,10086.97021,159,20034.29996,102,1178.729825,125,0.858933497,18691.5103,415,37124.26191,267,2184.227792,326,10.53799573,9668.022569,159,19202.20444,102,1129.772996,125,0.30217328,11279.35966,658,22402.57184,423,1318.068495,517,7.337814143,24170.05642,850,48005.51109,546,2824.432489,668,0.226958693,0.192309593,7.338931489,0.6,0.747580909,0.231394091,0.021025,0.561478211,0.371046789,0.067475,1,1,0.02,0.465223316,0.453325723,0.061450961,1,0.74,0.26,0.92,0.08,0.96,0.04,0.15,0.85,1,1,0,0.01,0.99,0.35,0.65
Tai'an City,Medium-small-cities,9,山东省,85.3328,75.04281832,3140.834262,132,14249.5804,85,609.5853388,104,0.147214765,5461.5618,159,24778.43703,102,1060.001173,125,0.486065708,10120.46596,415,45915.31462,267,1964.219425,326,6.253507007,5234.72377,159,23749.30066,102,1015.975565,125,0.293328173,6107.177732,658,27707.51744,423,1185.304826,517,3.109866024,13086.80943,850,59373.25166,546,2539.938912,668,0.237655576,0.218421713,0,0.6,0.741758852,0.246587398,0.01165375,0.539673211,0.416205539,0.04412125,1,1,0.02,0.68204675,0,0.29795325,1,0.74,0.26,0.92,0.08,0.96,0.04,0.15,0.85,1,1,0,0.01,0.99,0.35,0.65
Taizhou City (Jiangsu),Largecities,9,江苏省,82.87,76.71147554,3983.383495,132,13374.81476,85,641.8017491,104,0.171928558,6926.661299,159,23257.31677,102,1116.02193,125,0.501422021,12835.34682,415,43096.62533,267,2068.027858,326,2.812228887,6638.972491,159,22291.35793,102,1069.669582,125,0.486623107,7745.467906,658,26006.58425,423,1247.947845,517,2.186321885,16597.43123,850,55728.39482,546,2674.173954,668,0.246018358,0.152533226,0,0.6,0.734725682,0.244249318,0.021025,0.5408645,0.3916605,0.067475,1,1,0.02,0.465223316,0.453325723,0.061450961,1,0.74,0.26,0.92,0.08,0.96,0.04,0.15,0.85,1,1,0,0.01,0.99,0.35,0.65
Tangshan City,Largecities,9,河北省,213.8,185.1401856,3950.672099,132,13442.34603,85,606.9818706,104,0.286663294,6869.779817,159,23374.74615,102,1055.474031,125,0.879535108,12729.94343,415,43314.2261,267,1955.830472,326,17.53336949,6584.453498,159,22403.91005,102,1011.636451,125,0.575932619,7681.862415,658,26137.89506,423,1180.242526,517,9.384313845,16461.13375,850,56009.77513,546,2529.091128,668,0.240142272,0.189244437,0.344378796,0.6,0.734725682,0.244249318,0.021025,0.5408645,0.3916605,0.067475,1,1,0.02,0.465223316,0.453325723,0.061450961,1,0.74,0.26,0.92,0.08,0.96,0.04,0.15,0.85,1,0.9,0.1,0.01,0.99,0.35,0.65
Tianjin,Extra-large-cities,9,天津市,306.93,267.33,5872.427473,132,10682.6184,85,1444.954128,104,1.2,10211.49888,159,18575.88644,102,2512.614679,125,2.74,18922.2663,415,34421.77039,267,4655.963303,326,26.57,9787.379122,159,17804.364,102,2408.256881,125,1.01,11418.60898,658,20771.758,423,2809.633028,517,8.08,24468.44781,850,44510.90999,546,6020.642202,668,0.170505363,0.165827432,10.54868253,0.6,0.718879688,0.197620313,0.0835,0.535144886,0.298355114,0.1665,1,1,0.02,0.013248421,0.885273042,0.081478537,1,0.74,0.26,0.92,0.08,0.96,0.04,0.15,0.85,1,0.9,0.1,0.01,0.99,0.35,0.65
Tianshui City,Medium-small-cities,9,甘肃省,30.44,24.84639343,3280.462675,132,14144.29476,85,575.2425692,104,0.096379947,5704.360096,159,24595.35699,102,1000.282912,125,0.213285254,10570.37973,415,45576.06088,267,1853.55939,326,4.090793316,5467.437792,159,23573.82459,102,958.7376153,125,0.231133392,6378.677424,658,27502.79536,423,1118.527218,517,0.962014658,13668.59448,850,58934.56148,546,2396.844038,668,0.237868173,0.185953021,2.15E-01,0.6,0.741758852,0.246587398,0.01165375,0.539673211,0.416205539,0.04412125,1,1,0.02,0.68204675,0,0.29795325,1,0.74,0.26,0.92,0.08,0.96,0.04,0.15,0.85,1,1,0,0.01,0.99,0.35,0.65
Tieling City,Medium-small-cities,9,辽宁省,37.023,32.2403063,3349.463476,132,14174.77601,85,475.7605189,104,0.173664788,5824.344822,159,24648.3605,102,827.2946801,125,0.32400147,10792.71564,415,45674.27824,267,1533.006117,326,2.68186817,5582.439126,159,23624.62668,102,792.9341982,125,0.19180887,6512.845648,658,27562.06445,423,925.0898979,517,1.411350404,13956.09782,850,59061.56669,546,1982.335496,668,0.230390204,0.200977519,0,0.6,0.741758852,0.246587398,0.01165375,0.539673211,0.416205539,0.04412125,1,1,0.02,0.68204675,0,0.29795325,1,0.74,0.26,0.92,0.08,0.96,0.04,0.15,0.85,1,1,0,0.01,0.99,0.35,0.65
Tonghua City,Medium-small-cities,9,吉林省,25.0754,22.17873393,3066.361534,132,14431.97186,85,501.6666072,104,0.074831936,5332.062,159,25095.59551,102,872.3424891,125,0.20159947,9880.498275,415,46503.02044,267,1616.48129,326,1.665289804,5110.602556,159,24053.28643,102,836.1110119,125,0.102195853,5962.369649,658,28062.1675,423,975.4628473,517,0.852749004,12776.50639,850,60133.21608,546,2090.27753,668,0.248528005,0.18031723,0.098221475,0.6,0.741758852,0.246587398,0.01165375,0.539673211,0.416205539,0.04412125,1,1,0.02,0.68204675,0,0.29795325,1,0.74,0.26,0.92,0.08,0.96,0.04,0.15,0.85,1,1,0,0.01,0.99,0.35,0.65
Tongliao City,Largecities,9,内蒙古自治区,133.838,117.3420898,3022.894631,132,14270.18342,85,706.921944,104,0.282240545,5256.477886,159,24814.2634,102,1229.258714,125,0.709100213,9740.438256,415,45981.70215,267,2277.859597,326,10.35659521,5038.157719,159,23783.63904,102,1178.20324,125,0.342887274,5877.850672,658,27747.57888,423,1374.570447,517,4.805086967,12595.3943,850,59459.0976,546,2945.5081,668,0.216225752,0.226068728,1.216921068,0.6,0.747580909,0.231394091,0.021025,0.561478211,0.371046789,0.067475,1,1,0.02,0.465223316,0.453325723,0.061450961,1,0.74,0.26,0.92,0.08,0.96,0.04,0.15,0.85,1,1,0,0.01,0.99,0.35,0.65
Tongchuan City,Medium-small-cities,9,陕西省,9.8757,8.855825896,3202.027516,132,13781.31789,85,1016.654598,104,0.025301939,5567.97007,159,23964.18055,102,1767.849385,125,0.062813536,10317.64422,415,44406.46874,267,3275.887038,326,0.649024167,5336.712527,159,22968.86314,102,1694.42433,125,0.024272209,6226.164615,658,26797.007,423,1976.828385,517,0.258462253,13341.78132,850,57422.15786,546,4236.060825,668,0.245856535,0.195532574,0,0.6,0.754737136,0.233609114,0.01165375,0.561578766,0.394299984,0.04412125,1,1,0.02,0.68204675,0,0.29795325,1,0.74,0.26,0.92,0.08,0.96,0.04,0.15,0.85,1,1,0,0.01,0.99,0.35,0.65
Tongling City,Medium-small-cities,9,安徽省,19.7746,16.93617942,3753.720078,132,13691.17964,85,555.1002804,104,0.054067239,6527.302135,159,23807.44016,102,965.2577097,125,0.124332759,12095.32025,415,44116.02329,267,1788.656459,326,1.684621329,6256.200129,159,22818.63274,102,925.1671339,125,0.069389938,7298.900151,658,26621.73819,423,1079.361656,517,0.906009314,15640.50032,850,57046.58184,546,2312.917835,668,0.213721647,0.174370716,0,0.6,0.728780568,0.259565682,0.01165375,0.517767656,0.438111094,0.04412125,1,1,0.02,0.68204675,0,0.29795325,1,0.74,0.26,0.92,0.08,0.96,0.04,0.15,0.85,1,1,0,0.01,0.99,0.35,0.65
Tongren City,Medium-small-cities,9,贵州省,34.9589,30.2681002,2557.963056,132,14943.14901,85,498.8879294,104,0.124744782,4448.013536,159,25984.47579,102,867.5106772,125,0.205267868,8242.325402,415,48150.14683,267,1607.527773,326,3.556216312,4263.27176,159,24905.24836,102,831.4798823,125,0.193387413,4973.817053,658,29056.12308,423,970.0598627,517,0.611183427,10658.1794,850,62263.1209,546,2078.699706,668,0.227816352,0.198094215,0.495447741,0.6,0.715802284,0.272543966,0.01165375,0.495862102,0.460016648,0.04412125,1,1,0.02,0.68204675,0,0.29795325,1,0.74,0.26,0.92,0.08,0.96,0.04,0.15,0.85,1,1,0,0.01,0.99,0.35,0.65
Turpan City,Medium-small-cities,9,新疆维吾尔族自治区,10.01,8.291996903,2511.189766,132,15233.95906,85,254.8511704,104,0.051366557,4366.679982,159,26490.16215,102,443.1578686,125,0.069645647,8091.611469,415,49087.20143,267,821.1871047,326,1.12751907,4185.316277,159,25389.93177,102,424.7519507,125,0.066637696,4882.86899,658,29621.58707,423,495.5439425,517,0.402834127,10463.29069,850,63474.82943,546,1061.879877,668,0.189821795,0.184498297,0.328080133,0.6,0.754737136,0.233609114,0.01165375,0.561578766,0.394299984,0.04412125,1,1,0.02,0.68204675,0,0.29795325,1,0.74,0.26,0.92,0.08,0.96,0.04,0.15,0.85,1,1,0,0.01,0.99,0.35,0.65
Weihai City,Largecities,9,山东省,80.9722,71.20804771,4453.251666,132,12842.99095,85,703.7573796,104,0.139691929,7743.709842,159,22332.53427,102,1223.755888,125,0.461227216,14349.36648,415,41382.97085,267,2267.662667,326,5.933945916,7422.086111,159,21404.98492,102,1172.928966,125,0.27833878,8659.100462,658,24972.48241,423,1368.417127,517,2.950948448,18555.21528,850,53512.46231,546,2932.322415,668,0.233918987,0.195873191,1.300040574,0.6,0.747580909,0.231394091,0.021025,0.561478211,0.371046789,0.067475,1,1,0.02,0.465223316,0.453325723,0.061450961,1,0.74,0.26,0.92,0.08,0.96,0.04,0.15,0.85,1,0.9,0.1,0.01,0.99,0.35,0.65
Weifang City,Largecities,9,山东省,246.0261,216.3586795,3336.153397,132,14126.10438,85,537.7422264,104,0.424440245,5801.200073,159,24563.72594,102,935.0739826,125,1.401393727,10749.82761,415,45517.44744,267,1732.724952,326,18.02971355,5560.255661,159,23543.50729,102,896.237044,125,0.845705127,6486.964938,658,27467.42518,423,1045.609885,517,8.966167868,13900.63915,850,58858.76824,546,2240.59261,668,0.22348905,0.206851078,0.276169811,0.6,0.734725682,0.244249318,0.021025,0.5408645,0.3916605,0.067475,1,1,0.02,0.465223316,0.453325723,0.061450961,1,0.74,0.26,0.92,0.08,0.96,0.04,0.15,0.85,1,0.9,0.1,0.01,0.99,0.35,0.65
Weinan City,Medium-small-cities,9,陕西省,59.7456,53.57560797,2273.408051,132,15367.44233,85,359.1496205,104,0.153070623,3953.204001,159,26722.27471,102,624.5212846,125,0.380006721,7325.425944,415,49517.31417,267,1157.259888,326,3.926439467,3789.013419,159,25612.40388,102,598.5827009,125,0.146841005,4420.515656,658,29881.13786,423,698.3464844,517,1.563634212,9472.533548,850,64031.0097,546,1496.456752,668,0.20550628,0.212562643,0,0.6,0.754737136,0.233609114,0.01165375,0.561578766,0.394299984,0.04412125,1,1,0.02,0.68204675,0,0.29795325,1,0.74,0.26,0.92,0.08,0.96,0.04,0.15,0.85,1,1,0,0.01,0.99,0.35,0.65
Wenzhou City,Largecities,9,浙江省,234.9526,212.5071047,3026.124377,132,14354.7164,85,619.1592187,104,0.45407501,5262.094056,159,24961.25686,102,1076.649086,125,1.064238305,9750.845216,415,46254.08619,267,1995.068594,326,16.70570341,5043.540629,159,23924.52734,102,1031.932031,125,0.554822903,5884.130734,658,27911.94856,423,1203.920703,517,3.666655705,12608.85157,850,59811.31835,546,2579.830078,668,0.22333151,0.168930196,6.169139581,0.6,0.69616,0.282815,0.021025,0.479023368,0.453501632,0.067475,1,1,0.02,0.465223316,0.453325723,0.061450961,1,0.74,0.26,0.92,0.08,0.96,0.04,0.15,0.85,1,0.9,0.1,0.01,0.99,0.35,0.65
Wuhai City,Medium-small-cities,9,内蒙古自治区,21.65,18.98157656,4893.926174,132,9947.399329,85,3158.674497,104,0.045656001,8509.993848,159,17297.42217,102,5492.583986,125,0.114705985,15769.31767,415,32052.73117,267,10177.95116,326,1.675311095,8156.543624,159,16578.99888,102,5264.457494,125,0.055466381,9515.967562,658,19342.16536,423,6141.867077,517,0.777283976,20391.35906,850,41447.4972,546,13161.14374,668,0.235689989,0.214626667,0.355138919,0.6,0.741758852,0.246587398,0.01165375,0.539673211,0.416205539,0.04412125,1,1,0.02,0.68204675,0,0.29795325,1,0.74,0.26,0.92,0.08,0.96,0.04,0.15,0.85,1,1,0,0.01,0.99,0.35,0.65
Ulanqab City,Medium-small-cities,9,内蒙古自治区,15.4501,13.54583169,2982.654877,132,14578.28445,85,439.0606721,104,0.032581514,5186.505425,159,25350.01685,102,763.4777242,125,0.081857688,9610.776826,415,46974.47212,267,1414.751054,326,1.195553069,4971.091462,159,24297.14075,102,731.7677868,125,0.0395825,5799.606705,658,28346.66421,423,853.7290845,517,0.554693541,12427.72865,850,60742.85188,546,1829.419467,668,0.253045053,0.22084239,0.107024908,0.6,0.754737136,0.233609114,0.01165375,0.561578766,0.394299984,0.04412125,1,1,0.02,0.68204675,0,0.29795325,1,0.74,0.26,0.92,0.08,0.96,0.04,0.15,0.85,1,1,0,0.01,0.99,0.35,0.65
ürümqi City,Largecities,9,新疆维吾尔族自治区,123.58,102.3701276,8627.79661,132,7682.033898,85,1690.169492,104,0.634153761,15002.77966,159,13358.20339,102,2939.016949,125,0.85982109,27800.67797,415,24753.22034,267,5446.101695,326,13.9199607,14379.66102,159,12803.38983,102,2816.949153,125,0.82268596,16776.27119,658,14937.28814,423,3286.440678,517,4.97325089,35949.15254,850,32008.47458,546,7042.372881,668,0.210100142,0.194395245,10.585807,0.6,0.747580909,0.231394091,0.021025,0.561478211,0.371046789,0.067475,1,1,0.02,0.465223316,0.453325723,0.061450961,1,0.74,0.26,0.92,0.08,0.96,0.04,0.15,0.85,1,1,0,0.01,0.99,0.35,0.65
Wuxi City,Extra-large-cities,9,江苏省,209.71,194.1252991,6111.603303,132,10760.66071,85,1127.735988,104,0.435080702,10627.39908,159,18711.59334,102,1961.007579,125,1.268893593,19692.94398,415,34673.24006,267,3633.81596,326,7.116598526,10186.00551,159,17934.43451,102,1879.55998,125,1.231443608,11883.67309,658,20923.50693,423,2192.819976,517,5.532684476,25465.01376,850,44836.08629,546,4698.899949,668,0.233058654,0.162768669,3.988326721,0.6,0.696921875,0.219578125,0.0835,0.501994318,0.331505682,0.1665,1,1,0.02,0.013248421,0.885273042,0.081478537,1,0.74,0.26,0.92,0.08,0.96,0.04,0.15,0.85,1,1,0,0.01,0.99,0.35,0.65
Wuhu City,Largecities,9,安徽省,61.5052,52.67682292,3554.497161,132,13990.47445,85,455.0283935,104,0.168166048,6180.875618,159,24327.88056,102,791.2438175,125,0.386713826,11453.37974,415,45080.41766,267,1466.202601,326,5.239700007,5924.161934,159,23317.45741,102,758.3806558,125,0.215824442,6911.522257,658,27203.70031,423,884.7774318,517,2.817972756,14810.40484,850,58293.64352,546,1895.951639,668,0.251856881,0.179297201,0,0.6,0.721870455,0.257104545,0.021025,0.520250789,0.412274211,0.067475,1,1,0.02,0.465223316,0.453325723,0.061450961,1,0.74,0.26,0.92,0.08,0.96,0.04,0.15,0.85,1,1,0,0.01,0.99,0.35,0.65
Wuzhong City,Medium-small-cities,9,宁夏回族自治区,32.2,25.07092452,5444.501678,132,11717.63403,85,837.8642889,104,0.076016079,9467.383473,159,20375.66362,102,1456.952902,125,0.203394372,17543.39429,415,37756.82077,267,2699.784931,326,5.064314426,9074.169463,159,19529.39006,102,1396.440481,125,0.168468066,10586.53104,658,22784.2884,423,1629.180562,517,1.616882537,22685.42366,850,48823.47514,546,3491.101204,668,0.23176659,0.239263144,0,0.6,0.754737136,0.233609114,0.01165375,0.561578766,0.394299984,0.04412125,1,1,0.02,0.68204675,0,0.29795325,1,0.74,0.26,0.92,0.08,0.96,0.04,0.15,0.85,1,1,0,0.01,0.99,0.35,0.65
Wuzhou City,Medium-small-cities,9,广西壮族自治区,27.4065,23.77870034,3273.725685,132,14042.73649,85,683.5378293,104,0.06743122,5692.645219,159,24418.75844,102,1188.596336,125,0.160200233,10548.67165,415,45248.81756,267,2202.510783,326,2.34170238,5456.209475,159,23404.56081,102,1139.229715,125,0.202702335,6365.577721,658,27305.32094,423,1329.101335,517,0.855763488,13640.52369,850,58511.40202,546,2848.074289,668,0.221103882,0.226368133,5.811932243,0.6,0.715802284,0.272543966,0.01165375,0.495862102,0.460016648,0.04412125,1,1,0.02,0.68204675,0,0.29795325,1,0.74,0.26,0.92,0.08,0.96,0.04,0.15,0.85,1,1,0,0.01,0.99,0.35,0.65
Wuhan City,Extra-large-cities,9,湖北省,334.439,294.4194891,6342.295014,132,10654.25671,85,1003.448275,104,1.082453326,11028.54633,159,18526.56861,102,1744.885056,125,2.407188624,20436.28393,415,34330.38274,267,3233.33333,326,24.91987314,10570.49169,159,17757.09452,102,1672.413791,125,2.270416543,12332.24031,658,20716.61027,423,1951.149423,517,9.339579239,26426.22923,850,44392.7363,546,4181.034478,668,0.204137961,0.161430877,12.7734185,0.6,0.696921875,0.219578125,0.0835,0.501994318,0.331505682,0.1665,1,1,0.02,0.013248421,0.885273042,0.081478537,1,0.74,0.26,0.92,0.08,0.96,0.04,0.15,0.85,1,1,0,0.01,0.99,0.35,0.65
Wuwei City,Medium-small-cities,9,甘肃省,21.96,17.92466491,3159.468012,132,14207.0805,85,633.4514921,104,0.069530343,5493.963821,159,24704.53442,102,1101.501761,125,0.153868074,10180.50804,415,45778.37049,267,2041.121475,326,2.951176781,5265.78002,159,23678.46749,102,1055.752487,125,0.166744063,6143.410024,658,27624.87874,423,1231.711235,517,0.694015831,13164.45005,850,59196.16873,546,2639.381217,668,0.235443752,0.21615029,0,0.6,0.754737136,0.233609114,0.01165375,0.561578766,0.394299984,0.04412125,1,1,0.02,0.68204675,0,0.29795325,1,0.74,0.26,0.92,0.08,0.96,0.04,0.15,0.85,1,1,0,0.01,0.99,0.35,0.65
Xi'an City,Extra-large-cities,9,陕西省,341.2616,306.0191495,3816.225908,132,13415.95697,85,767.8171224,104,0.874325903,6635.992828,159,23328.85851,102,1335.148663,125,2.170564888,12296.72792,415,43229.19468,267,2474.077394,326,22.42747608,6360.376513,159,22359.92828,102,1279.695204,125,0.838742872,7420.439265,658,26086.583,423,1492.977738,517,8.931340769,15900.94128,850,55899.82071,546,3199.23801,668,0.217391469,0.166003705,20.49946492,0.6,0.707900781,0.208599219,0.0835,0.518569602,0.314930398,0.1665,1,1,0.02,0.013248421,0.885273042,0.081478537,1,0.74,0.26,0.92,0.08,0.96,0.04,0.15,0.85,1,1,0,0.01,0.99,0.35,0.65
Xining City,Medium-small-cities,9,青海省,49.0554,40.5603497,3162.472111,132,14311.06507,85,526.4628203,104,0.239879707,5499.187615,159,24885.35204,102,915.4603486,125,0.384634702,10190.18791,415,46113.43189,267,1696.380199,326,6.133475946,5270.786852,159,23851.77511,102,877.4380338,125,0.306053419,6149.251327,658,27827.07097,423,1023.677706,517,1.431006526,13176.96713,850,59629.43779,546,2193.595084,668,0.158188042,0.170358879,3.475287413,0.6,0.741758852,0.246587398,0.01165375,0.539673211,0.416205539,0.04412125,1,1,0.02,0.68204675,0,0.29795325,1,0.74,0.26,0.92,0.08,0.96,0.04,0.15,0.85,1,1,0,0.01,0.99,0.35,0.65
Xishuangbanna Dai Autonomous Prefecture,Medium-small-cities,9,云南省,20.74,17.63163825,1876.57563,132,15539.65336,85,583.7710084,104,0.058097597,3263.156513,159,27021.73057,102,1015.11292,125,0.088690051,6046.743697,415,50072.21639,267,1881.039916,326,2.369932879,3127.62605,159,25899.42227,102,972.9516807,125,0.13977103,3648.897059,658,30215.99265,423,1135.110294,517,0.451870196,7819.065126,850,64748.55567,546,2432.379202,668,0.208521495,0.162922659,1.881171698,0.6,0.728780568,0.259565682,0.01165375,0.517767656,0.438111094,0.04412125,1,1,0.02,0.68204675,0,0.29795325,1,0.74,0.26,0.92,0.08,0.96,0.04,0.15,0.85,1,1,0,0.01,0.99,0.35,0.65
Xianning City,Medium-small-cities,9,湖北省,26.43,23.26734351,2812.923363,132,14717.59064,85,469.4859948,104,0.085543975,4891.361181,159,25592.25484,102,816.3839799,125,0.190234977,9063.86417,415,47423.34762,267,1512.788206,326,1.96936436,4688.205605,159,24529.31774,102,782.476658,125,0.179426171,5469.573206,658,28617.53736,423,912.8894344,517,0.738087003,11720.51401,850,61323.29434,546,1956.191645,668,0.227538471,0.19860741,0,0.6,0.728780568,0.259565682,0.01165375,0.517767656,0.438111094,0.04412125,1,1,0.02,0.68204675,0,0.29795325,1,0.74,0.26,0.92,0.08,0.96,0.04,0.15,0.85,1,1,0,0.01,0.99,0.35,0.65
Xianyang City,Medium-small-cities,9,陕西省,45.2991,40.62101348,3177.837774,132,14260.12443,85,562.0377979,104,0.116058111,5525.906797,159,24796.77192,102,977.3212818,125,0.288121007,10239.6995,415,45949.28982,267,1811.010682,326,2.977025489,5296.396291,159,23766.87405,102,936.7296631,125,0.111334815,6179.129006,658,27728.01972,423,1092.851274,517,1.185547095,13240.99073,850,59417.18512,546,2341.824158,668,0.221263407,0.192290679,0,0.6,0.754737136,0.233609114,0.01165375,0.561578766,0.394299984,0.04412125,1,1,0.02,0.68204675,0,0.29795325,1,0.74,0.26,0.92,0.08,0.96,0.04,0.15,0.85,1,1,0,0.01,0.99,0.35,0.65
Xiangtan City,Medium-small-cities,9,湖南省,38.4975,34.40577231,1814.954683,132,15539.27492,85,645.7703927,104,0.186956518,3156.004532,159,27021.07251,102,1122.922961,125,0.27355158,5848.187311,415,50070.99698,267,2080.81571,326,2.626272796,3024.924471,159,25898.79154,102,1076.283988,125,0.218930079,3529.07855,658,30215.2568,423,1255.664653,517,0.786016715,7562.311178,850,64746.97885,546,2690.70997,668,0.229550243,0.196413838,0,0.6,0.715802284,0.272543966,0.01165375,0.495862102,0.460016648,0.04412125,1,1,0.02,0.68204675,0,0.29795325,1,0.74,0.26,0.92,0.08,0.96,0.04,0.15,0.85,1,1,0,0.01,0.99,0.35,0.65
Xiangyang City,Largecities,9,湖北省,79.7164,70.17740683,2596.206347,132,14997.77337,85,406.0202784,104,0.258012021,4514.51437,159,26079.46148,102,706.0241508,125,0.573774025,8365.553784,415,48326.15865,267,1308.287564,326,5.939865193,4327.010578,159,24996.28896,102,676.700464,125,0.541173228,5048.179008,658,29162.33712,423,789.4838747,517,2.226168702,10817.52645,850,62490.72239,546,1691.75116,668,0.231967914,0.195421253,4.748231411,0.6,0.734725682,0.244249318,0.021025,0.5408645,0.3916605,0.067475,1,1,0.02,0.465223316,0.453325723,0.061450961,1,0.74,0.26,0.92,0.08,0.96,0.04,0.15,0.85,1,1,0,0.01,0.99,0.35,0.65
Xiaogan City,Medium-small-cities,9,湖北省,31.4296,27.6686833,2619.584771,132,14973.46336,85,406.9518663,104,0.101725801,4555.166851,159,26037.18907,102,707.6440786,125,0.226220553,8440.884261,415,48247.82639,267,1311.289347,326,2.341896863,4365.974618,159,24955.77227,102,678.2531104,125,0.213367113,5093.637054,658,29115.06765,423,791.2952955,517,0.877706367,10914.93654,850,62389.43068,546,1695.632776,668,0.194536853,0.174421573,0,0.6,0.741758852,0.246587398,0.01165375,0.539673211,0.416205539,0.04412125,1,1,0.02,0.68204675,0,0.29795325,1,0.74,0.26,0.92,0.08,0.96,0.04,0.15,0.85,1,1,0,0.01,0.99,0.35,0.65
Xinzhou City,Medium-small-cities,9,山西省,40.2784,35.65484221,3799.965748,132,13284.46652,85,915.5677342,104,0.069441592,6607.718217,159,23100.21122,102,1592.07056,125,0.205478808,12244.33408,415,42805.50323,267,2950.162699,326,2.520957459,6333.276246,159,22140.77753,102,1525.946224,125,0.072287559,7388.822287,658,25830.90712,423,1780.270594,517,1.755392369,15833.19061,850,55351.94383,546,3814.865559,668,0.263176719,0.225888539,0.366538738,0.6,0.754737136,0.233609114,0.01165375,0.561578766,0.394299984,0.04412125,1,1,0.02,0.68204675,0,0.29795325,1,0.74,0.26,0.92,0.08,0.96,0.04,0.15,0.85,1,1,0,0.01,0.99,0.35,0.65
Xinxiang City,Medium-small-cities,9,河南省,105.0265,92.69938151,4945.34712,132,12697.04579,85,357.6070901,104,0.238796213,8599.409158,159,22078.75185,102,621.8389956,125,0.518155071,15935.00739,415,40912.7031,267,1152.289513,326,7.532221378,8242.245199,159,21161.74298,102,596.0118168,125,0.259077535,9615.952733,658,24688.70015,423,695.3471196,517,3.778868295,20605.613,850,52904.35746,546,1490.029542,668,0.239885305,0.216047478,0,0.6,0.754737136,0.233609114,0.01165375,0.561578766,0.394299984,0.04412125,1,1,0.02,0.68204675,0,0.29795325,1,0.74,0.26,0.92,0.08,0.96,0.04,0.15,0.85,1,1,0,0.01,0.99,0.35,0.65
Xinyu City,Medium-small-cities,9,江西省,19.2386,16.54142562,3059.04059,132,14468.63469,85,472.3247232,104,0.045038694,5319.331693,159,25159.34809,102,821.3202132,125,0.097476603,9856.908569,415,46621.15621,267,1521.935219,326,1.56059076,5098.400984,159,24114.39114,102,787.2078721,125,0.122891295,5948.134481,658,28133.45633,423,918.4091841,517,0.871177031,12746.00246,850,60285.97786,546,1968.01968,668,0.227373704,0.197483581,0,0.6,0.702824,0.28552225,0.01165375,0.473956547,0.481922203,0.04412125,1,1,0.02,0.68204675,0,0.29795325,1,0.74,0.26,0.92,0.08,0.96,0.04,0.15,0.85,1,1,0,0.01,0.99,0.35,0.65
Xinyang City,Medium-small-cities,9,河南省,66.5127,58.70600422,2815.016403,132,14787.72741,85,397.2561885,104,0.151228318,4895.000746,159,25714.21488,102,690.7843722,125,0.328144733,9070.60841,415,47649.34387,267,1280.047718,326,4.770114027,4691.694005,159,24646.21235,102,662.0936475,125,0.164072366,5473.643006,658,28753.91441,423,772.4425887,517,2.393136335,11729.23501,850,61615.53087,546,1655.234119,668,0.24393109,0.180616586,0.527430007,0.6,0.741758852,0.246587398,0.01165375,0.539673211,0.416205539,0.04412125,1,1,0.02,0.68204675,0,0.29795325,1,0.74,0.26,0.92,0.08,0.96,0.04,0.15,0.85,1,1,0,0.01,0.99,0.35,0.65
Xingtai City,Medium-small-cities,9,河北省,141.2,122.27219,2427.314684,132,15108.35435,85,464.330962,104,0.189321128,4220.830534,159,26271.74952,102,807.4199506,125,0.580871643,7821.347315,415,48682.47514,267,1496.177544,326,11.57956863,4045.524473,159,25180.59059,102,773.8849366,125,0.380363357,4719.778552,658,29377.35569,423,902.8657594,517,6.19768529,10113.81118,850,62951.47647,546,1934.712342,668,0.271919872,0.214286227,0,0.6,0.754737136,0.233609114,0.01165375,0.561578766,0.394299984,0.04412125,1,1,0.02,0.68204675,0,0.29795325,1,0.74,0.26,0.92,0.08,0.96,0.04,0.15,0.85,1,1,0,0.01,0.99,0.35,0.65
Xuzhou City,Largecities,9,江苏省,151.4,140.1486352,3448.237052,132,13890.54183,85,661.2211215,104,0.314106234,5996.101096,159,24154.10884,102,1149.790061,125,0.916076915,11110.98606,415,44758.41255,267,2130.601391,326,5.137823742,5747.061753,159,23150.90304,102,1102.035202,125,0.889039923,6704.905379,658,27009.38689,423,1285.707736,517,3.994318009,14367.65438,850,57877.25761,546,2755.088006,668,0.25878471,0.198885183,3.161936008,0.6,0.721870455,0.257104545,0.021025,0.520250789,0.412274211,0.067475,1,1,0.02,0.465223316,0.453325723,0.061450961,1,0.74,0.26,0.92,0.08,0.96,0.04,0.15,0.85,1,1,0,0.01,0.99,0.35,0.65
Xuchang City,Largecities,9,河南省,70.6631,62.36926552,4035.133247,132,13460.02595,85,504.8408025,104,0.160664982,7016.648368,159,23405.48957,102,877.8620621,125,0.348621001,13002.09602,415,43371.19473,267,1626.709252,326,5.067769682,6725.222078,159,22433.37658,102,841.4013375,125,0.174310501,7846.092424,658,26172.27268,423,981.6348937,517,2.542468312,16813.0552,850,56083.44146,546,2103.503344,668,0.248121058,0.191436037,0,0.6,0.721870455,0.257104545,0.021025,0.520250789,0.412274211,0.067475,1,1,0.02,0.465223316,0.453325723,0.061450961,1,0.74,0.26,0.92,0.08,0.96,0.04,0.15,0.85,1,1,0,0.01,0.99,0.35,0.65
Xuancheng City,Medium-small-cities,9,安徽省,43.3812,37.15431851,5051.580699,132,12440.69408,85,507.7252199,104,0.11861184,8784.137549,159,21632.98471,102,882.8777434,125,0.272759211,16277.31559,415,40086.68093,267,1636.003486,326,3.695695225,8419.301165,159,20734.49014,102,846.2086998,125,0.152226531,9822.518026,658,24190.23849,423,987.2434831,517,1.987588687,21048.25291,850,51836.22534,546,2115.521749,668,0.204932891,0.16023828,0,0.6,0.715802284,0.272543966,0.01165375,0.495862102,0.460016648,0.04412125,1,1,0.02,0.68204675,0,0.29795325,1,0.74,0.26,0.92,0.08,0.96,0.04,0.15,0.85,1,1,0,0.01,0.99,0.35,0.65
Ya'an City,Medium-small-cities,9,四川省,32.12,28.77523309,2486.06063,132,14886.73481,85,627.2045593,104,0.059001527,4322.983206,159,25886.37775,102,1090.639039,125,0.207717703,8010.639807,415,47968.36772,267,2020.992469,326,2.146685679,4143.434383,159,24811.22468,102,1045.340932,125,0.168383352,4834.00678,658,28946.4288,423,1219.564421,517,0.762978645,10358.58596,850,62028.06171,546,2613.35233,668,0.245785296,0.190209279,0,0.6,0.715802284,0.272543966,0.01165375,0.495862102,0.460016648,0.04412125,1,1,0.02,0.68204675,0,0.29795325,1,0.74,0.26,0.92,0.08,0.96,0.04,0.15,0.85,1,1,0,0.01,0.99,0.35,0.65
Yantai City,Largecities,9,山东省,174.1372,153.1386086,3239.599538,132,14113.59176,85,646.8086992,104,0.300418678,5633.30364,159,24541.9679,102,1124.72846,125,0.991906061,10438.70962,415,45477.12901,267,2084.161364,326,12.76142586,5399.332563,159,23522.65294,102,1078.014499,125,0.598589836,6299.221323,658,27443.09509,423,1257.683582,517,6.346250936,13498.33141,850,58806.63235,546,2695.036247,668,0.245627267,0.204208153,5.275635982,0.6,0.747580909,0.231394091,0.021025,0.561478211,0.371046789,0.067475,1,1,0.02,0.465223316,0.453325723,0.061450961,1,0.74,0.26,0.92,0.08,0.96,0.04,0.15,0.85,1,0.9,0.1,0.01,0.99,0.35,0.65
Yan'an City,Medium-small-cities,9,陕西省,37.3688,33.50968405,4153.316201,132,13017.98896,85,828.6948439,104,0.095740364,7222.155394,159,22636.83635,102,1441.008256,125,0.23768102,13382.90776,415,41946.8533,267,2670.238941,326,2.455851664,6922.193668,159,21696.64826,102,1381.158073,125,0.091843954,8075.892613,658,25312.7563,423,1611.351085,517,0.977998951,17305.48417,850,54241.62065,546,3452.895183,668,0.255881204,0.224559321,0.448705548,0.6,0.754737136,0.233609114,0.01165375,0.561578766,0.394299984,0.04412125,1,1,0.02,0.68204675,0,0.29795325,1,0.74,0.26,0.92,0.08,0.96,0.04,0.15,0.85,1,1,0,0.01,0.99,0.35,0.65
Yancheng City,Largecities,9,江苏省,136.38,126.2448538,2738.151701,132,14731.49986,85,530.3484372,104,0.282944572,4761.341568,159,25616.44143,102,922.2170048,125,0.825195309,8822.933258,415,47468.16622,267,1708.90052,326,4.628113619,4563.586168,159,24552.49977,102,883.9140621,125,0.800840586,5324.183863,658,28644.58307,423,1031.233072,517,3.598052114,11408.96542,850,61381.24943,546,2209.785155,668,0.24112047,0.190985769,1.15E+00,0.6,0.734725682,0.244249318,0.021025,0.5408645,0.3916605,0.067475,1,1,0.02,0.465223316,0.453325723,0.061450961,1,0.74,0.26,0.92,0.08,0.96,0.04,0.15,0.85,1,0.9,0.1,0.01,0.99,0.35,0.65
Yangzhou City,Largecities,9,江苏省,82.73,76.58187971,4736.212373,132,12537.37217,85,726.4154598,104,0.171638103,8235.747071,159,21801.09716,102,1263.155772,125,0.500574922,15261.12876,415,40398.19921,267,2340.672037,326,2.807477927,7893.687288,159,20895.62028,102,1210.692433,125,0.48580101,9209.301836,658,24378.22366,423,1412.474505,517,2.182628328,19734.21822,850,52239.0507,546,3026.731083,668,0.237812186,0.175381149,2.356143755,0.6,0.747580909,0.231394091,0.021025,0.561478211,0.371046789,0.067475,1,1,0.02,0.465223316,0.453325723,0.061450961,1,0.74,0.26,0.92,0.08,0.96,0.04,0.15,0.85,1,1,0,0.01,0.99,0.35,0.65
Yangjiang City,Medium-small-cities,9,广东省,42.9027,38.08885444,3458.124968,132,13721.161,85,820.7140363,104,0.095114808,6013.295083,159,23859.5744,102,1427.130519,125,0.324019512,11142.84712,415,44212.62988,267,2644.523006,326,3.404147879,5763.541613,159,22868.60166,102,1367.856727,125,0.205958719,6724.131882,658,26680.03527,423,1595.832848,517,0.784604643,14408.85403,850,57171.50415,546,3419.641818,668,0.232228015,0.204000061,0,0.6,0.702824,0.28552225,0.01165375,0.473956547,0.481922203,0.04412125,1,1,0.02,0.68204675,0,0.29795325,1,0.74,0.26,0.92,0.08,0.96,0.04,0.15,0.85,1,0.9,0.1,0.01,0.99,0.35,0.65
Yangquan City,Medium-small-cities,9,山西省,25.2758,22.37439076,3635.918082,132,13475.58201,85,888.4999125,104,0.043576502,6322.457553,159,23432.53982,102,1545.002626,125,0.128943584,11715.73604,415,43421.3198,267,2862.944162,326,1.581969903,6059.863469,159,22459.30334,102,1480.833187,125,0.045362424,7069.840714,658,26202.52057,423,1727.638719,517,1.101556826,15149.65867,850,56148.25836,546,3702.082969,668,0.220639952,0.213403904,0,0.6,0.741758852,0.246587398,0.01165375,0.539673211,0.416205539,0.04412125,1,1,0.02,0.68204675,0,0.29795325,1,0.74,0.26,0.92,0.08,0.96,0.04,0.15,0.85,1,1,0,0.01,0.99,0.35,0.65
Yichun City (Heilongjiang),Medium-small-cities,9,黑龙江省,8.5064,7.25321612,3562.86611,132,13971.92696,85,465.2069302,104,0.034810663,6195.42829,159,24295.62855,102,808.943162,125,0.084540182,11480.34635,415,45020.65354,267,1499.000108,326,0.723896032,5938.110183,159,23286.54493,102,775.3448837,125,0.069455562,6927.795213,658,27167.63576,423,904.569031,517,0.34048144,14845.27546,850,58216.36233,546,1938.362209,668,0.248038594,0.231578042,0.105617504,0.6,0.728780568,0.259565682,0.01165375,0.517767656,0.438111094,0.04412125,1,1,0.02,0.68204675,0,0.29795325,1,0.74,0.26,0.92,0.08,0.96,0.04,0.15,0.85,1,1,0,0.01,0.99,0.35,0.65
Yibin City,Medium-small-cities,9,四川省,79.81,71.49910813,1961.703767,132,15441.6759,85,596.6203312,104,0.146603731,3411.184884,159,26851.35865,102,1037.456465,125,0.516125463,6321.045472,415,49756.51124,267,1922.443289,326,5.333965879,3269.506279,159,25736.1265,102,994.3672187,125,0.418389643,3814.423992,658,30025.48092,423,1160.095088,517,1.89580715,8173.765697,850,64340.31626,546,2485.918047,668,0.257250947,0.206585533,0.618006073,0.6,0.728780568,0.259565682,0.01165375,0.517767656,0.438111094,0.04412125,1,1,0.02,0.68204675,0,0.29795325,1,0.74,0.26,0.92,0.08,0.96,0.04,0.15,0.85,1,1,0,0.01,0.99,0.35,0.65
Yichang City,Largecities,9,湖北省,69.3144,61.02012695,2650.214758,132,14927.54892,85,422.2363219,104,0.224344657,4608.428995,159,25957.34896,102,734.2220487,125,0.498903642,8539.580886,415,48099.87985,267,1360.53926,326,5.164786567,4417.024596,159,24879.2482,102,703.7272032,125,0.470556844,5153.195362,658,29025.78957,423,821.0150704,517,1.935681339,11042.56149,850,62198.1205,546,1759.318008,668,0.211792718,0.193985351,5.506287002,0.6,0.721870455,0.257104545,0.021025,0.520250789,0.412274211,0.067475,1,1,0.02,0.465223316,0.453325723,0.061450961,1,0.74,0.26,0.92,0.08,0.96,0.04,0.15,0.85,1,1,0,0.01,0.99,0.35,0.65
Yichun City (Jiangxi),Medium-small-cities,9,江西省,78.1102,67.15946396,2819.31645,132,14670.63348,85,510.0500689,104,0.182860573,4902.478049,159,25510.60155,102,886.9203976,125,0.395762526,9084.464117,415,47272.04122,267,1643.494667,326,6.336118862,4698.86075,159,24451.0558,102,850.0834482,125,0.498948136,5482.004209,658,28526.23177,423,991.7640229,517,3.537045945,11747.15188,850,61127.6395,546,2125.208621,668,0.217734564,0.186240671,0.532642936,0.6,0.702824,0.28552225,0.01165375,0.473956547,0.481922203,0.04412125,1,1,0.02,0.68204675,0,0.29795325,1,0.74,0.26,0.92,0.08,0.96,0.04,0.15,0.85,1,1,0,0.01,0.99,0.35,0.65
Yiyang City,Medium-small-cities,9,湖南省,45.4055,40.57955178,1690.919138,132,15830.53969,85,478.5411678,104,0.220504037,2940.320501,159,27527.54958,102,832.1299196,125,0.322637736,5448.517222,415,51009.51679,267,1541.965985,326,3.097531774,2818.198563,159,26384.23282,102,797.568613,125,0.258214942,3287.898324,658,30781.60496,423,930.4967152,517,0.927059729,7045.496408,850,65960.58206,546,1993.921533,668,0.195220962,0.19774029,0,0.6,0.715802284,0.272543966,0.01165375,0.495862102,0.460016648,0.04412125,1,1,0.02,0.68204675,0,0.29795325,1,0.74,0.26,0.92,0.08,0.96,0.04,0.15,0.85,1,1,0,0.01,0.99,0.35,0.65
Yinchuan City,Medium-small-cities,9,宁夏回族自治区,92.7,72.17623301,4598.461568,132,12675.79024,85,725.7481947,104,0.218841319,7996.213727,159,22041.7908,102,1261.995472,125,0.585548395,14817.26505,415,40844.21299,267,2338.521961,326,14.57956358,7664.102614,159,21126.31706,102,1209.580324,125,0.484999681,8941.453049,658,24647.36991,423,1411.177045,517,4.654814011,19160.25653,850,52815.79265,546,3023.950811,668,0.222761057,0.218591997,4.976137287,0.6,0.754737136,0.233609114,0.01165375,0.561578766,0.394299984,0.04412125,1,1,0.02,0.68204675,0,0.29795325,1,0.74,0.26,0.92,0.08,0.96,0.04,0.15,0.85,1,1,0,0.01,0.99,0.35,0.65
Yingtan City,Medium-small-cities,9,江西省,14.3315,12.32228131,2770.320803,132,14871.87562,85,357.803582,104,0.033550885,4817.280063,159,25860.53926,102,622.1806731,125,0.0726137,8926.589254,415,47920.48809,267,1152.922653,326,1.162538151,4617.201338,159,24786.45936,102,596.3393033,125,0.091545985,5386.734895,658,28917.53592,423,695.7291872,517,0.648969968,11543.00335,850,61966.1484,546,1490.848258,668,0.242151404,0.199055543,0.00E+00,0.6,0.702824,0.28552225,0.01165375,0.473956547,0.481922203,0.04412125,1,1,0.02,0.68204675,0,0.29795325,1,0.74,0.26,0.92,0.08,0.96,0.04,0.15,0.85,1,1,0,0.01,0.99,0.35,0.65
Yingkou City,Medium-small-cities,9,辽宁省,46.1484,40.18687171,3918.839761,132,13502.58247,85,578.5777716,104,0.216469549,6814.426918,159,23479.49062,102,1006.082458,125,0.403861098,12627.37256,415,43508.32128,267,1864.306153,326,3.342892932,6531.399602,159,22504.30411,102,964.296286,125,0.23908577,7619.966202,658,26255.02146,423,1125.012334,517,1.759218945,16328.49901,850,56260.76028,546,2410.740715,668,0.208876621,0.199876692,0.274542907,0.6,0.741758852,0.246587398,0.01165375,0.539673211,0.416205539,0.04412125,1,1,0.02,0.68204675,0,0.29795325,1,0.74,0.26,0.92,0.08,0.96,0.04,0.15,0.85,1,0.9,0.1,0.01,0.99,0.35,0.65
Yongzhou City,Medium-small-cities,9,湖南省,47.2512,42.22908056,1545.2617,132,16071.34508,85,383.3932205,104,0.229467363,2687.0384,159,27946.28339,102,666.6782112,125,0.335752722,4979.176588,415,51785.44526,267,1235.378155,326,3.22344415,2575.436166,159,26785.57513,102,638.9887008,125,0.268711188,3004.675527,658,31249.83766,423,745.4868176,517,0.964744022,6438.590415,850,66963.93783,546,1597.471752,668,0.222495541,0.206589353,0.066001562,0.6,0.702824,0.28552225,0.01165375,0.473956547,0.481922203,0.04412125,1,1,0.02,0.68204675,0,0.29795325,1,0.74,0.26,0.92,0.08,0.96,0.04,0.15,0.85,1,1,0,0.01,0.99,0.35,0.65
Yulin City (Shaanxi),Largecities,9,陕西省,72.868,65.34284369,3313.347802,132,13986.50298,85,700.1492132,104,0.186690738,5761.543679,159,24320.97463,102,1217.481687,125,0.463470611,10676.34292,415,45067.62073,267,2256.036354,326,4.78883451,5522.246337,159,23310.83831,102,1166.915355,125,0.179092859,6442.620727,658,27195.97802,423,1361.401248,517,1.907067596,13805.61584,850,58277.09577,546,2917.288388,668,0.271919349,0.202025419,1.514227496,0.6,0.747580909,0.231394091,0.021025,0.561478211,0.371046789,0.067475,1,1,0.02,0.465223316,0.453325723,0.061450961,1,0.74,0.26,0.92,0.08,0.96,0.04,0.15,0.85,1,1,0,0.01,0.99,0.35,0.65
Yulin City (Guangxi),Medium-small-cities,9,广西壮族自治区,66.94,58.07914915,3738.541098,132,13652.41565,85,609.043247,104,0.16469983,6500.907577,159,23740.03389,102,1059.058535,125,0.391286869,12046.41021,415,43991.11711,267,1962.472685,326,5.719575915,6230.901831,159,22754.02609,102,1015.072078,125,0.495097671,7269.385469,658,26546.36377,423,1184.250758,517,2.09019057,15577.25458,850,56885.06523,546,2537.680196,668,0.238669257,0.22721495,0,0.6,0.715802284,0.272543966,0.01165375,0.495862102,0.460016648,0.04412125,1,1,0.02,0.68204675,0,0.29795325,1,0.74,0.26,0.92,0.08,0.96,0.04,0.15,0.85,1,1,0,0.01,0.99,0.35,0.65
Yuxi City,Medium-small-cities,9,云南省,46.8,39.78595323,1701.652369,132,15835.10853,85,463.2391042,104,0.131097759,2958.984397,159,27535.49427,102,805.5213311,125,0.200129912,5483.102078,415,51024.23859,267,1492.659336,326,5.347775252,2836.087282,159,26391.84754,102,772.0651736,125,0.315394609,3308.768496,658,30790.4888,423,900.7427025,517,1.019649237,7090.218205,850,65979.61886,546,1930.162934,668,0.239464713,0.217754958,0,0.6,0.741758852,0.246587398,0.01165375,0.539673211,0.416205539,0.04412125,1,1,0.02,0.68204675,0,0.29795325,1,0.74,0.26,0.92,0.08,0.96,0.04,0.15,0.85,1,1,0,0.01,0.99,0.35,0.65
Yueyang City,Largecities,9,湖南省,64.0815,57.27056298,1611.315637,132,15964.05735,85,424.6270103,104,0.311200834,2801.898857,159,27759.72195,102,738.3791901,125,0.455343738,5192.017051,415,51439.74036,267,1368.242589,326,4.371595564,2685.526061,159,26606.76226,102,707.7116838,125,0.364422829,3133.113738,658,31041.22263,423,825.6636311,517,1.308374053,6713.815152,850,66516.90564,546,1769.279209,668,0.212965397,0.19351052,0.344631696,0.6,0.721870455,0.257104545,0.021025,0.520250789,0.412274211,0.067475,1,1,0.02,0.465223316,0.453325723,0.061450961,1,0.74,0.26,0.92,0.08,0.96,0.04,0.15,0.85,1,1,0,0.01,0.99,0.35,0.65
Yunfu City,Medium-small-cities,9,广东省,35.9123,31.88280382,3037.773472,132,14171.0528,85,791.173725,104,0.079617169,5282.350537,159,24641.88626,102,1375.7632,125,0.271225026,9788.381186,415,45662.28126,267,2549.337558,326,2.84948919,5062.955786,159,23618.42134,102,1318.622875,125,0.172400602,5906.78175,658,27554.8249,423,1538.393354,517,0.656764197,12657.38946,850,59046.05335,546,3296.557188,668,0.238483759,0.189752948,0,0.6,0.715802284,0.272543966,0.01165375,0.495862102,0.460016648,0.04412125,1,1,0.02,0.68204675,0,0.29795325,1,0.74,0.26,0.92,0.08,0.96,0.04,0.15,0.85,1,1,0,0.01,0.99,0.35,0.65
Yuncheng City,Medium-small-cities,9,山西省,91.3089,80.8275508,4985.274767,132,12334.60743,85,680.1178019,104,0.157420239,8668.8389,159,21448.51181,102,1182.649289,125,0.465809068,16063.66314,415,39744.84617,267,2191.490695,326,5.714870811,8308.791278,159,20557.67905,102,1133.52967,125,0.163871888,9693.589824,658,23983.95889,423,1322.451281,517,3.979377192,20771.97819,850,51394.19763,546,2833.824174,668,0.248748382,0.239103462,2.390952464,0.6,0.754737136,0.233609114,0.01165375,0.561578766,0.394299984,0.04412125,1,1,0.02,0.68204675,0,0.29795325,1,0.74,0.26,0.92,0.08,0.96,0.04,0.15,0.85,1,1,0,0.01,0.99,0.35,0.65
Zaozhuang City,Medium-small-cities,9,山东省,83.1533,73.12613655,4080.476334,132,13232.03037,85,687.4932923,104,0.143454727,7095.494959,159,23009.03059,102,1195.474447,125,0.473651019,13148.20152,415,42636.54231,267,2215.256164,326,6.093785089,6800.79389,159,22053.38396,102,1145.822154,125,0.285836227,7934.259538,658,25728.94795,423,1336.792513,517,3.030436391,17001.98473,850,55133.45989,546,2864.555385,668,0.234170095,0.207373238,0,0.6,0.741758852,0.246587398,0.01165375,0.539673211,0.416205539,0.04412125,1,1,0.02,0.68204675,0,0.29795325,1,0.74,0.26,0.92,0.08,0.96,0.04,0.15,0.85,1,1,0,0.01,0.99,0.35,0.65
Zhanjiang City,Largecities,9,广东省,67.64,60.05053561,2404.206818,132,15068.14143,85,527.6517551,104,0.149957127,4180.648522,159,26201.8237,102,917.5277741,125,0.510846165,7746.888636,415,48552.90015,267,1700.211211,326,5.36694806,4007.011363,159,25113.56904,102,879.4195918,125,0.324712611,4674.846591,658,29299.16389,423,1025.989524,517,1.237000423,10017.52841,850,62783.92261,546,2198.54898,668,0.250217098,0.207308511,1.90E+00,0.6,0.721870455,0.257104545,0.021025,0.520250789,0.412274211,0.067475,1,1,0.02,0.465223316,0.453325723,0.061450961,1,0.74,0.26,0.92,0.08,0.96,0.04,0.15,0.85,1,0.9,0.1,0.01,0.99,0.35,0.65
Zhangjiajie City,Medium-small-cities,9,湖南省,16.9139,15.11619696,1899.966876,132,15776.0848,85,323.9483273,104,0.08213946,3303.831291,159,27432.85856,102,563.3101468,125,0.120185053,6122.115491,415,50834.05101,267,1043.833499,326,1.153854548,3166.611461,159,26293.47466,102,539.9138788,125,0.096187063,3694.380038,658,30675.72044,423,629.8995252,517,0.345336921,7916.528652,850,65733.68665,546,1349.784697,668,0.181790958,0.188064932,1.51E+00,0.6,0.715802284,0.272543966,0.01165375,0.495862102,0.460016648,0.04412125,1,1,0.02,0.68204675,0,0.29795325,1,0.74,0.26,0.92,0.08,0.96,0.04,0.15,0.85,1,1,0,0.01,0.99,0.35,0.65
Zhangjiakou City,Medium-small-cities,9,河北省,64.41,55.77586229,4771.969154,132,12225.69943,85,1002.33142,104,0.086361005,8297.924139,159,21259.13289,102,1742.94297,125,0.264971264,15376.34505,415,39393.92037,267,3229.734577,326,5.282153083,7953.281923,159,20376.16571,102,1670.552367,125,0.173507109,9278.82891,658,23772.19333,423,1948.977762,517,2.827145251,19883.20481,850,50940.41428,546,4176.380918,668,0.252115877,0.191801604,0.210146727,0.6,0.754737136,0.233609114,0.01165375,0.561578766,0.394299984,0.04412125,1,1,0.02,0.68204675,0,0.29795325,1,0.74,0.26,0.92,0.08,0.96,0.04,0.15,0.85,1,1,0,0.01,0.99,0.35,0.65
Zhangye City,Medium-small-cities,9,甘肃省,20.5,16.73295221,3320.67416,132,14074.61154,85,604.7143004,104,0.064907652,5774.2834,159,24474.18562,102,1051.530978,125,0.143638229,10699.95007,415,45351.52607,267,1948.523857,326,2.754969217,5534.456933,159,23457.6859,102,1007.857167,125,0.155658165,6456.866421,658,27367.30022,423,1175.833362,517,0.647874524,13836.14233,850,58644.21475,546,2519.642918,668,0.160979791,0.225968309,0.130500218,0.6,0.754737136,0.233609114,0.01165375,0.561578766,0.394299984,0.04412125,1,1,0.02,0.68204675,0,0.29795325,1,0.74,0.26,0.92,0.08,0.96,0.04,0.15,0.85,1,1,0,0.01,0.99,0.35,0.65
Zhangzhou City,Largecities,9,福建省,60.88,53.23574955,4387.107018,132,12762.62305,85,850.269927,104,0.198540292,7628.691648,159,22192.78342,102,1478.524929,125,0.319820562,14136.23372,415,41124.00762,267,2739.758654,326,5.678611714,7311.84503,159,21271.03842,102,1417.116545,125,0.180572845,8530.485869,658,24816.2115,423,1653.302636,517,1.266705033,18279.61258,850,53177.59606,546,3542.791362,668,0.226845578,0.202976806,0,0.6,0.69616,0.282815,0.021025,0.479023368,0.453501632,0.067475,1,1,0.02,0.465223316,0.453325723,0.061450961,1,0.74,0.26,0.92,0.08,0.96,0.04,0.15,0.85,1,0.9,0.1,0.01,0.99,0.35,0.65
Changchun City,Largecities,9,吉林省,181.7334,160.7398775,5201.91525,132,11970.05633,85,828.0284219,104,0.542342782,9045.552628,159,20814.59795,102,1439.849423,125,1.461087644,16761.72692,415,38570.1815,267,2668.091582,326,12.06915057,8669.858749,159,19950.09388,102,1380.04737,125,0.740662158,10114.83521,658,23275.10953,423,1610.055265,517,6.180279315,21674.64687,850,49875.2347,546,3450.118425,668,0.237856381,0.187270881,6.307352058,0.6,0.721870455,0.257104545,0.021025,0.520250789,0.412274211,0.067475,1,1,0.02,0.465223316,0.453325723,0.061450961,1,0.74,0.26,0.92,0.08,0.96,0.04,0.15,0.85,1,1,0,0.01,0.99,0.35,0.65
Changsha City,Extra-large-cities,9,湖南省,263.0833,235.1213486,2429.706263,132,14802.14299,85,768.1507482,104,1.277619007,4224.989223,159,25739.28198,102,1335.728801,125,1.86939028,7829.053513,415,47695.79408,267,2475.152411,326,17.94736058,4049.510438,159,24670.23832,102,1280.251247,125,1.496119169,4724.428844,658,28781.9447,423,1493.626455,517,5.371462332,10123.77609,850,61675.59579,546,3200.628117,668,0.225471755,0.16446221,9.709641141,0.6,0.685942969,0.230557031,0.0835,0.485419034,0.348080966,0.1665,1,1,0.02,0.013248421,0.885273042,0.081478537,1,0.74,0.26,0.92,0.08,0.96,0.04,0.15,0.85,1,1,0,0.01,0.99,0.35,0.65
Changzhi City,Medium-small-cities,9,山西省,60.5,53.55520462,4969.782267,132,12460.96531,85,569.2524216,104,0.104304449,8641.899164,159,21668.23413,102,989.8667108,125,0.308638573,16013.74286,415,40151.99934,267,1834.257803,326,3.786593466,8282.970445,159,20768.27552,102,948.7540359,125,0.108579221,9663.465519,658,24229.65477,423,1106.879709,517,2.636679668,20707.42611,850,51920.6888,546,2371.88509,668,0.248682117,0.220141925,0.723016966,0.6,0.754737136,0.233609114,0.01165375,0.561578766,0.394299984,0.04412125,1,1,0.02,0.68204675,0,0.29795325,1,0.74,0.26,0.92,0.08,0.96,0.04,0.15,0.85,1,1,0,0.01,0.99,0.35,0.65
Zhaotong City,Medium-small-cities,9,云南省,38.37,32.61938089,1864.623244,132,15739.4636,85,395.9131545,104,0.107483355,3242.372641,159,27369.17837,102,688.4489854,125,0.16408087,6008.230453,415,50716.04938,267,1275.720165,326,4.384490094,3107.705407,159,26232.43934,102,659.8552576,125,0.258583144,3625.656308,658,30604.51256,423,769.8311338,517,0.83598165,7769.263516,850,65581.09834,546,1649.638144,668,0.239232762,0.200842074,0.255062185,0.6,0.728780568,0.259565682,0.01165375,0.517767656,0.438111094,0.04412125,1,1,0.02,0.68204675,0,0.29795325,1,0.74,0.26,0.92,0.08,0.96,0.04,0.15,0.85,1,1,0,0.01,0.99,0.35,0.65
Zhaoqing City,Medium-small-cities,9,广东省,60.1702,53.41887549,3328.261036,132,14017.82031,85,653.9186522,104,0.133396663,5787.476135,159,24375.43199,102,1137.091879,125,0.454431046,10724.39667,415,45168.53211,267,2107.071213,326,4.774251008,5547.101727,159,23363.03385,102,1089.86442,125,0.288853086,6471.618682,658,27256.87283,423,1271.50849,517,1.100392709,13867.75432,850,58407.58463,546,2724.661051,668,0.244415623,0.210981963,0,0.6,0.715802284,0.272543966,0.01165375,0.495862102,0.460016648,0.04412125,1,1,0.02,0.68204675,0,0.29795325,1,0.74,0.26,0.92,0.08,0.96,0.04,0.15,0.85,1,1,0,0.01,0.99,0.35,0.65
Zhenjiang City,Largecities,9,江苏省,64.75,59.93807218,4499.334649,132,12825.6681,85,674.997256,104,0.134335394,7823.843028,159,22302.41174,102,1173.745229,125,0.391783225,14497.85609,415,41327.15275,267,2174.991158,326,2.197318938,7498.891081,159,21376.11349,102,1124.995427,125,0.380220178,8748.706261,658,24938.79907,423,1312.494665,517,1.708270086,18747.2277,850,53440.28373,546,2812.488567,668,0.233695771,0.173926682,0,0.6,0.734725682,0.244249318,0.021025,0.5408645,0.3916605,0.067475,1,1,0.02,0.465223316,0.453325723,0.061450961,1,0.74,0.26,0.92,0.08,0.96,0.04,0.15,0.85,1,1,0,0.01,0.99,0.35,0.65
Zhengzhou City,Extra-large-cities,9,河南省,379.4752,334.9356242,5412.887828,132,11765.67585,85,821.4363202,104,0.862803586,9412.410501,159,20459.20301,102,1428.38649,125,1.872165588,17441.52745,415,37911.62219,267,2646.850365,326,27.21495255,9021.479714,159,19609.45975,102,1369.060534,125,0.936082794,10525.05967,658,22877.70304,423,1597.237289,517,13.65357126,22553.69928,850,49023.64938,546,3422.651334,668,0.221376162,0.180024139,13.75773728,0.6,0.707900781,0.208599219,0.0835,0.518569602,0.314930398,0.1665,1,1,0.02,0.013248421,0.885273042,0.081478537,1,0.74,0.26,0.92,0.08,0.96,0.04,0.15,0.85,1,1,0,0.01,0.99,0.35,0.65
Zhongshan City,Largecities,9,广东省,120.6398,107.1035572,5391.278793,132,11864.47092,85,744.250289,104,0.267457093,9374.83479,159,20630.99665,102,1294.168558,125,0.911123288,17371.89833,415,38229.96185,267,2398.13982,326,9.57225814,8985.464655,159,19774.1182,102,1240.417148,125,0.579143472,10483.0421,658,23069.80456,423,1447.15334,517,2.206260846,22463.66164,850,49435.29549,546,3101.042871,668,0.208118497,0.200789711,0,0.6,0.709015227,0.269959773,0.021025,0.499637079,0.432887921,0.067475,1,1,0.02,0.465223316,0.453325723,0.061450961,1,0.74,0.26,0.92,0.08,0.96,0.04,0.15,0.85,1,0.9,0.1,0.01,0.99,0.35,0.65
Zhongwei City,Medium-small-cities,9,宁夏回族自治区,15.42,12.00601416,3272.570215,132,14269.70006,85,457.7297281,104,0.036402731,5690.635985,159,24813.42288,102,795.9411383,125,0.097401901,10544.94847,415,45980.14463,267,1474.906902,326,2.425208958,5454.283691,159,23782.83343,102,762.8828801,125,0.080676322,6363.330973,658,27746.639,423,890.0300268,517,0.774295923,13635.70923,850,59457.08357,546,1907.2072,668,0.268764446,0.251186248,3.322786501,0.6,0.754737136,0.233609114,0.01165375,0.561578766,0.394299984,0.04412125,1,1,0.02,0.68204675,0,0.29795325,1,0.74,0.26,0.92,0.08,0.96,0.04,0.15,0.85,1,1,0,0.01,0.99,0.35,0.65
Chongqing,Megacities,9,重庆市,459.5,411.9610346,1593.296,132,16072.80072,85,333.9032843,104,1.089976279,2770.56471,159,27948.81458,102,580.620711,125,3.119932102,5133.953777,415,51790.13564,267,1075.910583,326,29.06936737,2655.493333,159,26788.00119,102,556.5054738,125,2.489945812,3098.075555,658,31252.66806,423,649.2563861,517,11.76974386,6638.733332,850,66970.00298,546,1391.263685,668,0.218634464,0.183099336,21.50672437,0.6,0.5,0.17,0.33,0.4,0.17,0.43,1,1,0.02,0.112,0.476341463,0.391658537,1,0.74,0.26,0.92,0.08,0.96,0.04,0.15,0.85,1,1,0,0.01,0.99,0.35,0.65
Zhoushan City,Medium-small-cities,9,浙江省,19.5935,17.72169346,7227.937706,132,10376.59273,85,395.4695611,104,0.037866866,12568.58057,159,18043.74181,102,687.6776257,125,0.088750468,23290.0215,415,33435.68769,267,1274.290808,326,1.393145681,12046.56284,159,17294.32122,102,659.1159352,125,0.046268577,14054.32332,658,20176.70809,423,768.9685911,517,0.305774946,30116.40711,850,43235.80305,546,1647.789838,668,0.19172537,0.185736762,1.696102144,0.6,0.715802284,0.272543966,0.01165375,0.495862102,0.460016648,0.04412125,1,1,0.02,0.68204675,0,0.29795325,1,0.74,0.26,0.92,0.08,0.96,0.04,0.15,0.85,1,0.9,0.1,0.01,0.99,0.35,0.65
Zhoukou City,Largecities,9,河南省,98.4355,86.8819771,2382.727348,132,15233.13088,85,384.1417755,104,0.223810416,4143.298111,159,26488.72202,102,667.9798652,125,0.485637944,7677.677011,415,49084.53282,267,1237.790166,326,7.05953238,3971.212247,159,25388.55146,102,640.2362925,125,0.242818972,4633.080955,658,29619.9767,423,746.9423413,517,3.541723185,9928.030618,850,63471.37865,546,1600.590731,668,0.241867067,0.201824584,0,0.6,0.734725682,0.244249318,0.021025,0.5408645,0.3916605,0.067475,1,1,0.02,0.465223316,0.453325723,0.061450961,1,0.74,0.26,0.92,0.08,0.96,0.04,0.15,0.85,1,1,0,0.01,0.99,0.35,0.65
Zhuhai City,Largecities,9,广东省,68.8579,61.13178262,11130.47519,132,4803.378388,85,2066.146424,104,0.152657197,19354.65963,159,8352.541307,102,3592.79906,125,0.520044266,35864.8645,415,15477.55258,267,6657.582922,326,5.463583277,18550.79198,159,8005.630646,102,3443.577374,125,0.330559262,21642.59064,658,9339.90242,423,4017.506936,517,1.25927338,46376.97995,850,20014.07662,546,8608.943434,668,0.214435635,0.173499064,5.792821374,0.6,0.709015227,0.269959773,0.021025,0.499637079,0.432887921,0.067475,1,1,0.02,0.465223316,0.453325723,0.061450961,1,0.74,0.26,0.92,0.08,0.96,0.04,0.15,0.85,1,0.9,0.1,0.01,0.99,0.35,0.65
Zhuzhou City,Largecities,9,湖南省,54.8513,49.0213998,1717.675823,132,15649.35999,85,632.9641881,104,0.266375948,2986.847404,159,27212.4982,102,1100.654394,125,0.389756731,5534.733209,415,50425.71552,267,2039.551273,326,3.74191771,2862.793039,159,26082.26665,102,1054.940314,125,0.311931929,3339.925212,658,30429.31109,423,1230.763699,517,1.119917881,7156.982597,850,65205.66662,546,2637.350784,668,0.175741779,0.179105736,0,0.6,0.69616,0.282815,0.021025,0.479023368,0.453501632,0.067475,1,1,0.02,0.465223316,0.453325723,0.061450961,1,0.74,0.26,0.92,0.08,0.96,0.04,0.15,0.85,1,1,0,0.01,0.99,0.35,0.65
Zhumadian City,Medium-small-cities,9,河南省,74.3745,65.64505291,2644.310717,132,14872.80077,85,482.8885112,104,0.169103502,4598.162525,159,25862.14801,102,839.6894667,125,0.366931435,8520.556755,415,47923.46915,267,1555.974092,326,5.333941423,4407.184528,159,24788.00129,102,804.8141853,125,0.183465717,5141.715283,658,28919.33483,423,938.9498829,517,2.676005008,11017.96132,850,61970.00322,546,2012.035463,668,0.250123752,0.177886854,0,0.6,0.754737136,0.233609114,0.01165375,0.561578766,0.394299984,0.04412125,1,1,0.02,0.68204675,0,0.29795325,1,0.74,0.26,0.92,0.08,0.96,0.04,0.15,0.85,1,1,0,0.01,0.99,0.35,0.65
Ziyang City,Medium-small-cities,9,四川省,32.24,28.88273708,2451.733681,132,15002.46158,85,545.8047387,104,0.059221956,4263.292457,159,26087.61375,102,949.0937955,125,0.208493734,7900.030751,415,48341.26509,267,1758.704158,326,2.154705675,4086.222802,159,25004.10263,102,909.6745644,125,0.169012431,4767.259936,658,29171.45307,423,1061.286992,517,0.765829125,10215.55701,850,62510.25658,546,2274.186411,668,0.246810401,0.182112655,0,0.6,0.728780568,0.259565682,0.01165375,0.517767656,0.438111094,0.04412125,1,1,0.02,0.68204675,0,0.29795325,1,0.74,0.26,0.92,0.08,0.96,0.04,0.15,0.85,1,1,0,0.01,0.99,0.35,0.65
Zibo City,Largecities,9,山东省,112.4472,98.88758837,4173.018946,132,13177.58512,85,649.39593,104,0.193992089,7256.416279,159,22914.35635,102,1129.227367,125,0.640512534,13446.39438,415,42461.10762,267,2092.497997,326,8.240551735,6955.031577,159,21962.64187,102,1082.32655,125,0.386532866,8114.203507,658,25623.08219,423,1262.714308,517,4.098022411,17387.57894,850,54906.60468,546,2705.816375,668,0.210874369,0.212347436,0,0.6,0.734725682,0.244249318,0.021025,0.5408645,0.3916605,0.067475,1,1,0.02,0.465223316,0.453325723,0.061450961,1,0.74,0.26,0.92,0.08,0.96,0.04,0.15,0.85,1,1,0,0.01,0.99,0.35,0.65
Zigong City,Medium-small-cities,9,四川省,44.04,39.45396219,1696.42048,132,15661.98459,85,641.5949252,104,0.080897485,2949.886724,159,27234.45099,102,1115.662287,125,0.284803476,5466.24377,415,50466.3948,267,2067.361426,326,2.943338646,2827.367467,159,26103.30766,102,1069.324875,125,0.230871819,3298.595378,658,30453.85893,423,1247.545688,517,1.046126386,7068.418668,850,65258.26914,546,2673.312188,668,0.258503678,0.199912891,0,0.6,0.728780568,0.259565682,0.01165375,0.517767656,0.438111094,0.04412125,1,1,0.02,0.68204675,0,0.29795325,1,0.74,0.26,0.92,0.08,0.96,0.04,0.15,0.85,1,1,0,0.01,0.99,0.35,0.65
Zunyi City,Largecities,9,贵州省,94.97,82.22688574,1475.806452,132,15940.35301,85,583.8405356,104,0.338884001,2566.263441,159,27718.50274,102,1015.23382,125,0.55763452,4755.376344,415,51363.35971,267,1881.263948,326,9.660883586,2459.677419,159,26567.25502,102,973.0675593,125,0.525359853,2869.623656,658,30995.13086,423,1135.245486,517,1.660352301,6149.193548,850,66418.13755,546,2432.668898,668,0.220082484,0.203868897,2.437496225,0.6,0.721870455,0.257104545,0.021025,0.520250789,0.412274211,0.067475,1,1,0.02,0.465223316,0.453325723,0.061450961,1,0.74,0.26,0.92,0.08,0.96,0.04,0.15,0.85,1,1,0,0.01,0.99,0.35,0.65
Altay Prefecture,Medium-small-cities,10,新疆维吾尔族自治区,12.0824,10.00871362,2460.359096,132,15298.20249,85,241.4384086,104,0.062001128,4278.291096,159,26601.87434,102,419.8345661,125,0.084064592,7927.823755,415,49294.20804,267,777.9682056,326,1.360952688,4100.598494,159,25497.00416,102,402.3973477,125,0.080433896,4784.031576,658,29746.50485,423,469.4635723,517,0.486234071,10251.49624,850,63742.5104,546,1005.993369,668,0.362818328,0.439974359,4.410783396,0.6,0.741758852,0.246587398,0.01165375,0.539673211,0.416205539,0.04412125,1,1,0.02,0.68204675,0,0.29795325,1,0.74,0.26,0.92,0.08,0.96,0.04,0.15,0.85,1,1,0,0.01,0.99,0.35,0.65
Ankang City,Medium-small-cities,10,陕西省,19.7762,17.73389067,1317.038723,132,16312.21311,85,370.7481659,104,0.050667417,2290.184001,159,28365.12613,102,644.6898662,125,0.125784809,4243.791439,415,52561.57558,267,1194.632979,326,1.299678172,2195.064538,159,27187.02185,102,617.9136098,125,0.048605371,2560.908627,658,31718.19216,423,720.8992114,517,0.51757356,5487.661344,850,67967.55463,546,1544.784024,668,0.445518117,0.481718683,7.106158172,0.6,0.728780568,0.259565682,0.01165375,0.517767656,0.438111094,0.04412125,1,1,0.02,0.68204675,0,0.29795325,1,0.74,0.26,0.92,0.08,0.96,0.04,0.15,0.85,1,1,0,0.01,0.99,0.35,0.65
Anqing City,Medium-small-cities,10,安徽省,57.3094,49.08328264,2113.94044,132,15563.22831,85,322.8312473,104,0.156693991,3675.907543,159,27062.72479,102,561.3676689,125,0.360332741,6811.585863,415,50148.18012,267,1040.234019,326,4.882254892,3523.234067,159,25938.71385,102,538.0520788,125,0.201101196,4110.439745,658,30261.83283,423,627.7274253,517,2.625734537,8808.085168,850,64846.78464,546,1345.130197,668,0.543711378,0.593807448,0.835907253,0.6,0.728780568,0.259565682,0.01165375,0.517767656,0.438111094,0.04412125,1,1,0.02,0.68204675,0,0.29795325,1,0.74,0.26,0.92,0.08,0.96,0.04,0.15,0.85,1,1,0,0.01,0.99,0.35,0.65
Anshun City,Medium-small-cities,10,贵州省,30.0547,26.0219478,3141.108703,132,14264.95395,85,593.9373451,104,0.107244993,5462.039023,159,24805.16993,102,1032.79105,125,0.17647192,10121.35027,415,45964.85162,267,1913.798112,326,3.057333452,5235.181172,159,23774.92325,102,989.8955751,125,0.166258111,6107.711368,658,27737.41046,423,1154.878171,517,0.525443722,13087.95293,850,59437.30813,546,2474.738938,668,0.392402745,0.441400199,0.491078484,0.6,0.715802284,0.272543966,0.01165375,0.495862102,0.460016648,0.04412125,1,1,0.02,0.68204675,0,0.29795325,1,0.74,0.26,0.92,0.08,0.96,0.04,0.15,0.85,1,1,0,0.01,0.99,0.35,0.65
Anyang City,Medium-small-cities,10,河南省,86.4084,76.26651595,4263.814068,132,13333.0768,85,403.1091273,104,0.19646469,7414.298907,159,23184.73911,102,700.9619825,125,0.426301463,13738.95644,415,42962.13637,267,1298.907188,326,6.19698074,7106.35678,159,22221.79467,102,671.8485455,125,0.213150732,8290.749577,658,25925.42712,423,783.8233031,517,3.108986429,17765.89195,850,55554.48669,546,1679.621364,668,0.534169504,0.583019094,0,0.6,0.754737136,0.233609114,0.01165375,0.561578766,0.394299984,0.04412125,1,1,0.02,0.68204675,0,0.29795325,1,0.74,0.26,0.92,0.08,0.96,0.04,0.15,0.85,1,1,0,0.01,0.99,0.35,0.65
Anshan City,Medium-small-cities,10,辽宁省,62.1968,54.16211227,3665.491148,132,13672.35752,85,662.1513331,104,0.291748213,6373.881829,159,23774.71058,102,1151.407596,125,0.544306367,11811.02703,415,44055.37423,267,2133.59874,326,4.505405239,6109.151913,159,22787.26253,102,1103.585555,125,0.32222937,7127.343898,658,26585.13962,423,1287.516481,517,2.370998537,15272.87978,850,56968.15633,546,2758.963888,668,0.477802232,0.553786595,0.24493537,0.6,0.741758852,0.246587398,0.01165375,0.539673211,0.416205539,0.04412125,1,1,0.02,0.68204675,0,0.29795325,1,0.74,0.26,0.92,0.08,0.96,0.04,0.15,0.85,1,1,0,0.01,0.99,0.35,0.65
Bayannur City,Medium-small-cities,10,内蒙古自治区,36.9,32.35197114,3806.314879,132,13893.16609,85,300.5190311,104,0.077815539,6618.758651,159,24158.67215,102,522.5692042,125,0.195503503,12264.79239,415,44766.86851,267,968.3391003,326,2.855380111,6343.858131,159,23155.27682,102,500.8650519,125,0.094536233,7401.16782,658,27014.48962,423,584.3425606,517,1.324793475,15859.64533,850,57888.19204,546,1252.16263,668,0.335218404,0.532103955,0.866287529,0.6,0.754737136,0.233609114,0.01165375,0.561578766,0.394299984,0.04412125,1,1,0.02,0.68204675,0,0.29795325,1,0.74,0.26,0.92,0.08,0.96,0.04,0.15,0.85,1,1,0,0.01,0.99,0.35,0.65
Bazhong City,Medium-small-cities,10,四川省,44.98,40.29607673,1257.48176,132,16396.60081,85,345.9174294,104,0.08262418,2186.62106,159,28511.86697,102,601.5119744,125,0.290882387,4051.885671,415,52833.4915,267,1114.622828,326,3.00616195,2095.802933,159,27327.66802,102,576.529049,125,0.235799601,2445.103422,658,31882.27935,423,672.6172238,517,1.068455151,5239.507333,850,68319.17004,546,1441.322622,668,0.493844244,0.431881433,0.106453233,0.6,0.715802284,0.272543966,0.01165375,0.495862102,0.460016648,0.04412125,1,1,0.02,0.68204675,0,0.29795325,1,0.74,0.26,0.92,0.08,0.96,0.04,0.15,0.85,1,1,0,0.01,0.99,0.35,0.65
Baicheng City,Medium-small-cities,10,吉林省,28.6851,25.37144774,4294.273734,132,13224.05883,85,481.6674325,104,0.08560428,7467.264882,159,22995.16897,102,837.5661465,125,0.230620487,13837.10425,415,42610.85624,267,1552.039505,326,1.905014659,7157.12289,159,22040.09806,102,802.7790541,125,0.116907338,8349.976705,658,25713.44773,423,936.5755632,517,0.975505494,17892.80722,850,55100.24514,546,2006.947635,668,0.544247909,0.579584773,0.043874395,0.6,0.754737136,0.233609114,0.01165375,0.561578766,0.394299984,0.04412125,1,1,0.02,0.68204675,0,0.29795325,1,0.74,0.26,0.92,0.08,0.96,0.04,0.15,0.85,1,1,0,0.01,0.99,0.35,0.65
Baishan City,Medium-small-cities,10,吉林省,14.5408,12.86107238,3177.732782,132,14210.43718,85,611.8300352,104,0.043393773,5525.724226,159,24710.37132,102,1063.90445,125,0.11690412,10239.36119,415,45789.18648,267,1971.452336,326,0.965673369,5296.221303,159,23684.06197,102,1019.716725,125,0.059261645,6178.924853,658,27631.40563,423,1189.669513,517,0.494494713,13240.55326,850,59210.15493,546,2549.291813,668,0.489940462,0.473337957,1.029147964,0.6,0.728780568,0.259565682,0.01165375,0.517767656,0.438111094,0.04412125,1,1,0.02,0.68204675,0,0.29795325,1,0.74,0.26,0.92,0.08,0.96,0.04,0.15,0.85,1,1,0,0.01,0.99,0.35,0.65
Baiyin City,Medium-small-cities,10,甘肃省,24.79,20.23462855,3825.158211,132,13622.1745,85,552.6672892,104,0.078490765,6651.525112,159,23687.44788,102,961.0270084,125,0.173697156,12325.50979,415,43893.67339,267,1780.816821,326,3.331496922,6375.263686,159,22703.62417,102,921.1121486,125,0.188232483,7437.807633,658,26487.56153,423,1074.63084,517,0.783454119,15938.15921,850,56759.06041,546,2302.780372,668,0.533221124,0.484040735,0,0.6,0.754737136,0.233609114,0.01165375,0.561578766,0.394299984,0.04412125,1,1,0.02,0.68204675,0,0.29795325,1,0.74,0.26,0.92,0.08,0.96,0.04,0.15,0.85,1,1,0,0.01,0.99,0.35,0.65
Baise City,Medium-small-cities,10,广西壮族自治区,39.4785,34.25272915,3273.166965,132,13885.34089,85,841.492145,104,0.097133287,5691.673667,159,24145.06499,102,1463.261341,125,0.230765143,10546.87133,415,44741.65398,267,2711.474689,326,3.373174152,5455.278275,159,23142.23482,102,1402.486908,125,0.291988548,6364.49132,658,26999.27395,423,1636.234726,517,1.232709716,13638.19569,850,57855.58704,546,3506.217271,668,0.389364414,0.419908228,0.344515222,0.6,0.728780568,0.259565682,0.01165375,0.517767656,0.438111094,0.04412125,1,1,0.02,0.68204675,0,0.29795325,1,0.74,0.26,0.92,0.08,0.96,0.04,0.15,0.85,1,1,0,0.01,0.99,0.35,0.65
Bengbu City,Medium-small-cities,10,安徽省,44.0785,37.75152896,4054.276663,132,13594.08659,85,351.6367476,104,0.120518381,7049.936642,159,23638.60612,102,611.4572334,125,0.277143483,13063.78036,415,43803.1679,267,1133.051742,326,3.755099028,6757.127772,159,22656.81098,102,586.061246,125,0.154673388,7883.315734,658,26432.94615,423,683.7381204,517,2.019536756,16892.81943,850,56642.02746,546,1465.153115,668,0.642923979,0.59425007,0,0.6,0.741758852,0.246587398,0.01165375,0.539673211,0.416205539,0.04412125,1,1,0.02,0.68204675,0,0.29795325,1,0.74,0.26,0.92,0.08,0.96,0.04,0.15,0.85,1,1,0,0.01,0.99,0.35,0.65
Baotou City,Medium-small-cities,10,内蒙古自治区,72.6,63.65184566,5064.302822,132,12057.65608,85,878.0411011,104,0.153100491,8806.259907,159,20966.92418,102,1526.815915,125,0.384649169,16318.30909,415,38852.44736,267,2829.243548,326,5.617902332,8440.504703,159,20096.09346,102,1463.401835,125,0.185998118,9847.255487,658,23445.44237,423,1707.302141,517,2.606504235,21101.26176,850,50240.23365,546,3658.504588,668,0.431767992,0.567321728,3.164048563,0.6,0.754737136,0.233609114,0.01165375,0.561578766,0.394299984,0.04412125,1,1,0.02,0.68204675,0,0.29795325,1,0.74,0.26,0.92,0.08,0.96,0.04,0.15,0.85,1,1,0,0.01,0.99,0.35,0.65
Baoji City,Medium-small-cities,10,陕西省,39.2303,35.17894495,2889.019585,132,14780.68576,85,330.2946539,104,0.100509602,5023.684056,159,25701.97024,102,574.3457037,125,0.24952093,9309.063107,415,47626.65412,267,1064.282774,326,2.578188155,4815.032641,159,24634.47627,102,550.4910898,125,0.096419095,5617.538082,658,28740.22231,423,642.2396048,517,1.026717268,12037.5816,850,61586.19067,546,1376.227725,668,0.420090511,0.518626652,0,0.6,0.741758852,0.246587398,0.01165375,0.539673211,0.416205539,0.04412125,1,1,0.02,0.68204675,0,0.29795325,1,0.74,0.26,0.92,0.08,0.96,0.04,0.15,0.85,1,1,0,0.01,0.99,0.35,0.65
Baoding City,Largecities,10,河北省,238,206.0961842,3178.423926,132,14255.61087,85,565.9652035,104,0.319110683,5526.926049,159,24788.92335,102,984.1506039,125,0.979089596,10241.58821,415,45934.74614,267,1823.665656,326,19.51796978,5297.37321,159,23759.35145,102,943.2753392,125,0.641122372,6180.268745,658,27719.24336,423,1100.487896,517,10.44652336,13243.43303,850,59398.37863,546,2358.188348,668,0.474449679,0.555369886,0,0.6,0.747580909,0.231394091,0.021025,0.561478211,0.371046789,0.067475,1,1,0.02,0.465223316,0.453325723,0.061450961,1,0.74,0.26,0.92,0.08,0.96,0.04,0.15,0.85,1,1,0,0.01,0.99,0.35,0.65
Baoshan City,Medium-small-cities,10,云南省,28.66,24.36464572,1590.987868,132,15977.2617,85,431.7504333,104,0.080283371,2766.551127,159,27782.68284,102,750.7660312,125,0.12255819,5126.516464,415,51482.28769,267,1391.195841,326,3.274940998,2651.646447,159,26628.7695,102,719.5840555,125,0.193145502,3093.587522,658,31066.89775,423,839.5147314,517,0.624426221,6629.116118,850,66571.92374,546,1798.960139,668,0.408256526,0.538594394,2.003863966,0.6,0.728780568,0.259565682,0.01165375,0.517767656,0.438111094,0.04412125,1,1,0.02,0.68204675,0,0.29795325,1,0.74,0.26,0.92,0.08,0.96,0.04,0.15,0.85,1,1,0,0.01,0.99,0.35,0.65
Beihai City,Medium-small-cities,10,广西壮族自治区,30.3548,26.33673374,2599.601594,132,14348.60558,85,1051.792829,104,0.074685246,4520.418327,159,24950.63081,102,1828.950863,125,0.17743404,8376.494024,415,46234.39575,267,3389.110226,326,2.593614924,4332.669323,159,23914.34263,102,1752.988048,125,0.224508377,5054.780876,658,27900.0664,423,2045.152722,517,0.947823674,10831.67331,850,59785.85657,546,4382.47012,668,0.404070141,0.517829116,2.778773954,0.6,0.728780568,0.259565682,0.01165375,0.517767656,0.438111094,0.04412125,1,1,0.02,0.68204675,0,0.29795325,1,0.74,0.26,0.92,0.08,0.96,0.04,0.15,0.85,1,0.9,0.1,0.01,0.99,0.35,0.65
Beijing,Megacities,10,北京市,584.25,522.7,7707.502459,132,9352.499329,85,939.9982116,104,7.66,13402.49039,159,16262.95717,102,1634.552446,125,6.31,24835.2857,415,30135.83117,267,3028.883126,326,39.4,12845.83743,159,15587.49888,102,1566.663686,125,1.87,14986.81034,658,18185.41536,423,1827.7743,517,6.31,32114.59358,850,38968.74721,546,3916.659215,668,0.478246949,0.588907901,82.82225193,0.6,0.5085,0.1615,0.33,0.4085,0.1615,0.43,1,1,0.02,0.112,0.476341463,0.391658537,1,0.74,0.26,0.92,0.08,0.96,0.04,0.15,0.85,1,1,0,0.01,0.99,0.35,0.65
Benxi City,Medium-small-cities,10,辽宁省,15.1086,13.15684552,8159.6766,132,9840.3234,85,0,104,0.070870319,14188.77098,159,17111.22902,102,0,125,0.132220744,26292.29127,415,31707.70873,267,0,326,1.094435173,13599.461,159,16400.539,102,0,125,0.078274681,15866.03783,658,19133.96217,423,0,517,0.575953562,33998.6525,850,41001.3475,546,0,668,0.420124916,0.470355298,0,0.6,0.728780568,0.259565682,0.01165375,0.517767656,0.438111094,0.04412125,1,1,0.02,0.68204675,0,0.29795325,1,0.74,0.26,0.92,0.08,0.96,0.04,0.15,0.85,1,1,0,0.01,0.99,0.35,0.65
Bijie City,Medium-small-cities,10,贵州省,58.2,50.39069969,1444.917944,132,16017.58999,85,537.4920664,104,0.207676623,2512.551757,159,27852.80926,102,934.6389821,125,0.341732432,4655.846707,415,51612.23441,267,1731.918881,326,5.920431975,2408.196573,159,26695.98332,102,895.8201106,125,0.321953706,2809.562668,658,31145.31387,423,1045.123462,517,1.01750557,6020.491432,850,66739.95829,546,2239.550277,668,0.359052282,0.390748534,1.334334056,0.6,0.728780568,0.259565682,0.01165375,0.517767656,0.438111094,0.04412125,1,1,0.02,0.68204675,0,0.29795325,1,0.74,0.26,0.92,0.08,0.96,0.04,0.15,0.85,1,1,0,0.01,0.99,0.35,0.65
Binzhou City,Medium-small-cities,10,山东省,95.6195,84.08908141,2890.192846,132,14447.41907,85,662.3880883,104,0.164961213,5025.724226,159,25122.45649,102,1151.819287,125,0.544659967,9312.843613,415,46552.79477,267,2134.361618,326,7.007354889,4816.988076,159,24079.03178,102,1103.980147,125,0.328688303,5619.819422,658,28092.20374,423,1287.976838,517,3.484754213,12042.47019,850,60197.57944,546,2759.950368,668,0.558614589,0.522183702,0,0.6,0.741758852,0.246587398,0.01165375,0.539673211,0.416205539,0.04412125,1,1,0.02,0.68204675,0,0.29795325,1,0.74,0.26,0.92,0.08,0.96,0.04,0.15,0.85,1,0.9,0.1,0.01,0.99,0.35,0.65
Bozhou City,Medium-small-cities,10,安徽省,63.1152,54.0557256,2502.108931,132,15145.79131,85,352.0997616,104,0.172568071,4350.889419,159,26336.84822,102,612.2623632,125,0.396836698,8062.350999,415,48803.10532,267,1134.543676,326,5.376857792,4170.181551,159,25242.98551,102,586.832936,125,0.221474002,4865.21181,658,29450.14976,423,684.6384253,517,2.891737838,10425.45388,850,63107.46378,546,1467.08234,668,0.580286054,0.673113625,0,0.6,0.741758852,0.246587398,0.01165375,0.539673211,0.416205539,0.04412125,1,1,0.02,0.68204675,0,0.29795325,1,0.74,0.26,0.92,0.08,0.96,0.04,0.15,0.85,1,1,0,0.01,0.99,0.35,0.65
Cangzhou City,Largecities,10,河北省,85.0947,73.68778557,3144.492403,132,14282.09231,85,573.415292,104,0.114095075,5467.922901,159,24834.97162,102,997.1054799,125,0.350064435,10132.2533,415,46020.07521,267,1847.671496,326,6.978469678,5240.820672,159,23803.48718,102,955.6921533,125,0.229227378,6114.290784,658,27770.73504,423,1114.974179,517,3.735057864,13102.05168,850,59508.71794,546,2389.230383,668,0.537074286,0.576880131,0,0.6,0.747580909,0.231394091,0.021025,0.561478211,0.371046789,0.067475,1,1,0.02,0.465223316,0.453325723,0.061450961,1,0.74,0.26,0.92,0.08,0.96,0.04,0.15,0.85,1,0.9,0.1,0.01,0.99,0.35,0.65
Chamdo City,Medium-small-cities,10,西藏自治区,13.7757,9.001351382,1766.100544,132,15994.48013,85,239.4193258,104,0.072150135,3071.052612,159,27812.62378,102,416.3236054,125,0.106981235,5690.768418,415,51537.76931,267,771.4622719,326,3.092504082,2943.500906,159,26657.46688,102,399.0322096,125,0.462756041,3434.08439,658,31100.37803,423,465.5375779,517,1.039957125,7358.752265,850,66643.66721,546,997.580524,668,0.347767898,0.477471398,0.08908762,0.6,0.728780568,0.259565682,0.01165375,0.517767656,0.438111094,0.04412125,1,1,0.02,0.68204675,0,0.29795325,1,0.74,0.26,0.92,0.08,0.96,0.04,0.15,0.85,1,1,0,0.01,0.99,0.35,0.65
Changde City,Largecities,10,湖南省,62.3495,55.72264954,1739.525849,132,15918.76738,85,341.7067679,104,0.302789673,3024.84217,159,27680.96773,102,594.190102,125,0.44303667,5605.138846,415,51293.80601,267,1101.055141,326,4.253439723,2899.209748,159,26531.27897,102,569.5112799,125,0.354573179,3382.411373,658,30953.1588,423,664.4298265,517,1.273011212,7248.02437,850,66328.19743,546,1423.7782,668,0.533174581,0.529034112,12.13333368,0.6,0.734725682,0.244249318,0.021025,0.5408645,0.3916605,0.067475,1,1,0.02,0.465223316,0.453325723,0.061450961,1,0.74,0.26,0.92,0.08,0.96,0.04,0.15,0.85,1,1,0,0.01,0.99,0.35,0.65
Changzhou City,Largecities,10,江苏省,147.72,136.7421162,5151.340178,132,11909.36517,85,939.2946555,104,0.306471419,8957.608198,159,20709.06276,102,1633.32904,125,0.893810317,16598.76279,415,38374.62109,267,3026.616112,326,5.012941368,8585.566963,159,19848.94194,102,1565.491092,125,0.867430498,10016.49479,658,23157.09894,423,1826.406275,517,3.897230226,21463.91741,850,49622.35486,546,3913.727731,668,0.626950761,0.680720615,7.92794082,0.6,0.747580909,0.231394091,0.021025,0.561478211,0.371046789,0.067475,1,1,0.02,0.465223316,0.453325723,0.061450961,1,0.74,0.26,0.92,0.08,0.96,0.04,0.15,0.85,1,1,0,0.01,0.99,0.35,0.65
Chaohu City,Medium-small-cities,10,安徽省,9.5791,8.204128341,4461.481206,132,13196.87384,85,341.6449572,104,0.026190946,7758.020097,159,22947.89728,102,594.08262,125,0.060228573,14375.88389,415,42523.26014,267,1100.855973,326,0.816054746,7435.80201,159,21994.78973,102,569.408262,125,0.033613482,8675.102345,658,25660.58802,423,664.309639,517,0.438883913,18589.50502,850,54986.97432,546,1423.520655,668,0.306760538,0.759681226,0,0.6,0.741758852,0.246587398,0.01165375,0.539673211,0.416205539,0.04412125,1,1,0.02,0.68204675,0,0.29795325,1,0.74,0.26,0.92,0.08,0.96,0.04,0.15,0.85,1,1,0,0.01,0.99,0.35,0.65
Chaoyang City,Medium-small-cities,10,辽宁省,41.8232,36.42040835,3214.504383,132,14183.1843,85,602.3113151,104,0.196181216,5589.665955,159,24662.98159,102,1047.352454,125,0.366009732,10357.84746,415,45701.37164,267,1940.780904,326,3.029584551,5357.507305,159,23638.6405,102,1003.852192,125,0.216677761,6250.425189,658,27578.41392,423,1171.160891,517,1.59433839,13393.76826,850,59096.60126,546,2509.63048,668,0.467115362,0.559362711,13.04537565,0.6,0.728780568,0.259565682,0.01165375,0.517767656,0.438111094,0.04412125,1,1,0.02,0.68204675,0,0.29795325,1,0.74,0.26,0.92,0.08,0.96,0.04,0.15,0.85,1,1,0,0.01,0.99,0.35,0.65
Chaozhou City,Medium-small-cities,10,广东省,37.4376,33.23695937,3654.915638,132,13714.93501,85,630.1493499,104,0.082998742,6355.492193,159,23848.7481,102,1095.759703,125,0.282744743,11776.95039,415,44192.56837,267,2030.481239,326,2.970515297,6091.526063,159,22858.22502,102,1050.248917,125,0.179722957,7106.780407,658,26667.92919,423,1225.290403,517,0.684658886,15228.81516,850,57145.56255,546,2625.622291,668,0.48549403,0.570409603,0,0.6,0.754737136,0.233609114,0.01165375,0.561578766,0.394299984,0.04412125,1,1,0.02,0.68204675,0,0.29795325,1,0.74,0.26,0.92,0.08,0.96,0.04,0.15,0.85,1,0.9,0.1,0.01,0.99,0.35,0.65
Chenzhou City,Medium-small-cities,10,湖南省,50.137,44.80816174,2075.037519,132,15349.67484,85,575.2876438,104,0.243481757,3608.259685,159,26691.37902,102,1000.361292,125,0.356258343,6686.232005,415,49460.06337,267,1853.70463,326,3.420311428,3458.395865,159,25582.7914,102,958.8127397,125,0.285122343,4034.795175,658,29846.58996,423,1118.614863,517,1.023664394,8645.989661,850,63956.97849,546,2397.031849,668,0.522500742,0.539102941,0,0.6,0.741758852,0.246587398,0.01165375,0.539673211,0.416205539,0.04412125,1,1,0.02,0.68204675,0,0.29795325,1,0.74,0.26,0.92,0.08,0.96,0.04,0.15,0.85,1,1,0,0.01,0.99,0.35,0.65
Chengdu City,Extra-large-cities,10,四川省,463.04,414.8220402,4230.957854,132,12714.22068,85,1054.821465,104,0.85056248,7357.165602,159,22108.61707,102,1834.217326,125,2.994445992,13633.08642,415,40968.04442,267,3398.869166,326,30.94649243,7051.596424,159,21190.3678,102,1758.035775,125,2.427404338,8226.862494,658,24722.09577,423,2051.041738,517,10.99905454,17628.99106,850,52975.9195,546,4395.089438,668,0.529177264,0.603561614,57.75504475,0.6,0.685942969,0.230557031,0.0835,0.485419034,0.348080966,0.1665,1,1,0.02,0.013248421,0.885273042,0.081478537,1,0.74,0.26,0.92,0.08,0.96,0.04,0.15,0.85,1,1,0,0.01,0.99,0.35,0.65
Chengde City,Medium-small-cities,10,河北省,56.9565,49.32150133,3472.735202,132,13921.25212,85,606.0126783,104,0.076367343,6038.700657,159,24207.51063,102,1053.788713,125,0.234308893,11189.92454,415,44857.36794,267,1952.707519,326,4.670904395,5787.892004,159,23202.08687,102,1010.02113,125,0.153428934,6752.540671,658,27069.10134,423,1178.357986,517,2.499989109,14469.73001,850,58005.21716,546,2525.052826,668,0.382907303,0.523445473,0.449460791,0.6,0.754737136,0.233609114,0.01165375,0.561578766,0.394299984,0.04412125,1,1,0.02,0.68204675,0,0.29795325,1,0.74,0.26,0.92,0.08,0.96,0.04,0.15,0.85,1,1,0,0.01,0.99,0.35,0.65
Chizhou City,Medium-small-cities,10,安徽省,18.5196,15.8613205,2882.596246,132,14621.06268,85,496.3410754,104,0.050635848,5012.514583,159,25424.40344,102,863.0819811,125,0.116441949,9288.36568,415,47112.31308,267,1599.321243,326,1.577706409,4804.327076,159,24368.4378,102,827.2351257,125,0.064986088,5605.048255,658,28429.8441,423,965.1076466,517,0.848509203,12010.81769,850,60921.0945,546,2068.087814,668,0.550175461,0.595697497,0.973320643,0.6,0.728780568,0.259565682,0.01165375,0.517767656,0.438111094,0.04412125,1,1,0.02,0.68204675,0,0.29795325,1,0.74,0.26,0.92,0.08,0.96,0.04,0.15,0.85,1,1,0,0.01,0.99,0.35,0.65
Chifeng City,Largecities,10,内蒙古自治区,159.421,139.771913,4186.424135,132,13394.13474,85,419.441123,104,0.336190543,7279.726412,159,23290.91208,102,729.3615083,125,0.84464401,13489.58888,415,43158.87861,267,1351.532507,326,12.33624804,6977.373558,159,22323.5579,102,699.0685383,125,0.408429834,8140.269151,658,26044.15089,423,815.5799614,517,5.723574541,17443.43389,850,55808.89476,546,1747.671346,668,0.307281233,0.499042628,2.373417658,0.6,0.747580909,0.231394091,0.021025,0.561478211,0.371046789,0.067475,1,1,0.02,0.465223316,0.453325723,0.061450961,1,0.74,0.26,0.92,0.08,0.96,0.04,0.15,0.85,1,1,0,0.01,0.99,0.35,0.65
Chongzuo City,Medium-small-cities,10,广西壮族自治区,19.1722,16.63437501,3308.791801,132,14184.87932,85,506.3288782,104,0.047171468,5753.621299,159,24665.92904,102,880.4496604,125,0.112067973,10661.66247,415,45706.83337,267,1631.504163,326,1.638136441,5514.653002,159,23641.46553,102,843.8814636,125,0.141800292,6433.761836,658,27581.70979,423,984.5283743,517,0.598648815,13786.63251,850,59103.66384,546,2109.703659,668,0.383249239,0.469241057,0,0.6,0.741758852,0.246587398,0.01165375,0.539673211,0.416205539,0.04412125,1,1,0.02,0.68204675,0,0.29795325,1,0.74,0.26,0.92,0.08,0.96,0.04,0.15,0.85,1,1,0,0.01,0.99,0.35,0.65
Chuzhou City,Medium-small-cities,10,安徽省,47.5566,40.73038698,3203.994139,132,14255.82026,85,540.1855972,104,0.130028119,5571.389808,159,24789.28746,102,939.3227329,125,0.29901203,10323.98111,415,45935.42085,267,1740.598035,326,4.05140244,5339.990232,159,23759.70044,102,900.3093287,125,0.166878193,6229.988604,658,27719.65051,423,1050.360883,517,2.178892242,13349.97558,850,59399.2511,546,2250.773322,668,0.529767418,0.612271337,0,0.6,0.741758852,0.246587398,0.01165375,0.539673211,0.416205539,0.04412125,1,1,0.02,0.68204675,0,0.29795325,1,0.74,0.26,0.92,0.08,0.96,0.04,0.15,0.85,1,1,0,0.01,0.99,0.35,0.65
Chuxiong Yi Autonomous Prefecture,Medium-small-cities,10,云南省,30.49,25.9203785,1216.107781,132,16437.06969,85,346.8225271,104,0.08540963,2114.676309,159,28582.23785,102,603.0858388,125,0.130383783,3918.569518,415,52963.89123,267,1117.539254,326,3.484052723,2026.846302,159,27395.11615,102,578.0375452,125,0.20547824,2364.65402,658,31960.96884,423,674.3771361,517,0.66429712,5067.115756,850,68487.79038,546,1445.093863,668,0.487427953,0.488380224,0,0.6,0.741758852,0.246587398,0.01165375,0.539673211,0.416205539,0.04412125,1,1,0.02,0.68204675,0,0.29795325,1,0.74,0.26,0.92,0.08,0.96,0.04,0.15,0.85,1,1,0,0.01,0.99,0.35,0.65
Dazhou City,Medium-small-cities,10,四川省,64.69,57.95360613,1819.812539,132,15603.28706,85,576.9004059,104,0.118829662,3164.451803,159,27132.38249,102,1003.165706,125,0.418345523,5863.840403,415,50277.25829,267,1858.901308,326,4.323446344,3033.020898,159,26005.47843,102,961.5006766,125,0.339125749,3538.524381,658,30339.72483,423,1121.750789,517,1.536646592,7582.552245,850,65013.69606,546,2403.751691,668,0.525085229,0.488674707,0.976424123,0.6,0.728780568,0.259565682,0.01165375,0.517767656,0.438111094,0.04412125,1,1,0.02,0.68204675,0,0.29795325,1,0.74,0.26,0.92,0.08,0.96,0.04,0.15,0.85,1,1,0,0.01,0.99,0.35,0.65
Dali Bai Autonomous Prefecture,Medium-small-cities,10,云南省,49.98,42.48935775,2012.317698,132,15555.77454,85,431.9077651,104,0.140005684,3499.196886,159,27049.7635,102,751.0396137,125,0.213728483,6484.134805,415,50124.1624,267,1391.702799,326,5.711149724,3353.86283,159,25926.29089,102,719.8462751,125,0.336825268,3912.839968,658,30247.33938,423,839.8206543,517,1.088933095,8384.657075,850,64815.72724,546,1799.615688,668,0.292133455,0.506847195,1.971916338,0.6,0.741758852,0.246587398,0.01165375,0.539673211,0.416205539,0.04412125,1,1,0.02,0.68204675,0,0.29795325,1,0.74,0.26,0.92,0.08,0.96,0.04,0.15,0.85,1,1,0,0.01,0.99,0.35,0.65
Dalian City,Largecities,10,辽宁省,169.4615,147.5701771,7802.839461,132,9501.274117,85,695.8864216,104,0.794897644,13568.27084,159,16521.65999,102,1210.069166,125,1.483017993,25142.48271,415,30615.2166,267,2242.300692,326,12.27543427,13004.73244,159,15835.45686,102,1159.810703,125,0.877946652,15172.18784,658,18474.69967,423,1353.112486,517,6.460026377,32511.83109,850,39588.64216,546,2899.526756,668,0.579281352,0.618425639,25.2179882,0.6,0.734725682,0.244249318,0.021025,0.5408645,0.3916605,0.067475,1,1,0.02,0.465223316,0.453325723,0.061450961,1,0.74,0.26,0.92,0.08,0.96,0.04,0.15,0.85,1,0.9,0.1,0.01,0.99,0.35,0.65
Daqing City,Medium-small-cities,10,黑龙江省,97.5303,83.16189506,4294.283716,132,12990.46559,85,715.250692,104,0.399122359,7467.28224,159,22588.97628,102,1243.741481,125,0.969297159,13837.13642,415,41858.16691,267,2304.696674,326,8.299844495,7157.139527,159,21650.77599,102,1192.084487,125,0.796344136,8349.996115,658,25259.23865,423,1390.765234,517,3.903796792,17892.84882,850,54126.93997,546,2980.211217,668,0.500079156,0.524330198,0.998695282,0.6,0.741758852,0.246587398,0.01165375,0.539673211,0.416205539,0.04412125,1,1,0.02,0.68204675,0,0.29795325,1,0.74,0.26,0.92,0.08,0.96,0.04,0.15,0.85,1,1,0,0.01,0.99,0.35,0.65
Datong City,Medium-small-cities,10,山西省,78.5117,69.49934147,5284.235294,132,11922.35294,85,793.4117647,104,0.135357348,9188.698039,159,20731.64706,102,1379.654902,125,0.400524613,17026.98039,415,38416.47059,267,2556.54902,326,4.91391554,8807.058824,159,19870.58824,102,1322.352941,125,0.140904781,10274.90196,658,23182.35294,423,1542.745098,517,3.421656249,22017.64706,850,49676.47059,546,3305.882353,668,0.389551018,0.492109845,2.524184901,0.6,0.754737136,0.233609114,0.01165375,0.561578766,0.394299984,0.04412125,1,1,0.02,0.68204675,0,0.29795325,1,0.74,0.26,0.92,0.08,0.96,0.04,0.15,0.85,1,1,0,0.01,0.99,0.35,0.65
Dandong City,Medium-small-cities,10,辽宁省,34.6818,30.20154647,3373.178142,132,14105.71202,85,521.1098369,104,0.162682858,5865.581992,159,24528.2659,102,906.1521053,125,0.303512794,10869.12957,415,45451.73873,267,1679.131697,326,2.512276571,5621.96357,159,23509.52003,102,868.5163949,125,0.179679574,6558.957499,658,27427.77337,423,1013.269127,517,1.322101733,14054.90893,850,58773.80009,546,2171.290987,668,0.548211236,0.56537748,0.329624239,0.6,0.728780568,0.259565682,0.01165375,0.517767656,0.438111094,0.04412125,1,1,0.02,0.68204675,0,0.29795325,1,0.74,0.26,0.92,0.08,0.96,0.04,0.15,0.85,1,0.9,0.1,0.01,0.99,0.35,0.65
Deyang City,Medium-small-cities,10,四川省,67.79,60.73079239,2758.920456,132,14590.52863,85,650.550911,104,0.124524081,4797.456127,159,25371.30812,102,1131.235751,125,0.438392998,8889.854803,415,47013.92559,267,2096.219602,326,4.530629582,4598.20076,159,24317.54772,102,1084.251518,125,0.355376944,5364.567554,658,28370.47234,423,1264.960105,517,1.610284008,11495.5019,850,60793.8693,546,2710.628796,668,0.690698413,0.522139734,0,0.6,0.728780568,0.259565682,0.01165375,0.517767656,0.438111094,0.04412125,1,1,0.02,0.68204675,0,0.29795325,1,0.74,0.26,0.92,0.08,0.96,0.04,0.15,0.85,1,1,0,0.01,0.99,0.35,0.65
Dezhou City,Largecities,10,山东省,108.1157,95.07840869,2694.51356,132,14729.2358,85,576.2506377,104,0.186519455,4685.45969,159,25612.50448,102,1002.035831,125,0.615839798,8682.321471,415,47460.87092,267,1856.80761,326,7.923123201,4490.855933,159,24548.72634,102,960.4177294,125,0.371643503,5239.331922,658,28640.18073,423,1120.487351,517,3.940165354,11227.13983,850,61371.81584,546,2401.044324,668,0.500996067,0.494437479,0,0.6,0.747580909,0.231394091,0.021025,0.561478211,0.371046789,0.067475,1,1,0.02,0.465223316,0.453325723,0.061450961,1,0.74,0.26,0.92,0.08,0.96,0.04,0.15,0.85,1,1,0,0.01,0.99,0.35,0.65
Diqing Tibetan Autonomous Prefecture,Medium-small-cities,10,云南省,7.96,6.767012558,2635.615028,132,15294.90479,85,69.48018528,104,0.022297824,4583.041688,159,26596.13999,102,120.8183222,125,0.03403919,8492.537313,415,49283.58209,267,223.880597,326,0.909578868,4392.691714,159,25491.50798,102,115.8003088,125,0.05364404,5124.806999,658,29740.09264,423,135.1003603,517,0.17342752,10981.72928,850,63728.76994,546,289.500772,668,0.457596039,0.431161863,0.383193292,0.6,0.728780568,0.259565682,0.01165375,0.517767656,0.438111094,0.04412125,1,1,0.02,0.68204675,0,0.29795325,1,0.74,0.26,0.92,0.08,0.96,0.04,0.15,0.85,1,1,0,0.01,0.99,0.35,0.65
Dingxi City,Medium-small-cities,10,甘肃省,30.58,24.96066725,2586.902241,132,14941.9649,85,471.1328548,104,0.096823219,4498.335564,159,25982.41675,102,819.2476864,125,0.214266198,8335.573888,415,48146.33136,267,1518.094754,326,4.10960774,4311.503735,159,24903.27484,102,785.2214247,125,0.232196423,5030.087691,658,29053.82065,423,916.0916621,517,0.966439167,10778.75934,850,62258.1871,546,1963.053562,668,0.23828913,0.422150396,0,0.6,0.741758852,0.246587398,0.01165375,0.539673211,0.416205539,0.04412125,1,1,0.02,0.68204675,0,0.29795325,1,0.74,0.26,0.92,0.08,0.96,0.04,0.15,0.85,1,1,0,0.01,0.99,0.35,0.65
Dongguan City,Medium-small-cities,10,广东省,322.8715,286.6440939,14943.90465,132,1673.117759,85,1382.977596,104,0.71580252,25985.78974,159,2909.36588,102,2404.844375,125,2.438463448,48152.58164,415,5391.157222,267,4456.261142,326,25.61848863,24906.50774,159,2788.529598,102,2304.96266,125,1.549977052,29057.59237,658,3253.284531,423,2689.123103,517,5.904674482,62266.26936,850,6971.323994,546,5762.40665,668,0.465890057,0.569388499,0,0.6,0.715802284,0.272543966,0.01165375,0.495862102,0.460016648,0.04412125,1,1,0.02,0.68204675,0,0.29795325,1,0.74,0.26,0.92,0.08,0.96,0.04,0.15,0.85,1,0.9,0.1,0.01,0.99,0.35,0.65
Dongying City,Largecities,10,山东省,73.1925,64.36647432,5867.834274,132,11583.63253,85,548.5331933,104,0.126270516,10203.51182,159,20142.6499,102,953.8382751,125,0.416913126,18907.46599,415,37325.03816,267,1767.495845,326,5.363820379,9779.72379,159,19306.05422,102,914.2219889,125,0.251596365,11409.67775,658,22523.72992,423,1066.59232,517,2.667425292,24449.30947,850,48265.13555,546,2285.554972,668,0.52992882,0.627706604,7.323387148,0.6,0.747580909,0.231394091,0.021025,0.561478211,0.371046789,0.067475,1,1,0.02,0.465223316,0.453325723,0.061450961,1,0.74,0.26,0.92,0.08,0.96,0.04,0.15,0.85,1,0.9,0.1,0.01,0.99,0.35,0.65
Ordos City,Largecities,10,内蒙古自治区,70.5,61.81067657,2734.371634,132,14781.61847,85,484.0099006,104,0.148671965,4754.768452,159,25703.59211,102,841.6394383,125,0.373522953,8810.753042,415,47629.6595,267,1559.587457,326,5.455401025,4557.286056,159,24636.03078,102,806.6831677,125,0.180618007,5316.833732,658,28742.03591,423,941.1303623,517,2.531109484,11393.21514,850,61590.07694,546,2016.707919,668,0.385312122,0.561583074,5.181017721,0.6,0.747580909,0.231394091,0.021025,0.561478211,0.371046789,0.067475,1,1,0.02,0.465223316,0.453325723,0.061450961,1,0.74,0.26,0.92,0.08,0.96,0.04,0.15,0.85,1,1,0,0.01,0.99,0.35,0.65
Ezhou City,Medium-small-cities,10,湖北省,7.7847,6.853170225,2985.665253,132,14577.35368,85,436.9810699,104,0.025196148,5191.740135,159,25348.39834,102,759.8615272,125,0.056031866,9620.476927,415,46971.47296,267,1408.050114,326,0.58005716,4976.108756,159,24295.58946,102,728.3017832,125,0.052848237,5805.460215,658,28344.85437,423,849.6854137,517,0.217396364,12440.27189,850,60738.97365,546,1820.754458,668,0.427212557,0.610058966,0,0.6,0.728780568,0.259565682,0.01165375,0.517767656,0.438111094,0.04412125,1,1,0.02,0.68204675,0,0.29795325,1,0.74,0.26,0.92,0.08,0.96,0.04,0.15,0.85,1,1,0,0.01,0.99,0.35,0.65
Enshi Tujia and Miao Autonomous Prefecture,Medium-small-cities,10,湖北省,48.4,42.60837783,2065.396485,132,15934.60352,85,0,104,0.156652606,3591.494998,159,27708.505,102,0,125,0.348368251,6655.16645,415,51344.83355,267,0,326,3.606403141,3442.327474,159,26557.67253,102,0,125,0.3285746,4016.04872,658,30983.95128,423,0,517,1.35162357,8605.818686,850,66394.18131,546,0,668,0.467105725,0.585468695,2.035810517,0.6,0.715802284,0.272543966,0.01165375,0.495862102,0.460016648,0.04412125,1,1,0.02,0.68204675,0,0.29795325,1,0.74,0.26,0.92,0.08,0.96,0.04,0.15,0.85,1,1,0,0.01,0.99,0.35,0.65
Fangchenggang City,Medium-small-cities,10,广西壮族自治区,15.5007,13.44887163,3343.471299,132,13881.08086,85,775.4478382,104,0.038138074,5813.925092,159,24137.65728,102,1348.41763,125,0.090606818,10773.40752,415,44727.92723,267,2498.665256,326,1.324431287,5572.452165,159,23135.13477,102,1292.413064,125,0.114645361,6501.194192,658,26990.99057,423,1507.815241,517,0.484006827,13931.13041,850,57837.83693,546,3231.032659,668,0.332591741,0.546593747,0,0.6,0.702824,0.28552225,0.01165375,0.473956547,0.481922203,0.04412125,1,1,0.02,0.68204675,0,0.29795325,1,0.74,0.26,0.92,0.08,0.96,0.04,0.15,0.85,1,0.9,0.1,0.01,0.99,0.35,0.65
Foshan City,Extra-large-cities,10,广东省,272.9071,242.2858889,9689.575916,132,6462.946254,85,1847.47783,104,0.605032001,16849.0959,159,11238.34543,102,3212.558671,125,2.061110962,31221.96684,415,20825.04904,267,5952.98412,326,21.6540247,16149.29319,159,10771.57709,102,3079.129717,125,1.310117933,18840.84206,658,12566.83994,423,3592.318003,517,4.990925459,40373.23298,850,26928.94273,546,7697.824293,668,0.499922303,0.595252782,0.845928188,0.6,0.685942969,0.230557031,0.0835,0.485419034,0.348080966,0.1665,1,1,0.02,0.013248421,0.885273042,0.081478537,1,0.74,0.26,0.92,0.08,0.96,0.04,0.15,0.85,1,1,0,0.01,0.99,0.35,0.65
Fuzhou City (Fujian),Extra-large-cities,10,福建省,145.93,127.6066513,3323.763961,132,13637.94866,85,1038.28738,104,0.475903168,5779.656222,159,23714.87739,102,1805.466389,125,0.766613248,10709.9061,415,43944.50123,267,3345.592669,326,13.61169197,5539.606602,159,22729.91443,102,1730.478967,125,0.432835008,6462.874369,658,26518.2335,423,2018.892128,517,3.036305281,13849.01651,850,56824.78608,546,4326.197417,668,0.61535441,0.66080062,19.30910933,0.6,0.696921875,0.219578125,0.0835,0.501994318,0.331505682,0.1665,1,1,0.02,0.013248421,0.885273042,0.081478537,1,0.74,0.26,0.92,0.08,0.96,0.04,0.15,0.85,1,0.9,0.1,0.01,0.99,0.35,0.65
Fushun City,Medium-small-cities,10,辽宁省,28.5754,24.88398154,3259.609913,132,14149.61067,85,590.7794131,104,0.134039402,5668.099459,159,24604.60078,102,1027.299757,125,0.250073511,10503.1875,415,45593.18995,267,1903.622553,326,2.069941812,5432.683188,159,23582.68446,102,984.6323551,125,0.148043519,6338.130386,658,27513.13187,423,1148.737748,517,1.089320216,13581.70797,850,58956.71114,546,2461.580888,668,0.532990911,0.488118835,0,0.6,0.741758852,0.246587398,0.01165375,0.539673211,0.416205539,0.04412125,1,1,0.02,0.68204675,0,0.29795325,1,0.74,0.26,0.92,0.08,0.96,0.04,0.15,0.85,1,1,0,0.01,0.99,0.35,0.65
Fuzhou City (Jiangxi),Medium-small-cities,10,江西省,37.6025,32.33078066,2592.127129,132,14702.11882,85,705.7540507,104,0.088029665,4507.421064,159,25565.35106,102,1227.227877,125,0.190521345,8352.409639,415,47373.49398,267,2274.096386,326,3.050227877,4320.211882,159,24503.53137,102,1176.256751,125,0.240195228,5040.247196,658,28587.45326,423,1372.299543,517,1.702745226,10800.52971,850,61258.82842,546,2940.641878,668,0.525984857,0.573371602,0,0.6,0.702824,0.28552225,0.01165375,0.473956547,0.481922203,0.04412125,1,1,0.02,0.68204675,0,0.29795325,1,0.74,0.26,0.92,0.08,0.96,0.04,0.15,0.85,1,1,0,0.01,0.99,0.35,0.65
Fuxin City,Medium-small-cities,10,辽宁省,28.8588,25.13077145,3020.240827,132,14510.06145,85,469.69772,104,0.135368754,5251.863216,159,25231.38464,102,816.7521464,125,0.252553646,9731.88711,415,46754.64246,267,1513.470431,326,2.090470711,5033.734712,159,24183.43575,102,782.8295333,125,0.149511758,5872.690497,658,28214.00838,423,913.3011222,517,1.100123681,12584.33678,850,60458.58939,546,1957.073833,668,0.50091276,0.499994932,0,0.6,0.754737136,0.233609114,0.01165375,0.561578766,0.394299984,0.04412125,1,1,0.02,0.68204675,0,0.29795325,1,0.74,0.26,0.92,0.08,0.96,0.04,0.15,0.85,1,1,0,0.01,0.99,0.35,0.65
Fuyang City,Medium-small-cities,10,安徽省,92.9875,79.64019419,2729.903537,132,15023.15113,85,246.9453376,104,0.2542442,4746.998928,159,26123.59057,102,429.4105038,125,0.584658726,8796.355841,415,48407.9314,267,795.7127546,326,7.921714007,4549.839228,159,25038.58521,102,411.5755627,125,0.326297212,5308.145766,658,29211.68274,423,480.1714898,517,4.260391668,11374.59807,850,62596.46302,546,1028.938907,668,0.540989372,0.597602826,2.023118087,0.6,0.741758852,0.246587398,0.01165375,0.539673211,0.416205539,0.04412125,1,1,0.02,0.68204675,0,0.29795325,1,0.74,0.26,0.92,0.08,0.96,0.04,0.15,0.85,1,1,0,0.01,0.99,0.35,0.65
Ganzhou City,Largecities,10,江西省,105.325,90.5588584,2365.408205,132,15023.30653,85,611.2852665,104,0.246572021,4113.182045,159,26123.8608,102,1062.957158,125,0.533652303,7621.870883,415,48408.43215,267,1969.69697,326,8.543720528,3942.347008,159,25038.84421,102,1018.808777,125,0.672789372,4599.404843,658,29211.98492,423,1188.61024,517,4.769407378,9855.867521,850,62597.11054,546,2547.021944,668,0.536795466,0.607029459,2.777302615,0.6,0.69616,0.282815,0.021025,0.479023368,0.453501632,0.067475,1,1,0.02,0.465223316,0.453325723,0.061450961,1,0.74,0.26,0.92,0.08,0.96,0.04,0.15,0.85,1,1,0,0.01,0.99,0.35,0.65
Guyuan City,Medium-small-cities,10,宁夏回族自治区,17.92,13.95251452,4664.43934,132,12835.66507,85,499.8955941,104,0.0423046,8110.941741,159,22319.79536,102,869.2628941,125,0.11319339,15029.8601,415,41359.36521,267,1610.774692,326,2.818401072,7774.065567,159,21392.77511,102,833.1593234,125,0.093756141,9069.743161,658,24958.23763,423,972.0192107,517,0.899830281,19435.16392,850,53481.93777,546,2082.898309,668,0.327454792,0.485460783,3.853286362,0.6,0.754737136,0.233609114,0.01165375,0.561578766,0.394299984,0.04412125,1,1,0.02,0.68204675,0,0.29795325,1,0.74,0.26,0.92,0.08,0.96,0.04,0.15,0.85,1,1,0,0.01,0.99,0.35,0.65
Guang'an City,Medium-small-cities,10,四川省,39.23,35.14484416,1339.144511,132,16194.1468,85,466.7086867,104,0.072061952,2328.62351,159,28159.82194,102,811.5545496,125,0.253697556,4315.021201,415,52181.1397,267,1503.839102,326,2.62187046,2231.907518,159,26990.24467,102,777.8478111,125,0.205656255,2603.892104,658,31488.61878,423,907.489113,517,0.931869621,5579.768794,850,67475.61168,546,1944.619528,668,0.537818828,0.522591859,0,0.6,0.728780568,0.259565682,0.01165375,0.517767656,0.438111094,0.04412125,1,1,0.02,0.68204675,0,0.29795325,1,0.74,0.26,0.92,0.08,0.96,0.04,0.15,0.85,1,1,0,0.01,0.99,0.35,0.65
Guangyuan City,Medium-small-cities,10,四川省,44.13,39.53459018,1991.652725,132,15555.32212,85,453.0251595,104,0.081062807,3463.262795,159,27048.97679,102,787.7604163,125,0.285385499,6417.54767,415,50122.70459,267,1459.747736,326,2.949353643,3319.421209,159,25925.53686,102,755.0419326,125,0.231343628,3872.658077,658,30246.45967,423,880.8822547,517,1.048264247,8298.553022,850,64813.84215,546,1887.604831,668,0.467500484,0.487342991,5.665688616,0.6,0.728780568,0.259565682,0.01165375,0.517767656,0.438111094,0.04412125,1,1,0.02,0.68204675,0,0.29795325,1,0.74,0.26,0.92,0.08,0.96,0.04,0.15,0.85,1,1,0,0.01,0.99,0.35,0.65
Guangzhou City,Megacities,10,广东省,277.3517,246.231788,6796.081923,132,9140.249332,85,2063.668744,104,0.61488563,11817.63134,159,15893.87801,102,3588.49065,125,2.094678479,21898.4862,415,29451.91451,267,6649.599288,326,22.00668493,11326.80321,159,15233.74889,102,3439.447907,125,1.331454682,13214.60374,658,17772.70703,423,4012.689225,517,5.072208311,28317.00801,850,38084.37222,546,8598.619768,668,0.52206084,0.634239503,76.32275953,0.6,0.483,0.187,0.33,0.383,0.187,0.43,1,1,0.02,0.112,0.476341463,0.391658537,1,0.74,0.26,0.92,0.08,0.96,0.04,0.15,0.85,1,0.9,0.1,0.01,0.99,0.35,0.65
Guigang City,Medium-small-cities,10,广西壮族自治区,42.7409,37.08328512,3267.132813,132,14009.19702,85,723.6701636,104,0.105160128,5681.180948,159,24360.43705,102,1258.382007,125,0.249834971,10527.42795,415,45140.74596,267,2331.826083,326,3.651924443,5445.221356,159,23348.6617,102,1206.116939,125,0.316117718,6352.758248,658,27240.10532,423,1407.136429,517,1.334577624,13613.05339,850,58371.65426,546,3015.292348,668,0.478840353,0.47907134,0,0.6,0.715802284,0.272543966,0.01165375,0.495862102,0.460016648,0.04412125,1,1,0.02,0.68204675,0,0.29795325,1,0.74,0.26,0.92,0.08,0.96,0.04,0.15,0.85,1,1,0,0.01,0.99,0.35,0.65
Guiyang City,Largecities,10,贵州省,134.1511,116.1506494,5579.193658,132,11674.79948,85,746.0068641,104,0.478694972,9701.59786,159,20301.17909,102,1297.223047,125,0.787693843,17977.40179,415,37618.79832,267,2403.799895,326,13.64660588,9298.656096,159,19457.99913,102,1243.344774,125,0.742103846,10848.43211,658,22700.99899,423,1450.568902,517,2.345352086,23246.64024,850,48644.99783,546,3108.361934,668,0.47872516,0.537946134,21.58758717,0.6,0.721870455,0.257104545,0.021025,0.520250789,0.412274211,0.067475,1,1,0.02,0.465223316,0.453325723,0.061450961,1,0.74,0.26,0.92,0.08,0.96,0.04,0.15,0.85,1,1,0,0.01,0.99,0.35,0.65
Guilin City,Medium-small-cities,10,广西壮族自治区,70.3696,61.05477284,3203.703704,132,13944.44444,85,851.8518519,104,0.173138051,5570.884774,159,24247.83951,102,1481.27572,125,0.411334037,10323.04527,415,44932.09877,267,2744.855967,326,6.012612329,5339.506173,159,23240.74074,102,1419.753086,125,0.520463476,6229.423868,658,27114.19753,423,1656.378601,517,2.19727927,13348.76543,850,58101.85185,546,3549.382716,668,0.420568059,0.513930217,10.65032546,0.6,0.702824,0.28552225,0.01165375,0.473956547,0.481922203,0.04412125,1,1,0.02,0.68204675,0,0.29795325,1,0.74,0.26,0.92,0.08,0.96,0.04,0.15,0.85,1,1,0,0.01,0.99,0.35,0.65
Harbin City,Largecities,10,黑龙江省,195.2374,166.4745435,4371.074236,132,13016.03493,85,612.8908297,104,0.798968236,7600.812421,159,22633.43852,102,1065.749054,125,1.94035143,14084.57254,415,41940.55701,267,1974.870451,326,16.6147347,7285.123726,159,21693.39156,102,1021.484716,125,1.594131861,8499.311014,658,25308.95682,423,1191.732169,517,7.81467027,18212.80932,850,54233.47889,546,2553.71179,668,0.542040512,0.58013952,20.59810463,0.6,0.721870455,0.257104545,0.021025,0.520250789,0.412274211,0.067475,1,1,0.02,0.465223316,0.453325723,0.061450961,1,0.74,0.26,0.92,0.08,0.96,0.04,0.15,0.85,1,1,0,0.01,0.99,0.35,0.65
Hami City,Medium-small-cities,10,新疆维吾尔族自治区,19.69,16.31063127,2619.429173,132,14791.83885,85,588.7319723,104,0.101039712,4554.896285,159,25721.36423,102,1023.739485,125,0.136995285,8440.382891,415,47662.59186,267,1897.025244,326,2.217867181,4365.715289,159,24653.06476,102,981.2199539,125,0.131078545,5093.334503,658,28761.90888,423,1144.756613,517,0.792388008,10914.28822,850,61632.66189,546,2453.049885,668,0.382838795,0.397716864,0.366445213,0.6,0.754737136,0.233609114,0.01165375,0.561578766,0.394299984,0.04412125,1,1,0.02,0.68204675,0,0.29795325,1,0.74,0.26,0.92,0.08,0.96,0.04,0.15,0.85,1,1,0,0.01,0.99,0.35,0.65
Haidong City,Medium-small-cities,10,青海省,21.2874,17.60100597,2650.554155,132,14875.06627,85,474.3795747,104,0.104094866,4609.019169,159,25866.08746,102,824.8933715,125,0.166910733,8540.674499,415,47930.76909,267,1528.556407,326,2.661598027,4417.590258,159,24791.77712,102,790.6326244,125,0.13281069,5153.855301,658,28923.73997,423,922.4047285,517,0.620979715,11043.97565,850,61979.44279,546,1976.581561,668,0.532944394,0.539944441,0,0.6,0.741758852,0.246587398,0.01165375,0.539673211,0.416205539,0.04412125,1,1,0.02,0.68204675,0,0.29795325,1,0.74,0.26,0.92,0.08,0.96,0.04,0.15,0.85,1,1,0,0.01,0.99,0.35,0.65
Haikou City,Medium-small-cities,10,海南省,82.071,70.53465009,6697.587168,132,10178.61088,85,1123.801957,104,0.342663859,11646.35991,159,17699.47336,102,1954.166736,125,1.00394499,21581.11421,415,32797.74615,267,3621.139638,326,8.410293657,11162.64528,159,16964.35146,102,1873.003261,125,0.679316071,13023.08616,658,19791.74337,423,2185.170472,517,1.100131336,27906.6132,850,42410.87865,546,4682.508153,668,0.510256695,0.606035964,25.7487376,0.6,0.741758852,0.246587398,0.01165375,0.539673211,0.416205539,0.04412125,1,1,0.02,0.68204675,0,0.29795325,1,0.74,0.26,0.92,0.08,0.96,0.04,0.15,0.85,1,0.9,0.1,0.01,0.99,0.35,0.65
Handan City,Largecities,10,河北省,153.9156,133.2832683,4985.983567,132,12498.79169,85,515.2247463,104,0.20637022,8670.071425,159,21734.00999,102,895.9185865,125,0.633181356,16065.94705,415,40273.88432,267,1660.168627,326,12.62235307,8309.972612,159,20831.31948,102,858.7079104,125,0.414616532,9694.968047,658,24303.20606,423,1001.825895,517,6.755810552,20774.93153,850,52078.2987,546,2146.769776,668,0.444471874,0.554517952,10.28100026,0.6,0.747580909,0.231394091,0.021025,0.561478211,0.371046789,0.067475,1,1,0.02,0.465223316,0.453325723,0.061450961,1,0.74,0.26,0.92,0.08,0.96,0.04,0.15,0.85,1,1,0,0.01,0.99,0.35,0.65
Hanzhong City,Medium-small-cities,10,陕西省,33.1003,29.68199661,1791.909726,132,15718.37047,85,489.7198049,104,0.084804296,3115.931912,159,27332.49976,102,851.5683274,125,0.210531595,5773.931338,415,50648.08262,267,1577.986038,326,2.175328799,2986.516209,159,26197.28412,102,816.1996749,125,0.081352958,3484.268911,658,30563.49814,423,952.232954,517,0.866285743,7466.290523,850,65493.21029,546,2040.499187,668,0.421717447,0.475496876,1.085844107,0.6,0.715802284,0.272543966,0.01165375,0.495862102,0.460016648,0.04412125,1,1,0.02,0.68204675,0,0.29795325,1,0.74,0.26,0.92,0.08,0.96,0.04,0.15,0.85,1,1,0,0.01,0.99,0.35,0.65
Hangzhou City,Extra-large-cities,10,浙江省,274.584,248.3524372,5552.618369,132,11389.2109,85,1058.170735,104,0.530667601,9655.386386,159,19804.57228,102,1840.041333,125,1.243752189,17891.7703,415,36698.56844,267,3409.661257,326,19.5235927,9254.363949,159,18982.01816,102,1763.617891,125,0.648409475,10796.75794,658,22145.68785,423,2057.554207,517,4.285140876,23135.90987,850,47455.0454,546,4409.044728,668,0.499290685,0.703070274,43.87388762,0.6,0.685942969,0.230557031,0.0835,0.485419034,0.348080966,0.1665,1,1,0.02,0.013248421,0.885273042,0.081478537,1,0.74,0.26,0.92,0.08,0.96,0.04,0.15,0.85,1,1,0,0.01,0.99,0.35,0.65
Hefei City,Extra-large-cities,10,安徽省,216.4758,185.4031429,3778.326417,132,13766.87503,85,454.7985502,104,0.591882957,6570.089825,159,23939.06603,102,790.8441456,125,1.361091173,12174.60734,415,44359.93066,267,1465.461995,326,18.44182688,6297.210695,159,22944.79172,102,757.9975837,125,0.759623067,7346.745811,658,26768.92367,423,884.3305143,517,9.918233038,15743.02674,850,57361.9793,546,1894.993959,668,0.482083839,0.674222212,14.19154675,0.6,0.707900781,0.208599219,0.0835,0.518569602,0.314930398,0.1665,1,1,0.02,0.013248421,0.885273042,0.081478537,1,0.74,0.26,0.92,0.08,0.96,0.04,0.15,0.85,1,1,0,0.01,0.99,0.35,0.65
Hechi City,Medium-small-cities,10,广西壮族自治区,32.5873,28.27371761,3381.579088,132,14059.22775,85,559.1931642,104,0.080178111,5880.190303,159,24447.43492,102,972.37478,125,0.190483755,10896.19928,415,45301.95608,267,1801.84464,326,2.784367138,5635.965146,159,23432.04625,102,931.9886071,125,0.241020262,6575.292671,658,27337.38729,423,1087.320042,517,1.017533122,14089.91287,850,58580.11562,546,2329.971518,668,0.318286898,0.445952453,0.085613847,0.6,0.715802284,0.272543966,0.01165375,0.495862102,0.460016648,0.04412125,1,1,0.02,0.68204675,0,0.29795325,1,0.74,0.26,0.92,0.08,0.96,0.04,0.15,0.85,1,1,0,0.01,0.99,0.35,0.65
Heyuan City,Medium-small-cities,10,广东省,41.7966,37.10686305,3120.795984,132,14163.40119,85,715.8028261,104,0.092662597,5426.717461,159,24628.58096,102,1244.701581,125,0.315665772,10055.89817,415,45637.62606,267,2306.475773,326,3.31638352,5201.32664,159,23605.66865,102,1193.00471,125,0.200648775,6068.214413,658,27539.94676,423,1391.838829,517,0.764376284,13003.3166,850,59014.17163,546,2982.511775,668,0.604290603,0.528687888,0,0.6,0.702824,0.28552225,0.01165375,0.473956547,0.481922203,0.04412125,1,1,0.02,0.68204675,0,0.29795325,1,0.74,0.26,0.92,0.08,0.96,0.04,0.15,0.85,1,1,0,0.01,0.99,0.35,0.65
Heze City,Largecities,10,山东省,118.3422,104.0717311,2678.835737,132,14823.70994,85,497.4543267,104,0.204162048,4658.197698,159,25776.7845,102,865.0178015,125,0.67409115,8631.804042,415,47765.28757,267,1602.908386,326,8.672559402,4464.726228,159,24706.18323,102,829.0905445,125,0.406796698,5208.847267,658,28823.88043,423,967.2723019,517,4.312859616,11161.81557,850,61765.45807,546,2072.726361,668,0.521023061,0.547751755,0,0.6,0.734725682,0.244249318,0.021025,0.5408645,0.3916605,0.067475,1,1,0.02,0.465223316,0.453325723,0.061450961,1,0.74,0.26,0.92,0.08,0.96,0.04,0.15,0.85,1,1,0,0.01,0.99,0.35,0.65
Hezhou City,Medium-small-cities,10,广西壮族自治区,22.6107,19.61772061,3290.564464,132,14119.55149,85,589.8840431,104,0.055631587,5721.925985,159,24552.33121,102,1025.742808,125,0.132167165,10602.92994,415,45496.33259,267,1900.737472,326,1.931933301,5484.274107,159,23532.58582,102,983.1400719,125,0.167231923,6398.319792,658,27454.68346,423,1146.99675,517,0.706015416,13710.68527,850,58831.46455,546,2457.85018,668,0.434633406,0.48150126,0,0.6,0.702824,0.28552225,0.01165375,0.473956547,0.481922203,0.04412125,1,1,0.02,0.68204675,0,0.29795325,1,0.74,0.26,0.92,0.08,0.96,0.04,0.15,0.85,1,1,0,0.01,0.99,0.35,0.65
Hebi City,Medium-small-cities,10,河南省,27.758,24.50000173,3134.8756,132,14562.6364,85,302.4879965,104,0.063112693,5451.200349,159,25322.80663,102,525.9930162,125,0.136945899,10101.26582,415,46924.05063,267,974.6835443,326,1.990729968,5224.792667,159,24271.06067,102,504.1466608,125,0.068472949,6095.591445,658,28316.23745,423,588.1711043,517,0.998736758,13061.98167,850,60677.65168,546,1260.366652,668,0.424735756,0.55748919,0,0.6,0.754737136,0.233609114,0.01165375,0.561578766,0.394299984,0.04412125,1,1,0.02,0.68204675,0,0.29795325,1,0.74,0.26,0.92,0.08,0.96,0.04,0.15,0.85,1,1,0,0.01,0.99,0.35,0.65
Hegang City,Medium-small-cities,10,黑龙江省,10,8.526775275,3452.564371,132,14029.01772,85,518.4179117,104,0.040922909,6003.625823,159,24394.90303,102,901.4711464,125,0.099384208,11124.92964,415,45204.61264,267,1670.457715,326,0.851001637,5754.273952,159,23381.6962,102,864.0298528,125,0.081650947,6713.31961,658,27278.64556,423,1008.034828,517,0.400265025,14385.68488,850,58454.24049,546,2160.074632,668,0.439094892,0.440777186,0,0.6,0.741758852,0.246587398,0.01165375,0.539673211,0.416205539,0.04412125,1,1,0.02,0.68204675,0,0.29795325,1,0.74,0.26,0.92,0.08,0.96,0.04,0.15,0.85,1,1,0,0.01,0.99,0.35,0.65
Heihe City,Medium-small-cities,10,黑龙江省,22.3434,19.05171507,2975.337243,132,14714.07026,85,310.5924971,104,0.091435693,5173.780872,159,25586.13329,102,540.0858421,125,0.222058111,9587.197782,415,47412.00417,267,1000.798046,326,1.901426997,4958.895405,159,24523.45043,102,517.6541618,125,0.182435977,5785.377972,658,28610.69217,423,603.9298554,517,0.894328155,12397.23851,850,61308.62608,546,1294.135405,668,0.464752378,0.411977447,0.34479751,0.6,0.728780568,0.259565682,0.01165375,0.517767656,0.438111094,0.04412125,1,1,0.02,0.68204675,0,0.29795325,1,0.74,0.26,0.92,0.08,0.96,0.04,0.15,0.85,1,1,0,0.01,0.99,0.35,0.65
Hengshui City,Medium-small-cities,10,河北省,83.8,72.56663965,3789.069621,132,13560.35305,85,650.577334,104,0.11235914,6588.771063,159,23579.94724,102,1131.281697,125,0.34473827,12209.22433,415,43694.47092,267,2096.304743,326,6.872293562,6315.116034,159,22600.58841,102,1084.295557,125,0.225739726,7367.635373,658,26367.35314,423,1265.011483,517,3.678229655,15787.79009,850,56501.47102,546,2710.738892,668,0.445313143,0.536828634,0,0.6,0.754737136,0.233609114,0.01165375,0.561578766,0.394299984,0.04412125,1,1,0.02,0.68204675,0,0.29795325,1,0.74,0.26,0.92,0.08,0.96,0.04,0.15,0.85,1,1,0,0.01,0.99,0.35,0.65
Hengyang City,Largecities,10,湖南省,62.6219,55.96609736,1311.072222,132,16122.78295,85,566.1448233,104,0.304112536,2279.80892,159,28035.72814,102,984.4629428,125,0.444972262,4224.56605,415,51951.18952,267,1824.244431,326,4.272022662,2185.120371,159,26871.30492,102,943.5747056,125,0.356122281,2549.307099,658,31349.85574,423,1100.837157,517,1.278572897,5462.800927,850,67178.26231,546,2358.936764,668,0.532848783,0.562412828,1.731822152,0.6,0.721870455,0.257104545,0.021025,0.520250789,0.412274211,0.067475,1,1,0.02,0.465223316,0.453325723,0.061450961,1,0.74,0.26,0.92,0.08,0.96,0.04,0.15,0.85,1,1,0,0.01,0.99,0.35,0.65
Honghe Hani and Yi Autonomous Prefecture,Medium-small-cities,10,云南省,55.38,47.08004466,1780.17837,132,15702.80116,85,517.0204748,104,0.155132348,3095.532387,159,27305.42645,102,899.041159,125,0.236820396,5736.130302,415,50597.91483,267,1665.954863,326,6.328200715,2966.963949,159,26171.33526,102,861.7007914,125,0.373216954,3461.457941,658,30533.22447,423,1005.31759,517,1.20658493,7417.409873,850,65428.33815,546,2154.251978,668,0.426126789,0.459811496,0,0.6,0.728780568,0.259565682,0.01165375,0.517767656,0.438111094,0.04412125,1,1,0.02,0.68204675,0,0.29795325,1,0.74,0.26,0.92,0.08,0.96,0.04,0.15,0.85,1,1,0,0.01,0.99,0.35,0.65
Hohhot City,Medium-small-cities,10,内蒙古自治区,120.3595,105.5248529,4793.845789,132,12343.86647,85,862.2877426,104,0.253816785,8335.965177,159,21464.61225,102,1499.422575,125,0.637688452,15446.83643,415,39774.68084,267,2778.482726,326,9.313607655,7989.742981,159,20573.11078,102,1437.146238,125,0.308355929,9321.366811,658,24001.96258,423,1676.670611,517,4.321178326,19974.35745,850,51432.77695,546,3592.865594,668,0.447799084,0.610306377,18.15686026,0.6,0.754737136,0.233609114,0.01165375,0.561578766,0.394299984,0.04412125,1,1,0.02,0.68204675,0,0.29795325,1,0.74,0.26,0.92,0.08,0.96,0.04,0.15,0.85,1,1,0,0.01,0.99,0.35,0.65
Hulunbuir City,Medium-small-cities,10,内蒙古自治区,43.5885,38.21609469,4544.471029,132,13139.70665,85,315.8223239,104,0.091920396,7902.330178,159,22848.48989,102,549.17993,125,0.2309405,14643.29554,415,42339.05475,267,1017.64971,326,3.372946774,7574.118381,159,21899.51108,102,526.3705399,125,0.111671886,8836.471445,658,25549.42959,423,614.0989632,517,1.564925756,18935.29595,850,54748.7777,546,1315.92635,668,0.371607288,0.47928633,3.570640176,0.6,0.741758852,0.246587398,0.01165375,0.539673211,0.416205539,0.04412125,1,1,0.02,0.68204675,0,0.29795325,1,0.74,0.26,0.92,0.08,0.96,0.04,0.15,0.85,1,1,0,0.01,0.99,0.35,0.65
Huludao City,Medium-small-cities,10,辽宁省,42,36.57436903,3295.903749,132,14223.49695,85,480.5993033,104,0.197010537,5731.210409,159,24733.0808,102,835.7087885,125,0.367556971,10620.1343,415,45831.26794,267,1548.597755,326,3.042391571,5493.172916,159,23705.82825,102,800.9988388,125,0.217593727,6408.701735,658,27656.79962,423,934.4986453,517,1.601078167,13732.93229,850,59264.57061,546,2002.497097,668,0.482121796,0.563086792,0,0.6,0.741758852,0.246587398,0.01165375,0.539673211,0.416205539,0.04412125,1,1,0.02,0.68204675,0,0.29795325,1,0.74,0.26,0.92,0.08,0.96,0.04,0.15,0.85,1,0.9,0.1,0.01,0.99,0.35,0.65
Huzhou City,Largecities,10,浙江省,88.6936,80.22052166,4216.88193,132,12962.73795,85,820.3801218,104,0.171411371,7332.689134,159,22540.76099,102,1426.549878,125,0.401745401,13587.73066,415,41768.82228,267,2643.447059,326,6.306331474,7028.13655,159,21604.56325,102,1367.300203,125,0.209443269,8199.492642,658,25205.32379,423,1595.18357,517,1.384146821,17570.34138,850,54011.40812,546,3418.250507,668,0.5143505,0.776403093,0,0.6,0.709015227,0.269959773,0.021025,0.499637079,0.432887921,0.067475,1,1,0.02,0.465223316,0.453325723,0.061450961,1,0.74,0.26,0.92,0.08,0.96,0.04,0.15,0.85,1,1,0,0.01,0.99,0.35,0.65
Huaihua City,Medium-small-cities,10,湖南省,41.2396,36.85642672,1877.990201,132,15502.06552,85,619.944279,104,0.200273057,3265.616294,159,26956.36949,102,1078.014218,125,0.293036112,6051.301758,415,49951.10001,267,1997.598232,326,2.81333696,3129.983668,159,25836.77587,102,1033.240465,125,0.234524031,3651.647613,658,30142.90518,423,1205.447209,517,0.842003115,7824.95917,850,64591.93967,546,2583.101162,668,0.410438147,0.546187801,3.610780696,0.6,0.728780568,0.259565682,0.01165375,0.517767656,0.438111094,0.04412125,1,1,0.02,0.68204675,0,0.29795325,1,0.74,0.26,0.92,0.08,0.96,0.04,0.15,0.85,1,1,0,0.01,0.99,0.35,0.65
Huai'an City,Largecities,10,江苏省,63.21,58.51251803,4195.68024,132,13221.40275,85,582.9170061,104,0.13114039,7295.82175,159,22990.55034,102,1013.627905,125,0.382465138,13519.41411,415,42602.29776,267,1878.288131,326,2.14505838,6992.8004,159,22035.67126,102,971.5283436,125,0.371177104,8158.267133,658,25708.28313,423,1133.449734,517,1.66764096,17482.001,850,55089.17814,546,2428.820859,668,0.526303068,0.581916109,6.997867054,0.6,0.734725682,0.244249318,0.021025,0.5408645,0.3916605,0.067475,1,1,0.02,0.465223316,0.453325723,0.061450961,1,0.74,0.26,0.92,0.08,0.96,0.04,0.15,0.85,1,1,0,0.01,0.99,0.35,0.65
Huaibei City,Medium-small-cities,10,安徽省,30.9678,26.52272193,4642.256084,132,12993.40459,85,364.3393223,104,0.084671418,8072.367523,159,22594.08688,102,633.5455993,125,0.194709983,14958.38071,415,41867.63703,267,1173.982261,326,2.638183143,7737.093473,159,21655.67432,102,607.2322038,125,0.108667367,9026.609052,658,25264.95338,423,708.4375711,517,1.418846158,19342.73368,850,54139.18581,546,1518.080509,668,0.47394092,0.55572938,0,0.6,0.741758852,0.246587398,0.01165375,0.539673211,0.416205539,0.04412125,1,1,0.02,0.68204675,0,0.29795325,1,0.74,0.26,0.92,0.08,0.96,0.04,0.15,0.85,1,1,0,0.01,0.99,0.35,0.65
Huainan City,Medium-small-cities,10,安徽省,36.8604,31.56950573,3246.861925,132,14353.55649,85,399.58159,104,0.100782825,5645.932125,159,24959.23989,102,694.827987,125,0.231759694,10462.11065,415,46250.34868,267,1287.540679,326,3.140180637,5411.436541,159,23922.59414,102,665.9693166,125,0.129344759,6313.342631,658,27909.69317,423,776.9642027,517,1.688826359,13528.59135,850,59806.48536,546,1664.923291,668,0.509117095,0.560607944,0,0.6,0.741758852,0.246587398,0.01165375,0.539673211,0.416205539,0.04412125,1,1,0.02,0.68204675,0,0.29795325,1,0.74,0.26,0.92,0.08,0.96,0.04,0.15,0.85,1,1,0,0.01,0.99,0.35,0.65
Huanggang City,Medium-small-cities,10,湖北省,48.5984,42.78303697,2480.51108,132,15076.93336,85,442.5555565,104,0.157294752,4313.333156,159,26217.1119,102,769.5549399,125,0.349796273,7992.757925,415,48581.22973,267,1426.012349,326,3.621186413,4134.185134,159,25128.22227,102,737.5925942,125,0.329921484,4823.215989,658,29316.25932,423,860.5246932,517,1.35716411,10335.46283,850,62820.55568,546,1843.981485,668,0.493379072,0.570249787,0,0.6,0.728780568,0.259565682,0.01165375,0.517767656,0.438111094,0.04412125,1,1,0.02,0.68204675,0,0.29795325,1,0.74,0.26,0.92,0.08,0.96,0.04,0.15,0.85,1,1,0,0.01,0.99,0.35,0.65
Huangshan City,Medium-small-cities,10,安徽省,21.0622,18.03895898,3823.96088,132,13315.40342,85,860.6356968,104,0.057587764,6649.443086,159,23154.00706,102,1496.549851,125,0.132428542,12321.65173,415,42905.18881,267,2773.159468,326,1.79431348,6373.268134,159,22192.33904,102,1434.392828,125,0.073908183,7435.479489,658,25891.06221,423,1673.458299,517,0.965003053,15933.17033,850,55480.8476,546,3585.98207,668,0.360729465,0.580438322,1.247488968,0.6,0.715802284,0.272543966,0.01165375,0.495862102,0.460016648,0.04412125,1,1,0.02,0.68204675,0,0.29795325,1,0.74,0.26,0.92,0.08,0.96,0.04,0.15,0.85,1,1,0,0.01,0.99,0.35,0.65
Huangshi City,Medium-small-cities,10,湖北省,24.8889,21.91065403,2719.27783,132,14870.54201,85,410.1801631,104,0.080556013,4728.522005,159,25858.22027,102,713.257728,125,0.179142615,8762.117454,415,47916.19091,267,1321.691637,326,1.854533205,4532.129717,159,24784.23668,102,683.6336052,125,0.168964057,5287.48467,658,28914.94279,423,797.5725394,517,0.69505008,11330.32429,850,61960.59169,546,1709.084013,668,0.497548764,0.561224079,0,0.6,0.728780568,0.259565682,0.01165375,0.517767656,0.438111094,0.04412125,1,1,0.02,0.68204675,0,0.29795325,1,0.74,0.26,0.92,0.08,0.96,0.04,0.15,0.85,1,1,0,0.01,0.99,0.35,0.65
Huizhou City,Largecities,10,广东省,130.4393,115.8035161,4763.720712,132,12546.9638,85,689.3154886,104,0.289182475,8283.581016,159,21817.77594,102,1198.643044,125,0.985133297,15349.76674,415,40429.10558,267,2221.127686,326,10.34980704,7939.53452,159,20911.60633,102,1148.859148,125,0.626186956,9262.790273,658,24396.87405,423,1340.335672,517,2.385474116,19848.8363,850,52279.01583,546,2872.147869,668,0.432697857,0.557066917,2.962081217,0.6,0.69616,0.282815,0.021025,0.479023368,0.453501632,0.067475,1,1,0.02,0.465223316,0.453325723,0.061450961,1,0.74,0.26,0.92,0.08,0.96,0.04,0.15,0.85,1,0.9,0.1,0.01,0.99,0.35,0.65
Jixi City,Medium-small-cities,10,黑龙江省,21.9,18.67363785,3365.897903,132,14114.00667,85,520.0954314,104,0.089621171,5852.922465,159,24542.68937,102,904.3881668,125,0.217651415,10845.67102,415,45478.46592,267,1675.863057,326,1.863693585,5609.829838,159,23523.34444,102,866.8257189,125,0.178815574,6544.801478,658,27443.90185,423,1011.296672,517,0.876580404,14024.5746,850,58808.36111,546,2167.064297,668,0.419050005,0.470606869,0.392140245,0.6,0.728780568,0.259565682,0.01165375,0.517767656,0.438111094,0.04412125,1,1,0.02,0.68204675,0,0.29795325,1,0.74,0.26,0.92,0.08,0.96,0.04,0.15,0.85,1,1,0,0.01,0.99,0.35,0.65
Ji'an City (Jiangxi),Medium-small-cities,10,江西省,49.7006,42.73277567,2441.279711,132,15096.58008,85,462.1402066,104,0.116352028,4245.114164,159,26251.27537,102,803.6104704,125,0.251819033,7866.345736,415,48644.53582,267,1489.118443,326,4.031597783,4068.799519,159,25160.9668,102,770.2336777,125,0.31747482,4746.932772,658,29354.46127,423,898.6059573,517,2.250580663,10171.9988,850,62902.41701,546,1925.584194,668,0.514809593,0.54499241,1.27690834,0.6,0.702824,0.28552225,0.01165375,0.473956547,0.481922203,0.04412125,1,1,0.02,0.68204675,0,0.29795325,1,0.74,0.26,0.92,0.08,0.96,0.04,0.15,0.85,1,1,0,0.01,0.99,0.35,0.65
Jilin City,Medium-small-cities,10,吉林省,61.3329,54.24783135,3291.342708,132,14083.94013,85,624.7171594,104,0.183034355,5723.279264,159,24490.40701,102,1086.313727,125,0.493100016,10605.43761,415,45381.58487,267,2012.977514,326,4.073197359,5485.57118,159,23473.23355,102,1041.195266,125,0.249964828,6399.833043,658,27385.43915,423,1214.72781,517,2.085772088,13713.92795,850,58683.08389,546,2602.988164,668,0.502788631,0.540542257,0,0.6,0.728780568,0.259565682,0.01165375,0.517767656,0.438111094,0.04412125,1,1,0.02,0.68204675,0,0.29795325,1,0.74,0.26,0.92,0.08,0.96,0.04,0.15,0.85,1,1,0,0.01,0.99,0.35,0.65
Jinan City,Extra-large-cities,10,山东省,257.8872,226.7894912,5430.667142,132,11725.39229,85,843.9405715,104,0.444902823,9443.326753,159,20389.15436,102,1467.518883,125,1.468955953,17498.81635,415,37781.81959,267,2719.364064,326,18.89893936,9051.111904,159,19542.32048,102,1406.567619,125,0.886477195,10559.63055,658,22799.37389,423,1640.995556,517,9.398433444,22627.77976,850,48855.80119,546,3516.419048,668,0.50785903,0.619021803,20.1933617,0.6,0.707900781,0.208599219,0.0835,0.518569602,0.314930398,0.1665,1,1,0.02,0.013248421,0.885273042,0.081478537,1,0.74,0.26,0.92,0.08,0.96,0.04,0.15,0.85,1,1,0,0.01,0.99,0.35,0.65
Jining City,Largecities,10,山东省,155.2222,136.5045018,2910.365667,132,14516.9129,85,572.72143,104,0.267786827,5060.802521,159,25243.29855,102,995.898931,125,0.884163986,9377.844928,415,46776.71935,267,1845.435719,326,11.37526385,4850.609445,159,24194.85484,102,954.5357166,125,0.533570261,5659.044353,658,28227.33064,423,1113.625003,517,5.656913238,12126.52361,850,60487.13709,546,2386.339292,668,0.499174839,0.552493049,1.924003807,0.6,0.747580909,0.231394091,0.021025,0.561478211,0.371046789,0.067475,1,1,0.02,0.465223316,0.453325723,0.061450961,1,0.74,0.26,0.92,0.08,0.96,0.04,0.15,0.85,1,1,0,0.01,0.99,0.35,0.65
Jiamusi City,Medium-small-cities,10,黑龙江省,29.8106,25.4188287,3298.768732,132,14240.36823,85,460.8630355,104,0.121993647,5736.192296,159,24762.41809,102,801.3896118,125,0.296270286,10629.36592,415,45885.63097,267,1485.003114,326,2.53688694,5497.947887,159,23733.94705,102,768.1050592,125,0.243406372,6414.272535,658,27689.6049,423,896.1225691,517,1.193214054,13744.86972,850,59334.86763,546,1920.262648,668,0.459998294,0.425178634,1.099596704,0.6,0.741758852,0.246587398,0.01165375,0.539673211,0.416205539,0.04412125,1,1,0.02,0.68204675,0,0.29795325,1,0.74,0.26,0.92,0.08,0.96,0.04,0.15,0.85,1,1,0,0.01,0.99,0.35,0.65
Jiaxing City,Largecities,10,浙江省,147.8138,133.6928498,6936.776062,132,10153.23359,85,909.9903475,104,0.285668483,12062.28282,159,17655.34508,102,1582.372104,125,0.669535506,22351.83398,415,32715.9749,267,2932.19112,326,10.50992202,11561.29344,159,16922.05598,102,1516.650579,125,0.349051177,13488.17568,658,19742.39865,423,1769.425676,517,2.306772996,28903.23359,850,42305.13996,546,3791.626448,668,0.495013187,0.72512115,0,0.6,0.709015227,0.269959773,0.021025,0.499637079,0.432887921,0.067475,1,1,0.02,0.465223316,0.453325723,0.061450961,1,0.74,0.26,0.92,0.08,0.96,0.04,0.15,0.85,1,0.9,0.1,0.01,0.99,0.35,0.65
Jiayuguan City,Medium-small-cities,10,甘肃省,7.31,5.966725887,4412.39369,132,8416.945573,85,5170.660737,104,0.023145119,7672.66236,159,14636.13314,102,8991.204504,125,0.051219291,14217.713,415,27121.26907,267,16661.01793,326,0.982381706,7353.989483,159,14028.24262,102,8617.767895,125,0.055505424,8579.654396,658,16366.28306,423,10054.06254,517,0.231022574,18384.97371,850,35070.60656,546,21544.41974,668,0.494193992,0.509774697,0.735291312,0.6,0.741758852,0.246587398,0.01165375,0.539673211,0.416205539,0.04412125,1,1,0.02,0.68204675,0,0.29795325,1,0.74,0.26,0.92,0.08,0.96,0.04,0.15,0.85,1,1,0,0.01,0.99,0.35,0.65
Jiangmen City,Largecities,10,广东省,88.0028,78.12855227,6377.693905,132,10699.54708,85,922.7590111,104,0.195101228,11090.10107,159,18605.32354,102,1604.575392,125,0.664634726,20550.34703,415,34476.31838,267,2973.334591,326,6.982650159,10629.48984,159,17832.57847,102,1537.931685,125,0.422466277,12401.07148,658,20804.67489,423,1794.253633,517,1.60939534,26573.7246,850,44581.44618,546,3844.829213,668,0.475015105,0.531685222,0,0.6,0.69616,0.282815,0.021025,0.479023368,0.453501632,0.067475,1,1,0.02,0.465223316,0.453325723,0.061450961,1,0.74,0.26,0.92,0.08,0.96,0.04,0.15,0.85,1,0.9,0.1,0.01,0.99,0.35,0.65
Jiaozuo City,Medium-small-cities,10,河南省,59.0428,52.11285764,6199.087209,132,11268.03997,85,532.872826,104,0.134244187,10779.52387,159,19593.8695,102,926.6066362,125,0.291291495,19974.83656,415,36308.12878,267,1717.034661,326,4.234392657,10331.81201,159,18780.06661,102,888.1213766,125,0.145645748,12053.78068,658,21910.07771,423,1036.141606,517,2.124368278,25829.53004,850,46950.16652,546,2220.303441,668,0.472947776,0.582739701,0,0.6,0.741758852,0.246587398,0.01165375,0.539673211,0.416205539,0.04412125,1,1,0.02,0.68204675,0,0.29795325,1,0.74,0.26,0.92,0.08,0.96,0.04,0.15,0.85,1,1,0,0.01,0.99,0.35,0.65
Jieyang City,Medium-small-cities,10,广东省,59.0227,52.40012934,4041.793569,132,13304.53395,85,653.6724777,104,0.130852669,7028.229928,159,23135.10626,102,1136.663808,125,0.445764636,13023.55705,415,42870.16496,267,2106.277984,326,4.683201734,6736.322615,159,22174.22326,102,1089.45413,125,0.283344397,7859.04305,658,25869.92713,423,1271.029818,517,1.079407227,16840.80654,850,55435.55814,546,2723.635324,668,0.583173628,0.626386212,8.060732328,0.6,0.702824,0.28552225,0.01165375,0.473956547,0.481922203,0.04412125,1,1,0.02,0.68204675,0,0.29795325,1,0.74,0.26,0.92,0.08,0.96,0.04,0.15,0.85,1,0.9,0.1,0.01,0.99,0.35,0.65
Jinchang City,Medium-small-cities,10,甘肃省,8.51,6.946215773,4154.724307,132,13297.7645,85,547.5111884,104,0.026944591,7224.603935,159,23123.33494,102,952.0611221,125,0.059627382,13387.44499,415,42848.35229,267,1764.202718,326,1.143648197,6924.540512,159,22162.94084,102,912.5186474,125,0.064617121,8078.630598,658,25856.76431,423,1064.605089,517,0.268946936,17311.35128,850,55407.3521,546,2281.296618,668,0.46166434,0.498246059,0.200560186,0.6,0.754737136,0.233609114,0.01165375,0.561578766,0.394299984,0.04412125,1,1,0.02,0.68204675,0,0.29795325,1,0.74,0.26,0.92,0.08,0.96,0.04,0.15,0.85,1,1,0,0.01,0.99,0.35,0.65
Jinhua City,Largecities,10,浙江省,207.2702,187.4692601,4169.568744,132,13236.1739,85,594.257351,104,0.400575342,7250.41676,159,23016.23573,102,1033.347505,125,0.938848458,13435.27706,415,42649.89369,267,1914.829242,326,14.7374172,6949.28124,159,22060.28984,102,990.4289184,125,0.489452996,8107.49478,658,25737.00482,423,1155.500405,517,3.234645888,17373.2031,850,55150.7246,546,2476.072296,668,0.498245926,0.718797597,2.1735061,0.6,0.69616,0.282815,0.021025,0.479023368,0.453501632,0.067475,1,1,0.02,0.465223316,0.453325723,0.061450961,1,0.74,0.26,0.92,0.08,0.96,0.04,0.15,0.85,1,1,0,0.01,0.99,0.35,0.65
Jinzhou City,Medium-small-cities,10,辽宁省,47.2959,41.18613572,3043.564768,132,14456.11504,85,500.3201934,104,0.221852158,5292.420958,159,25137.57782,102,870.0012252,125,0.41390328,9807.042031,415,46580.81512,267,1612.142845,326,3.426015416,5072.607947,159,24093.52506,102,833.866989,125,0.245030742,5918.042605,658,28109.11257,423,972.8448205,517,1.802962688,12681.51987,850,60233.81266,546,2084.667472,668,0.517574812,0.549972353,0.500445471,0.6,0.741758852,0.246587398,0.01165375,0.539673211,0.416205539,0.04412125,1,1,0.02,0.68204675,0,0.29795325,1,0.74,0.26,0.92,0.08,0.96,0.04,0.15,0.85,1,0.9,0.1,0.01,0.99,0.35,0.65
Jincheng City,Medium-small-cities,10,山西省,46.7224,41.35913541,4574.595939,132,12625.36262,85,800.0414422,104,0.080551309,7954.714049,159,21954.10278,102,1391.183174,125,0.238352643,14740.36469,415,40681.724,267,2577.911314,326,2.924276604,7624.326564,159,21042.27103,102,1333.402404,125,0.083852592,8895.047659,658,24549.3162,423,1555.636138,517,2.03623144,19060.81641,850,52605.67758,546,3333.506009,668,0.499481097,0.54155575,0,0.6,0.754737136,0.233609114,0.01165375,0.561578766,0.394299984,0.04412125,1,1,0.02,0.68204675,0,0.29795325,1,0.74,0.26,0.92,0.08,0.96,0.04,0.15,0.85,1,1,0,0.01,0.99,0.35,0.65
Jinzhong City,Medium-small-cities,10,山西省,67.4302,59.68988692,4861.689563,132,12438.988,85,699.3224343,104,0.116252394,8453.937962,159,21630.01803,102,1216.044011,125,0.343992739,15665.44415,415,40081.18356,267,2253.372288,326,4.220343053,8102.815938,159,20731.64667,102,1165.53739,125,0.121016836,9453.285261,658,24186.92112,423,1359.793622,517,2.938708055,20257.03985,850,51829.11668,546,2913.843476,668,0.40591708,0.518296854,0,0.6,0.754737136,0.233609114,0.01165375,0.561578766,0.394299984,0.04412125,1,1,0.02,0.68204675,0,0.29795325,1,0.74,0.26,0.92,0.08,0.96,0.04,0.15,0.85,1,1,0,0.01,0.99,0.35,0.65
Jingmen City,Medium-small-cities,10,湖北省,37.6966,33.18576396,3526.501845,132,14473.49815,85,0,104,0.122009724,6132.194875,159,25167.80512,102,0,125,0.271328483,11363.17261,415,46636.82739,267,0,326,2.808866459,5877.503075,159,24122.49692,102,0,125,0.255912092,6857.086921,658,28142.91308,423,0,517,1.052719278,14693.75769,850,60306.24231,546,0,668,0.535818032,0.624141459,0,0.6,0.741758852,0.246587398,0.01165375,0.539673211,0.416205539,0.04412125,1,1,0.02,0.68204675,0,0.29795325,1,0.74,0.26,0.92,0.08,0.96,0.04,0.15,0.85,1,1,0,0.01,0.99,0.35,0.65
Jingzhou City,Medium-small-cities,10,湖北省,53.6687,47.24661668,2549.650178,132,15450.34982,85,0,104,0.173705408,4433.558365,159,26866.44163,102,0,125,0.386290726,8215.539462,415,49784.46054,267,0,326,3.998986947,4249.416963,159,25750.58304,102,0,125,0.364342389,4957.653124,658,30042.34688,423,0,517,1.498757849,10623.54241,850,64376.45759,546,0,668,0.543155722,0.606397502,0,0.6,0.728780568,0.259565682,0.01165375,0.517767656,0.438111094,0.04412125,1,1,0.02,0.68204675,0,0.29795325,1,0.74,0.26,0.92,0.08,0.96,0.04,0.15,0.85,1,1,0,0.01,0.99,0.35,0.65
Jingdezhen City,Medium-small-cities,10,江西省,23.4326,20.14744368,3703.444465,132,13636.76552,85,659.7900166,104,0.054857095,6439.878431,159,23712.82004,102,1147.301529,125,0.118726427,11933.32105,415,43940.68889,267,2125.990053,326,1.900798345,6172.407442,159,22727.94253,102,1099.650028,125,0.149681502,7201.142015,658,26515.93295,423,1282.925032,517,1.061092953,15431.0186,850,56819.85633,546,2749.125069,668,0.426992158,0.573498703,0.504984463,0.6,0.715802284,0.272543966,0.01165375,0.495862102,0.460016648,0.04412125,1,1,0.02,0.68204675,0,0.29795325,1,0.74,0.26,0.92,0.08,0.96,0.04,0.15,0.85,1,1,0,0.01,0.99,0.35,0.65
Jiujiang City,Largecities,10,江西省,61.3696,52.76582878,2421.947896,132,15066.01709,85,512.0350109,104,0.143669844,4211.498287,159,26198.12972,102,890.3719912,125,0.310942591,7804.054333,415,48546.05508,267,1649.890591,326,4.978160088,4036.579827,159,25110.02849,102,853.3916849,125,0.392013431,4709.343132,658,29295.03324,423,995.6236324,517,2.778985265,10091.44957,850,62775.07122,546,2133.479212,668,0.366051062,0.573951081,0,0.6,0.721870455,0.257104545,0.021025,0.520250789,0.412274211,0.067475,1,1,0.02,0.465223316,0.453325723,0.061450961,1,0.74,0.26,0.92,0.08,0.96,0.04,0.15,0.85,1,1,0,0.01,0.99,0.35,0.65
Jiuquan City,Medium-small-cities,10,甘肃省,20.48,16.71662738,3171.549697,132,14186.68708,85,641.7632236,104,0.064844327,5514.972529,159,24669.07253,102,1115.954939,125,0.143498094,10219.43791,415,45712.65837,267,2067.903721,326,2.752281442,5285.916162,159,23644.47847,102,1069.605373,125,0.155506303,6166.902189,658,27585.22488,423,1247.872935,517,0.647242451,13214.79041,850,59111.19616,546,2674.013432,668,0.479992183,0.505156229,1.918287567,0.6,0.754737136,0.233609114,0.01165375,0.561578766,0.394299984,0.04412125,1,1,0.02,0.68204675,0,0.29795325,1,0.74,0.26,0.92,0.08,0.96,0.04,0.15,0.85,1,1,0,0.01,0.99,0.35,0.65
Kashgar Prefecture,Medium-small-cities,10,新疆维吾尔族自治区,60.22,49.88452083,3146.228791,132,14244.00668,85,609.7645331,104,0.309020387,5470.942287,159,24768.74494,102,1060.312771,125,0.418987102,10137.84833,415,45897.35484,267,1964.796829,326,6.783136702,5243.714652,159,23740.01113,102,1016.274222,125,0.400891313,6117.667094,658,27696.67965,423,1185.653259,517,2.423443669,13109.28663,850,59350.02782,546,2540.685554,668,0.388664875,0.375836687,2.030135626,0.6,0.754737136,0.233609114,0.01165375,0.561578766,0.394299984,0.04412125,1,1,0.02,0.68204675,0,0.29795325,1,0.74,0.26,0.92,0.08,0.96,0.04,0.15,0.85,1,1,0,0.01,0.99,0.35,0.65
Kaifeng City,Medium-small-cities,10,河南省,64.4348,56.87199047,3005.046257,132,14122.582,85,872.371741,104,0.146503847,5225.441548,159,24557.60093,102,1516.957527,125,0.317893278,9682.926829,415,45506.09756,267,2810.97561,326,4.621092563,5008.410429,159,23537.63667,102,1453.952902,125,0.158946639,5843.1455,658,27460.57611,423,1696.278385,517,2.318373199,12521.02607,850,58844.09167,546,3634.882254,668,0.495047873,0.561726784,0,0.6,0.741758852,0.246587398,0.01165375,0.539673211,0.416205539,0.04412125,1,1,0.02,0.68204675,0,0.29795325,1,0.74,0.26,0.92,0.08,0.96,0.04,0.15,0.85,1,1,0,0.01,0.99,0.35,0.65
Karamay City,Medium-small-cities,10,新疆维吾尔族自治区,15.3,12.67408118,4461.973133,132,10435.33163,85,3102.695238,104,0.07851232,7758.875503,159,18145.88222,102,5395.242274,125,0.106451389,14377.46898,415,33624.95747,267,9997.573543,326,1.723380796,7436.621888,159,17392.21938,102,5171.158729,125,0.101853821,8676.05887,658,20290.92261,423,6033.018518,517,0.615720494,18591.55472,850,43480.54846,546,12927.89682,668,0.267366028,0.433168936,1.450759782,0.6,0.754737136,0.233609114,0.01165375,0.561578766,0.394299984,0.04412125,1,1,0.02,0.68204675,0,0.29795325,1,0.74,0.26,0.92,0.08,0.96,0.04,0.15,0.85,1,1,0,0.01,0.99,0.35,0.65
Kizilsu Kirgiz Autonomous Prefecture,Medium-small-cities,10,新疆维吾尔族自治区,13.7546,11.39391614,2480.236313,132,15320.58141,85,199.1822798,104,0.070582063,4312.855366,159,26640.78878,102,346.3558531,125,0.095699103,7991.872563,415,49366.31787,267,641.8095681,326,1.549308072,4133.727188,159,25534.30235,102,331.9704663,125,0.091565919,4822.681719,658,29790.0194,423,387.2988773,517,0.5535287,10334.31797,850,63835.75586,546,829.9261657,668,0.428675781,0.262166543,0,0.6,0.754737136,0.233609114,0.01165375,0.561578766,0.394299984,0.04412125,1,1,0.02,0.68204675,0,0.29795325,1,0.74,0.26,0.92,0.08,0.96,0.04,0.15,0.85,1,1,0,0.01,0.99,0.35,0.65
Kunming City,Largecities,10,云南省,250.39,212.8633511,1634.997791,132,15438.79806,85,926.2041538,104,0.701401023,2843.079491,159,26846.3544,102,1610.566112,125,1.070737794,5268.326214,415,49747.23818,267,2984.435607,326,28.61174028,2724.996318,159,25731.33009,102,1543.67359,125,1.687428548,3179.162371,658,30019.88511,423,1800.952521,517,5.45534129,6812.490794,850,64328.32523,546,3859.183974,668,0.449437219,0.601460619,43.60154094,0.6,0.734725682,0.244249318,0.021025,0.5408645,0.3916605,0.067475,1,1,0.02,0.465223316,0.453325723,0.061450961,1,0.74,0.26,0.92,0.08,0.96,0.04,0.15,0.85,1,1,0,0.01,0.99,0.35,0.65
Lhasa City,Medium-small-cities,10,西藏自治区,25.7008,16.79347921,2851.73181,132,14593.22006,85,555.0481277,104,0.134607766,4958.844758,159,25375.98822,102,965.167022,125,0.199590825,9188.913609,415,47022.59798,267,1788.488411,326,5.769567347,4752.88635,159,24322.03344,102,925.0802128,125,0.863346361,5545.034075,658,28375.70568,423,1079.260248,517,1.940208488,11882.21587,850,60805.08359,546,2312.700532,668,0.355588995,0.582088836,3.133041581,0.6,0.728780568,0.259565682,0.01165375,0.517767656,0.438111094,0.04412125,1,1,0.02,0.68204675,0,0.29795325,1,0.74,0.26,0.92,0.08,0.96,0.04,0.15,0.85,1,1,0,0.01,0.99,0.35,0.65
Laibin City,Medium-small-cities,10,广西壮族自治区,23.2455,20.1684921,3439.94746,132,14017.76891,85,542.2836289,104,0.057193455,5981.686417,159,24375.34261,102,942.970977,125,0.135877785,11084.27515,415,45168.36649,267,1747.35836,326,1.986172721,5733.245767,159,23362.94818,102,903.8060482,125,0.171926993,6688.786728,658,27256.77288,423,1054.44039,517,0.725836942,14333.11442,850,58407.37046,546,2259.515121,668,0.484182268,0.495090696,0,0.6,0.715802284,0.272543966,0.01165375,0.495862102,0.460016648,0.04412125,1,1,0.02,0.68204675,0,0.29795325,1,0.74,0.26,0.92,0.08,0.96,0.04,0.15,0.85,1,1,0,0.01,0.99,0.35,0.65
Lanzhou City,Medium-small-cities,10,甘肃省,92.49,75.49418294,5046.794813,132,12046.05301,85,907.1521787,104,0.292844327,8775.815425,159,20946.74773,102,1577.436844,125,0.64805365,16261.8944,415,38815.05969,267,2923.045909,326,12.42961478,8411.324689,159,20076.75501,102,1511.920298,125,0.702284081,9813.212137,658,23422.88085,423,1763.907014,517,2.923020229,21028.31172,850,50191.88753,546,3779.800745,668,0.563199148,0.571234029,17.20042051,0.6,0.754737136,0.233609114,0.01165375,0.561578766,0.394299984,0.04412125,1,1,0.02,0.68204675,0,0.29795325,1,0.74,0.26,0.92,0.08,0.96,0.04,0.15,0.85,1,1,0,0.01,0.99,0.35,0.65
Langfang City,Largecities,10,河北省,85.5844,74.11184146,4541.953472,132,12843.25172,85,614.794807,104,0.114751665,7897.952427,159,22332.98771,102,1069.059859,125,0.352078973,14635.18341,415,41383.8111,267,1981.005489,326,7.018629131,7569.922454,159,21405.41953,102,1024.658012,125,0.230546528,8831.576196,658,24972.98946,423,1195.434347,517,3.756552244,18924.80613,850,53513.54884,546,2561.645029,668,0.481644301,0.647204518,0,0.6,0.747580909,0.231394091,0.021025,0.561478211,0.371046789,0.067475,1,1,0.02,0.465223316,0.453325723,0.061450961,1,0.74,0.26,0.92,0.08,0.96,0.04,0.15,0.85,1,1,0,0.01,0.99,0.35,0.65
Leshan City,Medium-small-cities,10,四川省,60.09,53.83262007,2749.15203,132,14712.88341,85,537.9645558,104,0.11037988,4780.469919,159,25584.06949,102,935.4605887,125,0.388597658,8858.378764,415,47408.17989,267,1733.441347,326,4.016013152,4581.92005,159,24521.47236,102,896.607593,125,0.315011072,5345.573392,658,28608.38442,423,1046.042192,517,1.427378168,11454.80013,850,61303.68089,546,2241.518983,668,0.477169612,0.519403544,0,0.6,0.715802284,0.272543966,0.01165375,0.495862102,0.460016648,0.04412125,1,1,0.02,0.68204675,0,0.29795325,1,0.74,0.26,0.92,0.08,0.96,0.04,0.15,0.85,1,1,0,0.01,0.99,0.35,0.65
Lijiang City,Medium-small-cities,10,云南省,20.39,17.33409373,2105.070809,132,15642.07401,85,252.855185,104,0.057117165,3660.484239,159,27199.82869,102,439.6870717,125,0.087193353,6783.005939,415,50402.23847,267,814.7555962,326,2.329938833,3508.451348,159,26070.12334,102,421.4253084,125,0.137412309,4093.193239,658,30415.1439,423,491.6628598,517,0.444244614,8771.128369,850,65175.30836,546,1053.563271,668,0.359056559,0.503070336,7.934617775,0.6,0.728780568,0.259565682,0.01165375,0.517767656,0.438111094,0.04412125,1,1,0.02,0.68204675,0,0.29795325,1,0.74,0.26,0.92,0.08,0.96,0.04,0.15,0.85,1,1,0,0.01,0.99,0.35,0.65
Lishui City,Medium-small-cities,10,浙江省,42.852,38.75826209,2019.081024,132,15500.39858,85,480.5203916,104,0.082816799,3510.957559,159,26953.47087,102,835.5715698,125,0.194101873,6505.927745,415,49945.72877,267,1548.343484,326,3.046881808,3365.13504,159,25833.99764,102,800.8673193,125,0.101191777,3925.99088,658,30139.66391,423,934.3452058,517,0.668745655,8412.837601,850,64584.9941,546,2002.168298,668,0.508609335,0.621929349,0,0.6,0.702824,0.28552225,0.01165375,0.473956547,0.481922203,0.04412125,1,1,0.02,0.68204675,0,0.29795325,1,0.74,0.26,0.92,0.08,0.96,0.04,0.15,0.85,1,1,0,0.01,0.99,0.35,0.65
Lianyungang City,Largecities,10,江苏省,73.41,67.95450006,5264.810378,132,12208.70858,85,526.4810378,104,0.152302105,9154.920268,159,21229.58771,102,915.4920268,125,0.444182341,16964.38899,415,39339.17211,267,1696.438899,326,2.491199742,8774.683963,159,20347.84764,102,877.4683963,125,0.431072792,10237.13129,658,23739.15558,423,1023.713129,517,1.936742966,21936.70991,850,50869.6191,546,2193.670991,668,0.49683653,0.552841323,2.546630392,0.6,0.734725682,0.244249318,0.021025,0.5408645,0.3916605,0.067475,1,1,0.02,0.465223316,0.453325723,0.061450961,1,0.74,0.26,0.92,0.08,0.96,0.04,0.15,0.85,1,0.9,0.1,0.01,0.99,0.35,0.65
Liaoyang City,Medium-small-cities,10,辽宁省,27.5223,23.96692278,3909.83386,132,13542.93779,85,547.228345,104,0.129099597,6798.766657,159,23549.66405,102,951.5692888,125,0.240857458,12598.35355,415,43638.35512,267,1763.291334,326,1.993657465,6516.389767,159,22571.56299,102,912.0472417,125,0.142587615,7602.454728,658,26333.49016,423,1064.055115,517,1.049175087,16290.97442,850,56428.90748,546,2280.118104,668,0.546625931,0.513728364,0,0.6,0.741758852,0.246587398,0.01165375,0.539673211,0.416205539,0.04412125,1,1,0.02,0.68204675,0,0.29795325,1,0.74,0.26,0.92,0.08,0.96,0.04,0.15,0.85,1,1,0,0.01,0.99,0.35,0.65
Liaoyuan City,Medium-small-cities,10,吉林省,15.2145,13.45694774,2775.798262,132,14587.82957,85,636.3721665,104,0.04540428,4826.804756,159,25366.61475,102,1106.580489,125,0.122320487,8944.238844,415,47005.22862,267,2050.532536,326,1.010414659,4626.330437,159,24313.04929,102,1060.620277,125,0.062007338,5397.38551,658,28365.22417,423,1237.390324,517,0.517405494,11565.82609,850,60782.62321,546,2651.550694,668,0.518072434,0.498094499,0,0.6,0.728780568,0.259565682,0.01165375,0.517767656,0.438111094,0.04412125,1,1,0.02,0.68204675,0,0.29795325,1,0.74,0.26,0.92,0.08,0.96,0.04,0.15,0.85,1,1,0,0.01,0.99,0.35,0.65
Liaocheng City,Medium-small-cities,10,山东省,107.7707,94.77501102,2581.586507,132,14946.32717,85,472.0863199,104,0.185924267,4489.092092,159,25990.00225,102,820.9056563,125,0.613874637,8318.44541,415,48160.38756,267,1521.167031,326,7.89784031,4302.644178,159,24910.54529,102,786.8105332,125,0.370457579,5019.751541,658,29062.30284,423,917.945622,517,3.927592184,10756.61044,850,62276.36322,546,1967.026333,668,0.531240512,0.525849863,0,0.6,0.754737136,0.233609114,0.01165375,0.561578766,0.394299984,0.04412125,1,1,0.02,0.68204675,0,0.29795325,1,0.74,0.26,0.92,0.08,0.96,0.04,0.15,0.85,1,1,0,0.01,0.99,0.35,0.65
Nyingchi City,Medium-small-cities,10,西藏自治区,13.7757,9.001351382,2545.567995,132,15263.57552,85,190.8564814,104,0.072150135,4426.459902,159,26541.66188,102,331.8782149,125,0.106981235,8202.385761,415,49182.63224,267,614.9819957,326,3.092504082,4242.613324,159,25439.29254,102,318.0941357,125,0.462756041,4949.715545,658,29679.17463,423,371.109825,517,1.039957125,10606.53331,850,63598.23135,546,795.2353392,668,0.161447787,0.468881977,0.550644959,0.6,0.754737136,0.233609114,0.01165375,0.561578766,0.394299984,0.04412125,1,1,0.02,0.68204675,0,0.29795325,1,0.74,0.26,0.92,0.08,0.96,0.04,0.15,0.85,1,1,0,0.01,0.99,0.35,0.65
Lincang City,Medium-small-cities,10,云南省,22.2,18.87282397,1343.955626,132,16590.46169,85,65.5826853,104,0.062187399,2336.989505,159,28848.96949,102,114.0410028,125,0.09493342,4330.523683,415,53458.15433,267,211.321986,326,2.536765184,2239.926043,159,27650.76948,102,109.3044755,125,0.149610263,2613.24705,658,32259.23106,423,127.5218881,517,0.483679766,5599.815107,850,69126.9237,546,273.2611888,668,0.401803971,0.495803541,1.028473188,0.6,0.728780568,0.259565682,0.01165375,0.517767656,0.438111094,0.04412125,1,1,0.02,0.68204675,0,0.29795325,1,0.74,0.26,0.92,0.08,0.96,0.04,0.15,0.85,1,1,0,0.01,0.99,0.35,0.65
Linfen City,Medium-small-cities,10,山西省,72.5605,64.23127975,5307.872907,132,12069.49444,85,622.6326499,104,0.125097239,9229.801221,159,20987.50978,102,1082.688997,125,0.37016478,17103.14603,415,38890.59321,267,2006.260761,326,4.54143992,8846.454844,159,20115.82407,102,1037.721083,125,0.130224175,10320.86398,658,23468.46142,423,1210.674597,517,3.162294133,22116.13711,850,50289.56018,546,2594.302708,668,0.483371041,0.560965358,1.343960193,0.6,0.754737136,0.233609114,0.01165375,0.561578766,0.394299984,0.04412125,1,1,0.02,0.68204675,0,0.29795325,1,0.74,0.26,0.92,0.08,0.96,0.04,0.15,0.85,1,1,0,0.01,0.99,0.35,0.65
Linyi City,Largecities,10,山东省,262.1406,230.5299887,3319.76594,132,14132.46772,85,547.7663443,104,0.45224072,5772.704107,159,24574.79108,102,952.5048097,125,1.493183822,10697.02358,415,45537.95153,267,1765.024887,326,19.21064443,5532.943233,159,23554.11286,102,912.9439071,125,0.901098092,6455.100439,658,27479.79834,423,1065.101225,517,9.553444227,13832.35808,850,58885.28215,546,2282.359768,668,0.534122452,0.640372835,3.449143125,0.6,0.721870455,0.257104545,0.021025,0.520250789,0.412274211,0.067475,1,1,0.02,0.465223316,0.453325723,0.061450961,1,0.74,0.26,0.92,0.08,0.96,0.04,0.15,0.85,1,1,0,0.01,0.99,0.35,0.65
Liuzhou City,Largecities,10,广西壮族自治区,79.6307,69.08998061,5159.904166,132,11995.3408,85,844.7550318,104,0.195924152,8972.500021,159,20858.56484,102,1468.935139,125,0.465468289,16626.35787,415,38651.6537,267,2721.988436,326,6.80391147,8599.840276,159,19992.23467,102,1407.925053,125,0.588959876,10033.14699,658,23324.27378,423,1642.579228,517,2.486455605,21499.60069,850,49980.58668,546,3519.812632,668,0.471355719,0.548697305,2.376995089,0.6,0.69616,0.282815,0.021025,0.479023368,0.453501632,0.067475,1,1,0.02,0.465223316,0.453325723,0.061450961,1,0.74,0.26,0.92,0.08,0.96,0.04,0.15,0.85,1,1,0,0.01,0.99,0.35,0.65
Lu'an City,Medium-small-cities,10,安徽省,59.2794,50.77051138,2747.855918,132,14986.03284,85,266.1112472,104,0.162080318,4778.216123,159,26059.04599,102,462.737891,125,0.372719113,8854.202401,415,48288.32802,267,857.4695745,326,5.050081498,4579.759863,159,24976.72139,102,443.5187454,125,0.208014012,5343.053173,658,29139.50829,423,517.4385363,517,2.715993675,11449.39966,850,62441.80348,546,1108.796864,668,0.503693414,0.594567195,0,0.6,0.728780568,0.259565682,0.01165375,0.517767656,0.438111094,0.04412125,1,1,0.02,0.68204675,0,0.29795325,1,0.74,0.26,0.92,0.08,0.96,0.04,0.15,0.85,1,1,0,0.01,0.99,0.35,0.65
Liupanshui City,Medium-small-cities,10,贵州省,55.52,48.07030321,3213.295677,132,14107.79152,85,678.912802,104,0.198113507,5587.56415,159,24531.88192,102,1180.553928,125,0.3259963,10353.95274,415,45458.43934,267,2187.607918,326,5.647807273,5355.492795,159,23512.98587,102,1131.521337,125,0.307128346,6248.074928,658,27431.81685,423,1320.108226,517,0.970651361,13388.73199,850,58782.46467,546,2828.803342,668,0.465328787,0.431030036,0.518015018,0.6,0.728780568,0.259565682,0.01165375,0.517767656,0.438111094,0.04412125,1,1,0.02,0.68204675,0,0.29795325,1,0.74,0.26,0.92,0.08,0.96,0.04,0.15,0.85,1,1,0,0.01,0.99,0.35,0.65
Longyan City,Medium-small-cities,10,福建省,109,95.31367775,3736.171367,132,13421.90889,85,841.9197397,104,0.355468001,6496.786876,159,23339.20824,102,1464.004881,125,0.572609087,12038.7744,415,43248.3731,267,2712.852495,326,10.1670282,6226.952278,159,22369.84816,102,1403.199566,125,0.323298951,7264.777657,658,26098.15618,423,1637.066161,517,2.267918013,15567.38069,850,55924.62039,546,3507.998915,668,0.614705789,0.611898148,0.390395252,0.6,0.728780568,0.259565682,0.01165375,0.517767656,0.438111094,0.04412125,1,1,0.02,0.68204675,0,0.29795325,1,0.74,0.26,0.92,0.08,0.96,0.04,0.15,0.85,1,1,0,0.01,0.99,0.35,0.65
Longnan City,Medium-small-cities,10,甘肃省,19.11,15.59837643,3091.765073,132,14582.572,85,325.662923,104,0.060506596,5376.235932,159,25357.47243,102,566.2916384,125,0.133898857,9962.354123,415,46988.28757,267,1049.358308,326,2.568168865,5152.941788,159,24304.28667,102,542.7715384,125,0.145103782,6011.765419,658,28355.00112,423,633.2334615,517,0.603945471,12882.35447,850,60760.71668,546,1356.928846,668,0.451244335,0.414405327,0.343101234,0.6,0.754737136,0.233609114,0.01165375,0.561578766,0.394299984,0.04412125,1,1,0.02,0.68204675,0,0.29795325,1,0.74,0.26,0.92,0.08,0.96,0.04,0.15,0.85,1,1,0,0.01,0.99,0.35,0.65
Loudi City,Medium-small-cities,10,湖南省,40.8804,36.53540449,1503.178808,132,16128.47682,85,368.3443709,104,0.198528664,2613.860927,159,28045.62914,102,640.5099338,125,0.290483746,4843.576159,415,51969.53642,267,1186.887417,326,2.788832585,2505.298013,159,26880.7947,102,613.9072848,125,0.232481309,2922.847682,658,31360.92715,423,716.2251656,517,0.834669204,6263.245033,850,67201.98675,546,1534.768212,668,0.464272727,0.538331823,0,0.6,0.702824,0.28552225,0.01165375,0.473956547,0.481922203,0.04412125,1,1,0.02,0.68204675,0,0.29795325,1,0.74,0.26,0.92,0.08,0.96,0.04,0.15,0.85,1,1,0,0.01,0.99,0.35,0.65
Luzhou City,Medium-small-cities,10,四川省,73.38,65.73868632,2635.624612,132,14744.91256,85,619.4628291,104,0.134792404,4583.058353,159,25639.76462,102,1077.177031,125,0.474543121,8492.568194,415,47511.38491,267,1996.046894,326,4.904227743,4392.707687,159,24574.85427,102,1032.438048,125,0.384681519,5124.825634,658,28670.66331,423,1204.511056,517,1.743068897,10981.76922,850,61437.13566,546,2581.095121,668,0.47271816,0.49375767,2.377493357,0.6,0.728780568,0.259565682,0.01165375,0.517767656,0.438111094,0.04412125,1,1,0.02,0.68204675,0,0.29795325,1,0.74,0.26,0.92,0.08,0.96,0.04,0.15,0.85,1,1,0,0.01,0.99,0.35,0.65
Luoyang City,Largecities,10,河南省,119.8284,105.7639602,3912.330431,132,13613.88945,85,473.7801174,104,0.272450935,6803.107917,159,23673.0411,102,823.850982,125,0.591181208,12606.39806,415,43866.97712,267,1526.624823,326,8.593774297,6520.550719,159,22689.81575,102,789.6335291,125,0.295590604,7607.309172,658,26471.45171,423,921.2391172,517,4.311442746,16301.3768,850,56724.53938,546,1974.083823,668,0.572090431,0.595724294,34.24259324,0.6,0.734725682,0.244249318,0.021025,0.5408645,0.3916605,0.067475,1,1,0.02,0.465223316,0.453325723,0.061450961,1,0.74,0.26,0.92,0.08,0.96,0.04,0.15,0.85,1,1,0,0.01,0.99,0.35,0.65
Luohe City,Medium-small-cities,10,河南省,36.537,32.24859728,3798.895028,132,13783.42541,85,417.679558,104,0.083073293,6605.856354,159,23967.8453,102,726.2983425,125,0.180257667,12240.88398,415,44413.25967,267,1345.856354,326,2.62033651,6331.491713,159,22972.37569,102,696.1325967,125,0.090128833,7386.740331,658,26801.10497,423,812.1546961,517,1.314606417,15828.72928,850,57430.93923,546,1740.331492,668,0.461422712,0.576854423,0,0.6,0.741758852,0.246587398,0.01165375,0.539673211,0.416205539,0.04412125,1,1,0.02,0.68204675,0,0.29795325,1,0.74,0.26,0.92,0.08,0.96,0.04,0.15,0.85,1,1,0,0.01,0.99,0.35,0.65
Lüliang City,Medium-small-cities,10,山西省,46,40.71965971,4745.473298,132,12703.75888,85,550.7678203,104,0.079305862,8251.850791,159,22090.42517,102,957.7240431,125,0.234667345,15290.96952,415,40934.33417,267,1774.69631,326,2.8790628,7909.122164,159,21172.93147,102,917.9463672,125,0.082556102,9227.309191,658,24701.75338,423,1070.937428,517,2.004748177,19772.80541,850,52932.32867,546,2294.865918,668,0.568334507,0.513881079,0.826075663,0.6,0.754737136,0.233609114,0.01165375,0.561578766,0.394299984,0.04412125,1,1,0.02,0.68204675,0,0.29795325,1,0.74,0.26,0.92,0.08,0.96,0.04,0.15,0.85,1,1,0,0.01,0.99,0.35,0.65
Ma'anshan City,Medium-small-cities,10,安徽省,30.7566,26.34183731,4462.56648,132,13009.68226,85,527.7512614,104,0.08409396,7759.907269,159,22622.39193,102,917.7008046,125,0.193382063,14379.38088,415,41920.08728,267,1700.531842,326,2.620190768,7437.6108,159,21682.80376,102,879.5854357,125,0.107926257,8677.212601,658,25296.60439,423,1026.183008,517,1.409169645,18594.027,850,54207.00941,546,2198.963589,668,0.527917011,0.612190298,0,0.6,0.741758852,0.246587398,0.01165375,0.539673211,0.416205539,0.04412125,1,1,0.02,0.68204675,0,0.29795325,1,0.74,0.26,0.92,0.08,0.96,0.04,0.15,0.85,1,1,0,0.01,0.99,0.35,0.65
Maoming City,Largecities,10,广东省,71.5422,63.51489398,2920.427549,132,14566.75528,85,512.8171662,104,0.158608261,5078.299016,159,25329.96891,102,891.7320724,125,0.540317246,9410.266547,415,46937.32258,267,1652.410869,326,5.676571134,4867.379248,159,24277.92547,102,854.695277,125,0.343445514,5678.609123,658,28324.24639,423,997.1444899,517,1.308363862,12168.44812,850,60694.81369,546,2136.738193,668,0.542511825,0.509242561,0,0.6,0.709015227,0.269959773,0.021025,0.499637079,0.432887921,0.067475,1,1,0.02,0.465223316,0.453325723,0.061450961,1,0.74,0.26,0.92,0.08,0.96,0.04,0.15,0.85,1,0.9,0.1,0.01,0.99,0.35,0.65
Meishan City,Medium-small-cities,10,四川省,59.77,53.54594278,2228.840294,132,15138.4093,85,632.7504038,104,0.109792069,3875.705622,159,26324.01173,102,1100.282647,125,0.386528241,7181.818724,415,48779.31886,267,2038.862412,326,3.994626495,3714.733823,159,25230.68217,102,1054.584006,125,0.313333529,4333.856127,658,29435.79587,423,1230.348007,517,1.419776887,9286.834557,850,63076.70543,546,2636.460016,668,0.431765041,0.559443901,0,0.6,0.715802284,0.272543966,0.01165375,0.495862102,0.460016648,0.04412125,1,1,0.02,0.68204675,0,0.29795325,1,0.74,0.26,0.92,0.08,0.96,0.04,0.15,0.85,1,1,0,0.01,0.99,0.35,0.65
Meizhou City,Medium-small-cities,10,广东省,57.8645,51.37188377,3350.75983,132,14030.12599,85,619.1141799,104,0.128284952,5826.599038,159,24396.83019,102,1076.570768,125,0.437017415,10796.89279,415,45208.18375,267,1994.923468,326,4.59130346,5584.599717,159,23383.54332,102,1031.856966,125,0.277784342,6515.366336,658,27280.80054,423,1203.833127,517,1.058226064,13961.49929,850,58458.85829,546,2579.642416,668,0.450904238,0.51314495,1.278328106,0.6,0.715802284,0.272543966,0.01165375,0.495862102,0.460016648,0.04412125,1,1,0.02,0.68204675,0,0.29795325,1,0.74,0.26,0.92,0.08,0.96,0.04,0.15,0.85,1,1,0,0.01,0.99,0.35,0.65
Mianyang City,Medium-small-cities,10,四川省,85.25,76.37262208,2223.80315,132,15206.05291,85,570.1439433,104,0.156596517,3866.946588,159,26441.63644,102,991.4169681,125,0.551305548,7165.587927,415,48997.28159,267,1837.130484,326,5.697539045,3706.338583,159,25343.42151,102,950.2399055,125,0.446907869,4324.06168,658,29567.3251,423,1108.613223,517,2.025028938,9265.846458,850,63358.55378,546,2375.599764,668,0.496579076,0.504717405,22.87711127,0.6,0.728780568,0.259565682,0.01165375,0.517767656,0.438111094,0.04412125,1,1,0.02,0.68204675,0,0.29795325,1,0.74,0.26,0.92,0.08,0.96,0.04,0.15,0.85,1,1,0,0.01,0.99,0.35,0.65
Mudanjiang City,Medium-small-cities,10,黑龙江省,28.9631,24.6961845,3610.849565,132,13901.63573,85,487.514702,104,0.118525431,6278.866188,159,24173.39991,102,847.7338985,125,0.287847474,11634.95971,415,44794.15958,267,1570.880707,326,2.464764551,6018.082608,159,23169.39289,102,812.5245034,125,0.236486455,7021.096376,658,27030.95837,423,947.945254,517,1.159291593,15045.20652,850,57923.48222,546,2031.311258,668,0.444023462,0.477705016,1.032857737,0.6,0.728780568,0.259565682,0.01165375,0.517767656,0.438111094,0.04412125,1,1,0.02,0.68204675,0,0.29795325,1,0.74,0.26,0.92,0.08,0.96,0.04,0.15,0.85,1,1,0,0.01,0.99,0.35,0.65
Nagqu City,Medium-small-cities,10,西藏自治区,13.7757,9.001351382,1880.700584,132,15846.17389,85,273.1255256,104,0.072150135,3270.32935,159,27554.73571,102,474.9349417,125,0.106981235,6060.035217,415,51059.89365,267,880.0711379,326,3.092504082,3134.500974,159,26410.28982,102,455.2092093,125,0.462756041,3656.917803,658,30812.00479,423,531.0774108,517,1.039957125,7836.252435,850,66025.72454,546,1138.023023,668,0.430143925,0.522721003,0,0.6,0.741758852,0.246587398,0.01165375,0.539673211,0.416205539,0.04412125,1,1,0.02,0.68204675,0,0.29795325,1,0.74,0.26,0.92,0.08,0.96,0.04,0.15,0.85,1,1,0,0.01,0.99,0.35,0.65
Nanchang City,Largecities,10,江西省,116.5112,100.1767981,2446.134559,132,14908.48308,85,645.3823652,104,0.272759573,4253.556206,159,25924.19557,102,1122.248224,125,0.590329648,7881.989135,415,48038.44547,267,2079.565399,326,9.451119213,4076.890932,159,24847.47179,102,1075.637275,125,0.744243978,4756.372754,658,28988.71709,423,1254.910155,517,5.27594946,10192.22733,850,62118.67948,546,2689.093188,668,0.460623615,0.690388369,17.00888336,0.6,0.709015227,0.269959773,0.021025,0.499637079,0.432887921,0.067475,1,1,0.02,0.465223316,0.453325723,0.061450961,1,0.74,0.26,0.92,0.08,0.96,0.04,0.15,0.85,1,1,0,0.01,0.99,0.35,0.65
Nanchong City,Medium-small-cities,10,四川省,83.57,74.8675663,2232.821635,132,15187.67255,85,579.5058185,104,0.15351051,3882.628731,159,26409.67504,102,1007.696229,125,0.54044111,7194.64749,415,48938.05598,267,1867.296526,326,5.585259096,3721.369391,159,25312.78758,102,965.8430309,125,0.43810077,4341.597623,658,29531.58551,423,1126.816869,517,1.985122209,9303.423478,850,63281.96894,546,2414.607577,668,0.45987806,0.492297049,1.997910006,0.6,0.728780568,0.259565682,0.01165375,0.517767656,0.438111094,0.04412125,1,1,0.02,0.68204675,0,0.29795325,1,0.74,0.26,0.92,0.08,0.96,0.04,0.15,0.85,1,1,0,0.01,0.99,0.35,0.65
Nanjing City,Extra-large-cities,10,江苏省,269.94,249.8792773,7277.461191,132,9801.139713,85,921.3990961,104,0.560038552,12654.6964,159,17043.09295,102,1602.21065,125,1.633327626,23449.59717,415,31581.45019,267,2968.952643,326,9.160529332,12129.10198,159,16335.23286,102,1535.66516,125,1.585121776,14150.61898,658,19057.77166,423,1791.609354,517,7.121705438,30322.75496,850,40838.08214,546,3839.1629,668,0.509929766,0.669261743,46.35888858,0.6,0.707900781,0.208599219,0.0835,0.518569602,0.314930398,0.1665,1,1,0.02,0.013248421,0.885273042,0.081478537,1,0.74,0.26,0.92,0.08,0.96,0.04,0.15,0.85,1,1,0,0.01,0.99,0.35,0.65
Nanning City,Largecities,10,广西壮族自治区,176.1627,152.8440354,4883.750662,132,12308.89621,85,807.3531301,104,0.433432428,8492.299763,159,21403.80285,102,1403.897387,125,1.029730375,15736.52991,415,39661.99889,267,2601.471197,326,15.05192614,8139.584437,159,20514.82701,102,1345.58855,125,1.302924148,9496.181844,658,23933.96485,423,1569.853308,517,5.500651543,20348.96109,850,51287.06753,546,3363.971375,668,0.420944406,0.571679316,17.86587963,0.6,0.721870455,0.257104545,0.021025,0.520250789,0.412274211,0.067475,1,1,0.02,0.465223316,0.453325723,0.061450961,1,0.74,0.26,0.92,0.08,0.96,0.04,0.15,0.85,1,1,0,0.01,0.99,0.35,0.65
Nanping City,Medium-small-cities,10,福建省,29.25,25.57729426,3347.172609,132,13388.69044,85,1264.136955,104,0.095389349,5820.361259,159,23281.44504,102,2198.193705,125,0.153658861,10785.33396,415,43141.33585,267,4073.330188,326,2.728308026,5578.621015,159,22314.48406,102,2106.894925,125,0.086756829,6508.391184,658,26033.56474,423,2458.044079,517,0.608592678,13946.55254,850,55786.21015,546,5267.237312,668,0.613722706,0.579194526,1.137869082,0.6,0.702824,0.28552225,0.01165375,0.473956547,0.481922203,0.04412125,1,1,0.02,0.68204675,0,0.29795325,1,0.74,0.26,0.92,0.08,0.96,0.04,0.15,0.85,1,1,0,0.01,0.99,0.35,0.65
Nantong City,Extra-large-cities,10,江苏省,181.23,167.7618042,3129.873106,132,14295.01534,85,575.1115583,104,0.375993876,5442.501567,159,24857.44333,102,1000.055099,125,1.096569481,10085.14667,415,46061.71608,267,1853.137244,326,6.150117548,5216.455176,159,23825.02556,102,958.5192639,125,1.064205451,6085.864372,658,27795.86315,423,1118.272475,517,4.781309463,13041.13794,850,59562.5639,546,2396.29816,668,0.576407035,0.67373705,5.688229288,0.6,0.696921875,0.219578125,0.0835,0.501994318,0.331505682,0.1665,1,1,0.02,0.013248421,0.885273042,0.081478537,1,0.74,0.26,0.92,0.08,0.96,0.04,0.15,0.85,1,0.9,0.1,0.01,0.99,0.35,0.65
Nanyang City,Largecities,10,河南省,114.3854,100.9598133,3139.654786,132,14505.26788,85,355.0773369,104,0.260075318,5459.510822,159,25223.04914,102,617.4400359,125,0.564327813,10116.66542,415,46739.19649,267,1144.138086,326,8.203416807,5232.757977,159,24175.44646,102,591.7955615,125,0.282163906,6104.884306,658,28204.68754,423,690.4281551,517,4.115602838,13081.89494,850,60438.61615,546,1479.488904,668,0.482174185,0.570240078,10.02564543,0.6,0.747580909,0.231394091,0.021025,0.561478211,0.371046789,0.067475,1,1,0.02,0.465223316,0.453325723,0.061450961,1,0.74,0.26,0.92,0.08,0.96,0.04,0.15,0.85,1,1,0,0.01,0.99,0.35,0.65
Neijiang City,Medium-small-cities,10,四川省,47.01,42.1146858,1365.546549,132,16199.57504,85,434.8784135,104,0.086353106,2374.533722,159,28169.26104,102,756.2052412,125,0.30401025,4400.094436,415,52198.63068,267,1401.274888,326,3.141833554,2275.910915,159,26999.29173,102,724.7973558,125,0.246441512,2655.229401,658,31499.17368,423,845.5969151,517,1.116675781,5689.777288,850,67498.22932,546,1811.993389,668,0.273361093,0.497387463,0,0.6,0.728780568,0.259565682,0.01165375,0.517767656,0.438111094,0.04412125,1,1,0.02,0.68204675,0,0.29795325,1,0.74,0.26,0.92,0.08,0.96,0.04,0.15,0.85,1,1,0,0.01,0.99,0.35,0.65
Ningbo City,Extra-large-cities,10,浙江省,277.0211,250.5567161,5973.626374,132,11129.14286,85,897.2307692,104,0.535377598,10387.47253,159,19352.34286,102,1560.184615,125,1.254791246,19248.35165,415,35860.57143,267,2891.076923,326,19.69687646,9956.043956,159,18548.57143,102,1495.384615,125,0.654164503,11615.38462,658,21640,423,1744.615385,517,4.323174108,24890.10989,850,46371.42857,546,3738.461538,668,0.53241497,0.650081913,14.24697807,0.6,0.674964063,0.241535938,0.0835,0.46884375,0.36465625,0.1665,1,1,0.02,0.013248421,0.885273042,0.081478537,1,0.74,0.26,0.92,0.08,0.96,0.04,0.15,0.85,1,0.9,0.1,0.01,0.99,0.35,0.65
Ningde City,Medium-small-cities,10,福建省,27.78,24.29187126,3955.652857,132,13416.97402,85,627.3731199,104,0.090595423,6878.440801,159,23330.62705,102,1090.932147,125,0.145936518,12745.99254,415,43232.47185,267,2021.535609,326,2.591193059,6592.754761,159,22361.62337,102,1045.621867,125,0.082396742,7691.547221,658,26088.5606,423,1219.892178,517,0.578006995,16481.8869,850,55904.05843,546,2614.054666,668,0.5858869,0.617777793,0,0.6,0.715802284,0.272543966,0.01165375,0.495862102,0.460016648,0.04412125,1,1,0.02,0.68204675,0,0.29795325,1,0.74,0.26,0.92,0.08,0.96,0.04,0.15,0.85,1,0.9,0.1,0.01,0.99,0.35,0.65
Panzhihua City,Medium-small-cities,10,四川省,25.2,22.57583667,2394.851291,132,14988.93276,85,616.2159532,104,0.046290114,4164.3803,159,26064.08863,102,1071.531074,125,0.162966567,7716.743048,415,48297.67221,267,1985.584738,326,1.684199225,3991.418818,159,24981.55459,102,1027.026589,125,0.13210649,4656.655288,658,29145.14703,423,1198.197687,517,0.598600929,9978.547045,850,62453.88648,546,2567.566471,668,0.293848111,0.42594876,5.67E-01,0.6,0.728780568,0.259565682,0.01165375,0.517767656,0.438111094,0.04412125,1,1,0.02,0.68204675,0,0.29795325,1,0.74,0.26,0.92,0.08,0.96,0.04,0.15,0.85,1,1,0,0.01,0.99,0.35,0.65
Panjin City,Medium-small-cities,10,辽宁省,36.0316,31.37697702,3393.777463,132,14104.7176,85,501.5049333,104,0.169014401,5901.401922,159,24526.53672,102,872.0613562,125,0.315325375,10935.50516,415,45448.5345,267,1615.960341,326,2.610053241,5656.295772,159,23507.86267,102,835.8415555,125,0.186672622,6599.011734,658,27425.83978,423,975.1484814,517,1.373557335,14140.73943,850,58769.65668,546,2089.603889,668,0.532153524,0.539322495,0,0.6,0.754737136,0.233609114,0.01165375,0.561578766,0.394299984,0.04412125,1,1,0.02,0.68204675,0,0.29795325,1,0.74,0.26,0.92,0.08,0.96,0.04,0.15,0.85,1,0.9,0.1,0.01,0.99,0.35,0.65
Pingdingshan City,Medium-small-cities,10,河南省,71.3472,62.97307167,4066.522151,132,13382.33302,85,551.1448313,104,0.162220403,7071.230186,159,23270.39019,102,958.3796234,125,0.351996053,13103.23804,415,43120.85083,267,1775.911123,326,5.116831515,6777.536919,159,22303.88836,102,918.5747189,125,0.175998027,7907.126406,658,26021.20309,423,1071.670505,517,2.567082327,16943.8423,850,55759.72091,546,2296.436797,668,0.516664321,0.578620723,0,0.6,0.741758852,0.246587398,0.01165375,0.539673211,0.416205539,0.04412125,1,1,0.02,0.68204675,0,0.29795325,1,0.74,0.26,0.92,0.08,0.96,0.04,0.15,0.85,1,1,0,0.01,0.99,0.35,0.65
Pingliang City,Medium-small-cities,10,甘肃省,23.89,19.50001114,3125.07054,132,14260.15181,85,614.7776497,104,0.075641161,5434.150439,159,24796.81954,102,1069.030024,125,0.167391088,10069.67174,415,45949.37806,267,1980.950205,326,3.210547054,5208.4509,159,23766.91968,102,1024.629416,125,0.18139871,6076.52605,658,27728.07296,423,1195.400986,517,0.755010847,13021.12725,850,59417.29921,546,2561.573541,668,0.393794046,0.465583664,0,0.6,0.754737136,0.233609114,0.01165375,0.561578766,0.394299984,0.04412125,1,1,0.02,0.68204675,0,0.29795325,1,0.74,0.26,0.92,0.08,0.96,0.04,0.15,0.85,1,1,0,0.01,0.99,0.35,0.65
Pingxiang City,Medium-small-cities,10,江西省,24.34,20.92762985,2369.365776,132,15418.82728,85,211.8069406,104,0.056981372,4120.063821,159,26811.62744,102,368.3087355,125,0.123323969,7634.623055,415,49682.88791,267,682.4890307,326,1.974404535,3948.94296,159,25698.04547,102,353.0115676,125,0.155477743,4607.10012,658,29981.05305,423,411.8468289,517,1.102182536,9872.357399,850,64245.11368,546,882.528919,668,0.396760844,0.540214044,0,0.6,0.702824,0.28552225,0.01165375,0.473956547,0.481922203,0.04412125,1,1,0.02,0.68204675,0,0.29795325,1,0.74,0.26,0.92,0.08,0.96,0.04,0.15,0.85,1,1,0,0.01,0.99,0.35,0.65
Putian City,Medium-small-cities,10,福建省,38.77,33.90193841,2922.184925,132,14355.50809,85,722.3069881,104,0.126435728,5081.354898,159,24962.63351,102,1256.011596,125,0.203670223,9415.929204,415,46256.63717,267,2327.433628,326,3.616290672,4870.308209,159,23925.84681,102,1203.84498,125,0.114993581,5682.026244,658,27913.48795,423,1404.48581,517,0.806671389,12175.77052,850,59814.61703,546,3009.61245,668,0.632702306,0.659836325,0,0.6,0.728780568,0.259565682,0.01165375,0.517767656,0.438111094,0.04412125,1,1,0.02,0.68204675,0,0.29795325,1,0.74,0.26,0.92,0.08,0.96,0.04,0.15,0.85,1,0.9,0.1,0.01,0.99,0.35,0.65
Puyang City,Medium-small-cities,10,河南省,68.6431,60.58635596,5197.01963,132,12240.72217,85,562.2582032,104,0.156072157,9037.039691,159,21285.25577,102,977.7045422,125,0.3386552,16745.95214,415,39442.32698,267,1811.720877,326,4.922900652,8661.699384,159,20401.20361,102,937.0970053,125,0.1693276,10105.31595,658,23801.40421,423,1093.27984,517,2.469788427,21654.24846,850,51003.00903,546,2342.742513,668,0.510306623,0.542167568,0,0.6,0.754737136,0.233609114,0.01165375,0.561578766,0.394299984,0.04412125,1,1,0.02,0.68204675,0,0.29795325,1,0.74,0.26,0.92,0.08,0.96,0.04,0.15,0.85,1,1,0,0.01,0.99,0.35,0.65
Pu'er City,Medium-small-cities,10,云南省,29.6,25.16376529,1452.67353,132,16375.45666,85,171.8698107,104,0.082916531,2526.037861,159,28475.09963,102,298.8625042,125,0.126577893,4680.836931,415,52765.36035,267,553.8027233,326,3.382353578,2421.122551,159,27292.42776,102,286.4496845,125,0.199480351,2824.642976,658,31841.16573,423,334.1912986,517,0.644906355,6052.806377,850,68231.06941,546,716.1242112,668,0.394440525,0.524922106,1.379296161,0.6,0.728780568,0.259565682,0.01165375,0.517767656,0.438111094,0.04412125,1,1,0.02,0.68204675,0,0.29795325,1,0.74,0.26,0.92,0.08,0.96,0.04,0.15,0.85,1,1,0,0.01,0.99,0.35,0.65
Qitaihe City,Medium-small-cities,10,黑龙江省,14.1179,12.03801607,3791.540327,132,13598.68505,85,609.7746234,104,0.057774554,6593.067346,159,23646.60234,102,1060.330317,125,0.140309631,12217.1855,415,43817.98516,267,1964.829342,326,1.201435601,6319.233878,159,22664.47508,102,1016.291039,125,0.115273991,7372.439524,658,26441.8876,423,1185.672879,517,0.565090159,15798.08469,850,56661.18771,546,2540.727598,668,0.452880832,0.447687331,0,0.6,0.741758852,0.246587398,0.01165375,0.539673211,0.416205539,0.04412125,1,1,0.02,0.68204675,0,0.29795325,1,0.74,0.26,0.92,0.08,0.96,0.04,0.15,0.85,1,1,0,0.01,0.99,0.35,0.65
Qiqihar City,Medium-small-cities,10,黑龙江省,7.8219,6.669558352,2939.433873,132,14479.93477,85,580.6313567,104,0.03200949,5111.348901,159,25178.99768,102,1009.653415,125,0.077737333,9471.509146,415,46657.56759,267,1870.92326,326,0.66564497,4899.056455,159,24133.22462,102,967.7189278,125,0.063866554,5715.565864,658,28155.42872,423,1129.005416,517,0.3130833,12247.64114,850,60333.06154,546,2419.297319,668,0.497889442,0.466013543,0.442882635,0.6,0.741758852,0.246587398,0.01165375,0.539673211,0.416205539,0.04412125,1,1,0.02,0.68204675,0,0.29795325,1,0.74,0.26,0.92,0.08,0.96,0.04,0.15,0.85,1,1,0,0.01,0.99,0.35,0.65
Qinzhou City,Medium-small-cities,10,广西壮族自治区,75.1807,65.22902731,3499.455826,132,13639.54465,85,860.9995198,104,0.184975329,6085.164853,159,23717.65265,102,1497.182498,125,0.439456539,11276.02433,415,43949.64389,267,2774.331786,326,6.423688691,5832.426376,159,22732.57442,102,1434.9992,125,0.556047049,6804.497439,658,26521.33683,423,1674.165733,517,2.347505082,14581.06594,850,56831.43606,546,3587.497999,668,0.471313868,0.481748852,0,0.6,0.728780568,0.259565682,0.01165375,0.517767656,0.438111094,0.04412125,1,1,0.02,0.68204675,0,0.29795325,1,0.74,0.26,0.92,0.08,0.96,0.04,0.15,0.85,1,0.9,0.1,0.01,0.99,0.35,0.65
Qinhuangdao City,Medium-small-cities,10,河北省,71.2,61.65566519,3813.279264,132,13485.09549,85,701.6252489,104,0.095465045,6630.868942,159,23449.08271,102,1220.04835,125,0.292904114,12287.23318,415,43451.97435,267,2260.792469,326,5.83898928,6355.46544,159,22475.15915,102,1169.375415,125,0.191797953,7414.709679,658,26221.019,423,1364.271317,517,3.125178418,15888.6636,850,56187.89786,546,2923.438537,668,0.531767213,0.570591918,3.938157425,0.6,0.741758852,0.246587398,0.01165375,0.539673211,0.416205539,0.04412125,1,1,0.02,0.68204675,0,0.29795325,1,0.74,0.26,0.92,0.08,0.96,0.04,0.15,0.85,1,0.9,0.1,0.01,0.99,0.35,0.65
Qingdao City,Extra-large-cities,10,山东省,291.0938,255.9918243,6001.288464,132,11124.7394,85,873.972137,104,0.502190311,10435.57383,159,19344.68573,102,1519.740438,125,1.658104669,19337.48505,415,35846.38251,267,2816.132441,326,21.3324433,10002.14744,159,18541.23233,102,1456.620228,125,1.000623588,11669.17201,658,21631.43772,423,1699.390266,517,10.60861379,25005.3686,850,46353.08083,546,3641.550571,668,0.492571054,0.598489488,26.71515224,0.6,0.718879688,0.197620313,0.0835,0.535144886,0.298355114,0.1665,1,1,0.02,0.013248421,0.885273042,0.081478537,1,0.74,0.26,0.92,0.08,0.96,0.04,0.15,0.85,1,0.9,0.1,0.01,0.99,0.35,0.65
Qingyuan City,Medium-small-cities,10,广东省,68.8998,61.16898128,2973.07071,132,14433.07097,85,593.8583224,104,0.152750089,5169.839624,159,25097.50674,102,1032.653638,125,0.520360713,9579.894511,415,46506.56201,267,1913.543483,326,5.466907865,4955.11785,159,24055.11828,102,989.7638706,125,0.330760407,5780.970826,658,28064.30466,423,1154.724516,517,1.260039647,12387.79463,850,60137.7957,546,2474.409677,668,0.519501771,0.516950384,0,0.6,0.702824,0.28552225,0.01165375,0.473956547,0.481922203,0.04412125,1,1,0.02,0.68204675,0,0.29795325,1,0.74,0.26,0.92,0.08,0.96,0.04,0.15,0.85,1,1,0,0.01,0.99,0.35,0.65
Qingyang City,Medium-small-cities,10,甘肃省,31.7,25.87485781,2975.093417,132,14482.95058,85,541.9560024,104,0.100369393,5173.356885,159,25184.24184,102,942.4012709,125,0.22211375,9586.41212,415,46667.28521,267,1746.302674,326,4.260123131,4958.489028,159,24138.25097,102,903.260004,125,0.240700674,5784.903866,658,28161.2928,423,1053.803338,517,1.001835239,12396.22257,850,60345.62742,546,2258.15001,668,0.357042325,0.444807732,2.642130173,0.6,0.754737136,0.233609114,0.01165375,0.561578766,0.394299984,0.04412125,1,1,0.02,0.68204675,0,0.29795325,1,0.74,0.26,0.92,0.08,0.96,0.04,0.15,0.85,1,1,0,0.01,0.99,0.35,0.65
Qujing City,Medium-small-cities,10,云南省,76.69,65.19625541,1324.827586,132,16129.65517,85,545.5172414,104,0.214826648,2303.727969,159,28047.67816,102,948.5938697,125,0.327947927,4268.888889,415,51973.33333,267,1757.777778,326,8.763266753,2208.045977,159,26882.75862,102,909.1954023,125,0.516829328,2576.05364,658,31363.21839,423,1060.727969,517,1.670873931,5520.114943,850,67206.89655,546,2272.988506,668,0.443662807,0.517941685,0,0.6,0.728780568,0.259565682,0.01165375,0.517767656,0.438111094,0.04412125,1,1,0.02,0.68204675,0,0.29795325,1,0.74,0.26,0.92,0.08,0.96,0.04,0.15,0.85,1,1,0,0.01,0.99,0.35,0.65
Quzhou City,Medium-small-cities,10,浙江省,46.658,42.20066724,3134.733897,132,14216.72344,85,648.5426617,104,0.090172366,5450.953943,159,24721.30243,102,1127.743628,125,0.211341483,10100.80922,415,45809.4422,267,2089.748576,326,3.317497699,5224.556495,159,23694.53907,102,1080.904436,125,0.11017936,6095.31591,658,27643.62891,423,1261.055175,517,0.728141855,13061.39124,850,59236.34767,546,2702.26109,668,0.549844519,0.563300814,0.371531189,0.6,0.702824,0.28552225,0.01165375,0.473956547,0.481922203,0.04412125,1,1,0.02,0.68204675,0,0.29795325,1,0.74,0.26,0.92,0.08,0.96,0.04,0.15,0.85,1,1,0,0.01,0.99,0.35,0.65
Quanzhou City,Extra-large-cities,10,福建省,160.18,140.0673844,3106.877114,132,14230.55242,85,662.5704622,104,0.522374902,5402.514092,159,24745.34949,102,1152.136415,125,0.841472693,10011.04848,415,45854.00225,267,2134.949267,326,14.94086768,5178.128523,159,23717.58737,102,1104.284104,125,0.475101155,6041.149944,658,27670.5186,423,1288.331454,517,3.33279915,12945.32131,850,59293.96843,546,2760.710259,668,0.567273638,0.64170548,10.51007262,0.6,0.685942969,0.230557031,0.0835,0.485419034,0.348080966,0.1665,1,1,0.02,0.013248421,0.885273042,0.081478537,1,0.74,0.26,0.92,0.08,0.96,0.04,0.15,0.85,1,0.9,0.1,0.01,0.99,0.35,0.65
Shigatse City,Medium-small-cities,10,西藏自治区,13.6951,8.948685534,1749.551761,132,15964.62293,85,285.8253076,104,0.071727993,3042.276117,159,27760.70543,102,497.0184516,125,0.106355301,5637.444563,415,51441.56278,267,920.9926579,326,3.074410204,2915.919601,159,26607.70489,102,476.3755127,125,0.46004851,3401.906202,658,31042.32237,423,555.7714315,517,1.033872458,7289.799003,850,66519.26222,546,1190.938782,668,0.338766031,0.485166483,0.0799508,0.6,0.702824,0.28552225,0.01165375,0.473956547,0.481922203,0.04412125,1,1,0.02,0.68204675,0,0.29795325,1,0.74,0.26,0.92,0.08,0.96,0.04,0.15,0.85,1,1,0,0.01,0.99,0.35,0.65
Rizhao City,Medium-small-cities,10,山东省,70.3935,61.90499587,3909.934142,132,13478.50295,85,611.562911,104,0.121441727,6798.941036,159,23437.61901,102,1063.439951,125,0.400969691,12598.67668,415,43430.73172,267,1970.591602,326,5.158699181,6516.556903,159,22464.17158,102,1019.271518,125,0.241974912,7602.64972,658,26208.20017,423,1189.150105,517,2.56541862,16291.39226,850,56160.42895,546,2548.178796,668,0.546187859,0.592212497,19.90404704,0.6,0.741758852,0.246587398,0.01165375,0.539673211,0.416205539,0.04412125,1,1,0.02,0.68204675,0,0.29795325,1,0.74,0.26,0.92,0.08,0.96,0.04,0.15,0.85,1,0.9,0.1,0.01,0.99,0.35,0.65
Sanmenxia City,Medium-small-cities,10,河南省,32.4525,28.6435012,3797.513321,132,13642.98401,85,559.5026643,104,0.073786464,6603.45372,159,23723.63331,102,972.9129663,125,0.16010652,12236.43181,415,43960.72627,267,1802.841918,326,2.327407028,6329.188869,159,22738.30669,102,932.5044405,125,0.08005326,7384.053681,658,26528.02447,423,1087.921847,517,1.167645531,15822.97217,850,56845.76673,546,2331.261101,668,0.541611273,0.522799134,0.00E+00,0.6,0.741758852,0.246587398,0.01165375,0.539673211,0.416205539,0.04412125,1,1,0.02,0.68204675,0,0.29795325,1,0.74,0.26,0.92,0.08,0.96,0.04,0.15,0.85,1,1,0,0.01,0.99,0.35,0.65
Sanming City,Medium-small-cities,10,福建省,31.08,27.17751472,3363.313656,132,13931.99095,85,704.6953918,104,0.101357298,5848.428746,159,24226.18427,102,1225.386987,125,0.163272389,10837.344,415,44891.97085,267,2270.685151,326,2.899002169,5605.522759,159,23219.98492,102,1174.49232,125,0.092184692,6539.776553,658,27089.98241,423,1370.24104,517,0.646668733,14013.8069,850,58049.9623,546,2936.230799,668,0.585196087,0.583430994,0.451572198,0.6,0.702824,0.28552225,0.01165375,0.473956547,0.481922203,0.04412125,1,1,0.02,0.68204675,0,0.29795325,1,0.74,0.26,0.92,0.08,0.96,0.04,0.15,0.85,1,1,0,0.01,0.99,0.35,0.65
Sanya City,Medium-small-cities,10,海南省,21.6115,18.57366902,2083.773391,132,14984.15791,85,932.0687003,104,0.090232603,3623.450397,159,26055.7857,102,1620.763907,125,0.264365697,6714.380928,415,48282.28659,267,3003.332479,326,2.214656351,3472.955652,159,24973.59651,102,1553.447834,125,0.178882178,4051.781594,658,29135.8626,423,1812.355806,517,0.289694147,8682.389131,850,62433.99128,546,3883.619585,668,0.479543649,0.580000241,21.06813692,0.6,0.728780568,0.259565682,0.01165375,0.517767656,0.438111094,0.04412125,1,1,0.02,0.68204675,0,0.29795325,1,0.74,0.26,0.92,0.08,0.96,0.04,0.15,0.85,1,0.9,0.1,0.01,0.99,0.35,0.65
Xiamen City,Largecities,10,福建省,140.53,122.8846893,6883.963849,132,10081.11177,85,1034.924383,104,0.458292827,11970.44825,159,17529.93324,102,1799.618511,125,0.738245459,22181.66129,415,32483.58236,267,3334.756347,326,13.10800434,11473.27308,159,16801.85295,102,1724.873972,125,0.416818363,13385.48526,658,19602.16177,423,2012.352968,517,2.92394971,28683.18271,850,42004.63236,546,4312.184931,668,0.579840827,0.637108017,27.93595967,0.6,0.721870455,0.257104545,0.021025,0.520250789,0.412274211,0.067475,1,1,0.02,0.465223316,0.453325723,0.061450961,1,0.74,0.26,0.92,0.08,0.96,0.04,0.15,0.85,1,0.9,0.1,0.01,0.99,0.35,0.65
Shannan City,Medium-small-cities,10,西藏自治区,13.6951,8.948685534,2495.666996,132,15294.68369,85,209.6493101,104,0.071727993,4339.687609,159,26595.75554,102,364.5568559,125,0.106355301,8041.593652,415,49282.86968,267,675.5366658,326,3.074410204,4159.444993,159,25491.13949,102,349.4155168,125,0.46004851,4852.685825,658,29739.66274,423,407.6514363,517,1.033872458,10398.61248,850,63727.84873,546,873.538792,668,0.253240882,0.617246646,0,0.6,0.715802284,0.272543966,0.01165375,0.495862102,0.460016648,0.04412125,1,1,0.02,0.68204675,0,0.29795325,1,0.74,0.26,0.92,0.08,0.96,0.04,0.15,0.85,1,1,0,0.01,0.99,0.35,0.65
Shantou City,Medium-small-cities,10,广东省,79.0098,70.14460096,6190.96145,132,10590.06079,85,1218.977765,104,0.175163847,10765.39408,159,18414.93903,102,2119.666891,125,0.59671575,19948.65356,415,34123.5292,267,3927.817243,326,6.269093626,10318.26908,159,17650.10131,102,2031.629608,125,0.379294477,12037.9806,658,20591.78486,423,2370.234543,517,1.444931342,25795.67271,850,44125.25327,546,5079.074021,668,0.498698907,0.580813238,0,0.6,0.715802284,0.272543966,0.01165375,0.495862102,0.460016648,0.04412125,1,1,0.02,0.68204675,0,0.29795325,1,0.74,0.26,0.92,0.08,0.96,0.04,0.15,0.85,1,0.9,0.1,0.01,0.99,0.35,0.65
Shanwei City,Medium-small-cities,10,广东省,28.4348,25.24430766,3786.803785,132,13533.71399,85,679.4822228,104,0.063039635,6584.831026,159,23533.62489,102,1181.544087,125,0.214751752,12201.92331,415,43608.63397,267,2189.442718,326,2.256181175,6311.339642,159,22556.18999,102,1132.470371,125,0.136504112,7363.229582,658,26315.55498,423,1321.215433,517,0.520015666,15778.3491,850,56390.47497,546,2831.175928,668,0.491110128,0.560757483,0,0.6,0.715802284,0.272543966,0.01165375,0.495862102,0.460016648,0.04412125,1,1,0.02,0.68204675,0,0.29795325,1,0.74,0.26,0.92,0.08,0.96,0.04,0.15,0.85,1,0.9,0.1,0.01,0.99,0.35,0.65
Shangluo City,Medium-small-cities,10,陕西省,10.6124,9.516446099,2012.406417,132,15408.77005,85,578.8235294,104,0.027189394,3499.351159,159,26794.13904,102,1006.509804,125,0.067499252,6484.420677,415,49650.48128,267,1865.098039,326,0.697439581,3354.010695,159,25681.28342,102,964.7058824,125,0.026082849,3913.012478,658,29961.49733,423,1125.490196,517,0.277742825,8385.026738,850,64203.20856,546,2411.764706,668,0.288220516,0.468007908,0,0.6,0.741758852,0.246587398,0.01165375,0.539673211,0.416205539,0.04412125,1,1,0.02,0.68204675,0,0.29795325,1,0.74,0.26,0.92,0.08,0.96,0.04,0.15,0.85,1,1,0,0.01,0.99,0.35,0.65
Shangqiu City,Medium-small-cities,10,河南省,111.034,98.00177218,2444.221186,132,15186.14371,85,369.6351069,104,0.252455321,4250.229063,159,26407.01656,102,642.7543803,125,0.547793463,7875.823823,415,48933.12972,267,1191.046456,326,7.963063308,4073.701977,159,25310.23951,102,616.0585115,125,0.273896732,4752.652307,658,29528.61276,423,718.7349301,517,3.995018993,10184.25494,850,63275.59878,546,1540.146279,668,0.557960891,0.601230287,0,0.6,0.754737136,0.233609114,0.01165375,0.561578766,0.394299984,0.04412125,1,1,0.02,0.68204675,0,0.29795325,1,0.74,0.26,0.92,0.08,0.96,0.04,0.15,0.85,1,1,0,0.01,0.99,0.35,0.65
Shanghai,Megacities,10,上海市,411.22,370.8034168,9438.098888,132,7395.937141,85,1165.963971,104,2.437984255,16411.80529,159,12860.71292,102,2027.481794,125,4.945910681,30411.65197,415,23831.35301,267,3756.995017,326,7.733605793,15730.16481,159,12326.5619,102,1943.273285,125,4.566224609,18351.85895,658,14380.98888,423,2267.152166,517,20.73285791,39325.41204,850,30816.40475,546,4858.183212,668,0.46741932,0.581875491,99.38583837,0.6,0.4915,0.1785,0.33,0.3915,0.1785,0.43,1,1,0.02,0.112,0.476341463,0.391658537,1,0.74,0.26,0.92,0.08,0.96,0.04,0.15,0.85,1,0.9,0.1,0.01,0.99,0.35,0.65
Shangrao City,Medium-small-cities,10,江西省,67.1715,57.75432572,3042.689076,132,14499.4958,85,457.8151261,104,0.157252433,5290.898226,159,25213.01214,102,796.0896359,125,0.340339194,9804.220355,415,46720.59757,267,1475.182073,326,5.448796804,5071.148459,159,24165.82633,102,763.0252101,125,0.429074496,5916.339869,658,28193.46405,423,890.1960784,517,3.041711347,12677.87115,850,60414.56583,546,1907.563025,668,0.461618616,0.536948546,0.923569527,0.6,0.702824,0.28552225,0.01165375,0.473956547,0.481922203,0.04412125,1,1,0.02,0.68204675,0,0.29795325,1,0.74,0.26,0.92,0.08,0.96,0.04,0.15,0.85,1,1,0,0.01,0.99,0.35,0.65
Shaoguan City,Medium-small-cities,10,广东省,42.2016,37.46642052,2658.982089,132,14607.9092,85,733.1087072,104,0.093560477,4623.67441,159,25401.531,102,1274.794585,125,0.318724505,8567.831176,415,47069.92966,267,2362.239168,326,3.348518558,4431.636815,159,24346.51534,102,1221.847845,125,0.202593018,5170.242951,658,28404.2679,423,1425.489153,517,0.771782925,11079.09204,850,60866.28835,546,3054.619613,668,0.399796214,0.495077898,0,0.6,0.702824,0.28552225,0.01165375,0.473956547,0.481922203,0.04412125,1,1,0.02,0.68204675,0,0.29795325,1,0.74,0.26,0.92,0.08,0.96,0.04,0.15,0.85,1,1,0,0.01,0.99,0.35,0.65
Shaoyang City,Medium-small-cities,10,湖南省,60.6648,54.2170088,1754.173124,132,15781.97919,85,463.8476865,104,0.294608215,3050.312154,159,27443.10826,102,806.5795882,125,0.431065702,5652.335621,415,50853.04406,267,1494.620323,326,4.138510655,2923.621873,159,26303.29865,102,773.0794775,125,0.344992518,3410.892185,658,30687.18176,423,901.9260571,517,1.238614112,7309.054682,850,65758.24662,546,1932.698694,668,0.588105054,0.5868567,0.657286249,0.6,0.715802284,0.272543966,0.01165375,0.495862102,0.460016648,0.04412125,1,1,0.02,0.68204675,0,0.29795325,1,0.74,0.26,0.92,0.08,0.96,0.04,0.15,0.85,1,1,0,0.01,0.99,0.35,0.65
Shaoxing City,Largecities,10,浙江省,153.3721,138.7201542,3431.813224,132,13792.28418,85,775.9026008,104,0.296410586,5967.541883,159,23983.24971,102,1349.208411,125,0.694712311,11058.06483,415,44441.80457,267,2500.130603,326,10.90513071,5719.688706,159,22987.14029,102,1293.171001,125,0.362176685,6672.970157,658,26818.33034,423,1508.699502,517,2.393515482,14299.22177,850,57467.85073,546,3232.927503,668,0.505455104,0.771951831,0,0.6,0.709015227,0.269959773,0.021025,0.499637079,0.432887921,0.067475,1,1,0.02,0.465223316,0.453325723,0.061450961,1,0.74,0.26,0.92,0.08,0.96,0.04,0.15,0.85,1,1,0,0.01,0.99,0.35,0.65
Shenzhen City,Megacities,10,广东省,341.4152,303.1071204,7346.938776,132,220.4081633,85,10432.65306,104,0.756913696,12775.5102,159,383.2653061,102,18141.22449,125,2.578513389,23673.46939,415,710.2040816,267,33616.32653,326,27.08985283,12244.89796,159,367.3469388,102,17387.7551,125,1.638997945,14285.71429,658,428.5714286,423,20285.71429,517,6.243801696,30612.2449,850,918.3673469,546,43469.38776,668,0.48191566,0.561373256,56.09239631,0.6,0.4915,0.1785,0.33,0.3915,0.1785,0.43,1,1,0.02,0.112,0.476341463,0.391658537,1,0.74,0.26,0.92,0.08,0.96,0.04,0.15,0.85,1,0.9,0.1,0.01,0.99,0.35,0.65
Shenyang City,Largecities,10,辽宁省,257.9958,224.6674666,8851.440803,132,8253.63914,85,894.920057,104,1.210187881,15391.67206,159,14352.16139,102,1556.166544,125,2.257813211,28521.30925,415,26595.05945,267,2883.631295,326,18.68867255,14752.40134,159,13756.06523,102,1491.533428,125,1.336625421,17211.13489,658,16048.74277,423,1740.122333,517,9.835034347,36881.00334,850,34390.16309,546,3728.833571,668,0.534702803,0.639673642,21.98566875,0.6,0.734725682,0.244249318,0.021025,0.5408645,0.3916605,0.067475,1,1,0.02,0.465223316,0.453325723,0.061450961,1,0.74,0.26,0.92,0.08,0.96,0.04,0.15,0.85,1,1,0,0.01,0.99,0.35,0.65
Shiyan City,Medium-small-cities,10,湖北省,39.0369,34.3656815,2256.822231,132,15446.65687,85,296.5208965,104,0.126347771,3924.363102,159,26860.02001,102,515.6168923,125,0.280975549,7271.982745,415,49772.56103,267,955.4562221,326,2.908735512,3761.370385,159,25744.42812,102,494.2014942,125,0.265011029,4388.26545,658,30035.16614,423,576.5684099,517,1.090148639,9403.425964,850,64361.0703,546,1235.503735,668,0.53950183,0.59868751,2.462019409,0.6,0.741758852,0.246587398,0.01165375,0.539673211,0.416205539,0.04412125,1,1,0.02,0.68204675,0,0.29795325,1,0.74,0.26,0.92,0.08,0.96,0.04,0.15,0.85,1,1,0,0.01,0.99,0.35,0.65
Shijiazhuang City,Largecities,10,河北省,287.6,249.0473217,3893.337501,132,13427.64833,85,679.0141721,104,0.385614422,6770.081322,159,23349.18848,102,1180.730199,125,1.183135159,12545.19862,415,43266.86683,267,2187.934555,326,23.58558029,6488.895836,159,22379.41388,102,1131.690287,125,0.77473443,7570.378475,658,26109.31619,423,1320.305335,517,12.62361395,16222.23959,850,55948.53469,546,2829.225717,668,0.497136459,0.599494116,15.55531746,0.6,0.747580909,0.231394091,0.021025,0.561478211,0.371046789,0.067475,1,1,0.02,0.465223316,0.453325723,0.061450961,1,0.74,0.26,0.92,0.08,0.96,0.04,0.15,0.85,1,1,0,0.01,0.99,0.35,0.65
Shizuishan City,Medium-small-cities,10,宁夏回族自治区,12.2,9.498921712,3689.368015,132,13739.29804,85,571.3339425,104,0.028801123,6415.401048,159,23891.11271,102,993.4862445,125,0.077062464,11887.9636,415,44271.07147,267,1840.964926,326,1.918777515,6148.946692,159,22898.83007,102,952.2232375,125,0.063829516,7173.77114,658,26715.30175,423,1110.92711,517,0.612607669,15372.36673,850,57247.07518,546,2380.558094,668,0.28332193,0.406430612,0,0.6,0.754737136,0.233609114,0.01165375,0.561578766,0.394299984,0.04412125,1,1,0.02,0.68204675,0,0.29795325,1,0.74,0.26,0.92,0.08,0.96,0.04,0.15,0.85,1,1,0,0.01,0.99,0.35,0.65
Shuangyashan City,Medium-small-cities,10,黑龙江省,22.4332,19.12828551,3381.130226,132,14167.54062,85,451.3291519,104,0.09180318,5879.409781,159,24635.77897,102,784.8112475,125,0.222950581,10894.75295,415,45650.96423,267,1454.282823,326,1.909068992,5635.217043,159,23612.5677,102,752.2152532,125,0.183169203,6574.419883,658,27547.99565,423,877.5844621,517,0.897922535,14088.04261,850,59031.41926,546,1880.538133,668,0.432809015,0.404987044,0,0.6,0.741758852,0.246587398,0.01165375,0.539673211,0.416205539,0.04412125,1,1,0.02,0.68204675,0,0.29795325,1,0.74,0.26,0.92,0.08,0.96,0.04,0.15,0.85,1,1,0,0.01,0.99,0.35,0.65
Shuozhou City,Medium-small-cities,10,山西省,25.9063,22.93251566,4929.133858,132,12278.21522,85,792.6509186,104,0.04466351,8571.216098,159,21350.45203,102,1378.331875,125,0.132160057,15882.76465,415,39563.13794,267,2554.097404,326,1.62143184,8215.223097,159,20463.69204,102,1321.084864,125,0.046493981,9584.426947,658,23874.30738,423,1541.265675,517,1.12903495,20538.05774,850,51159.2301,546,3302.712161,668,0.480983874,0.477207238,0.00E+00,0.6,0.754737136,0.233609114,0.01165375,0.561578766,0.394299984,0.04412125,1,1,0.02,0.68204675,0,0.29795325,1,0.74,0.26,0.92,0.08,0.96,0.04,0.15,0.85,1,1,0,0.01,0.99,0.35,0.65
Siping City,Medium-small-cities,10,吉林省,42.0783,37.21748885,2710.471766,132,15289.52823,85,0,104,0.125573297,4713.209238,159,26586.79076,102,0,125,0.338298212,8733.742359,415,49266.25764,267,0,326,2.794474424,4517.452944,159,25482.54706,102,0,125,0.171491891,5270.361768,658,29729.63823,423,0,517,1.430973322,11293.63236,850,63706.36764,546,0,668,0.530160132,0.487362979,0,0.6,0.728780568,0.259565682,0.01165375,0.517767656,0.438111094,0.04412125,1,1,0.02,0.68204675,0,0.29795325,1,0.74,0.26,0.92,0.08,0.96,0.04,0.15,0.85,1,1,0,0.01,0.99,0.35,0.65
Songyuan City,Medium-small-cities,10,吉林省,45.6072,40.33873654,3240.479099,132,14349.8883,85,409.6326012,104,0.136104512,5634.833099,159,24952.86132,102,712.3055787,125,0.366669618,10441.54376,415,46238.52897,267,1319.92727,326,3.028833246,5400.798498,159,23916.4805,102,682.721002,125,0.185874072,6300.93158,658,27902.56058,423,796.5078356,517,1.550982014,13501.99624,850,59791.20125,546,1706.802505,668,0.411504357,0.496137847,2.021668341,0.6,0.754737136,0.233609114,0.01165375,0.561578766,0.394299984,0.04412125,1,1,0.02,0.68204675,0,0.29795325,1,0.74,0.26,0.92,0.08,0.96,0.04,0.15,0.85,1,1,0,0.01,0.99,0.35,0.65
Suzhou City (Jiangsu),Extra-large-cities,10,江苏省,419.1,387.9543791,6476.357729,132,10593.76108,85,929.881194,104,0.869497508,11261.6665,159,18421.37343,102,1616.960076,125,2.535850959,20868.26379,415,34135.45236,267,2996.283847,326,14.22233772,10793.92955,159,17656.26846,102,1549.80199,125,2.461008136,12592.91781,658,20598.97987,423,1808.102322,517,11.05692654,26984.82387,850,44140.67115,546,3874.504975,668,0.51042846,0.703635688,0,0.6,0.696921875,0.219578125,0.0835,0.501994318,0.331505682,0.1665,1,1,0.02,0.013248421,0.885273042,0.081478537,1,0.74,0.26,0.92,0.08,0.96,0.04,0.15,0.85,1,1,0,0.01,0.99,0.35,0.65
Suqian City,Largecities,10,江苏省,107.5,99.51108508,4789.456233,132,12842.00928,85,368.5344828,104,0.223027874,8328.332228,159,22330.82725,102,640.8405172,125,0.650450914,15432.69231,415,41379.80769,267,1187.5,326,3.648058469,7982.427056,159,21403.34881,102,614.2241379,125,0.631253578,9312.831565,658,24970.57361,423,716.5948276,517,2.836124081,19956.06764,850,53508.37202,546,1535.560345,668,0.467833407,0.588364222,0,0.6,0.734725682,0.244249318,0.021025,0.5408645,0.3916605,0.067475,1,1,0.02,0.465223316,0.453325723,0.061450961,1,0.74,0.26,0.92,0.08,0.96,0.04,0.15,0.85,1,1,0,0.01,0.99,0.35,0.65
Suzhou City (Anhui),Medium-small-cities,10,安徽省,58.2996,49.93135061,2995.621808,132,14667.5701,85,336.8080892,104,0.159401373,5209.053476,159,25505.27468,102,585.6718441,125,0.366558622,9652.559158,415,47262.17033,267,1085.27051,326,4.966611189,4992.703013,159,24445.95017,102,561.3468154,125,0.204575851,5824.820181,658,28520.2752,423,654.904618,517,2.671102353,12481.75753,850,61114.87543,546,1403.367038,668,0.485870646,0.569894478,0,0.6,0.741758852,0.246587398,0.01165375,0.539673211,0.416205539,0.04412125,1,1,0.02,0.68204675,0,0.29795325,1,0.74,0.26,0.92,0.08,0.96,0.04,0.15,0.85,1,1,0,0.01,0.99,0.35,0.65
Suihua City,Medium-small-cities,10,黑龙江省,33.2348,28.33856709,2448.473817,132,15122.3569,85,429.1692856,104,0.13600647,4257.623915,159,26296.09838,102,746.2777022,125,0.330301426,7889.526743,415,48727.59445,267,1382.878809,326,2.82828692,4080.789695,159,25203.92816,102,715.2821426,125,0.27136529,4760.92131,658,29404.58286,423,834.4958331,517,1.330272804,10201.97424,850,63009.82041,546,1788.205357,668,0.440038774,0.440341687,0,0.6,0.728780568,0.259565682,0.01165375,0.517767656,0.438111094,0.04412125,1,1,0.02,0.68204675,0,0.29795325,1,0.74,0.26,0.92,0.08,0.96,0.04,0.15,0.85,1,1,0,0.01,0.99,0.35,0.65
Suizhou City,Medium-small-cities,10,湖北省,23.3725,20.5757089,2527.561222,132,14944.14381,85,528.2949647,104,0.075647997,4395.148124,159,25986.20563,102,918.6462442,125,0.168228036,8144.363937,415,48153.35229,267,1702.283775,326,1.741542508,4212.602036,159,24906.90636,102,880.4916078,125,0.158669625,4914.702375,658,29058.05742,423,1027.240209,517,0.652702932,10531.50509,850,62267.26589,546,2201.22902,668,0.501053993,0.625652882,0,0.6,0.754737136,0.233609114,0.01165375,0.561578766,0.394299984,0.04412125,1,1,0.02,0.68204675,0,0.29795325,1,0.74,0.26,0.92,0.08,0.96,0.04,0.15,0.85,1,1,0,0.01,0.99,0.35,0.65
Suining City,Medium-small-cities,10,四川省,44.72,40.06315143,1889.743027,132,15400.61498,85,709.6419943,104,0.082146584,3286.053152,159,26779.95827,102,1233.988579,125,0.289200986,6089.171975,415,49624.20382,267,2286.624204,326,2.988785291,3149.571711,159,25667.69163,102,1182.736657,125,0.234436597,3674.500329,658,29945.64024,423,1379.859433,517,1.06227911,7873.929277,850,64169.22908,546,2956.841643,668,0.343983567,0.471365259,0,0.6,0.728780568,0.259565682,0.01165375,0.517767656,0.438111094,0.04412125,1,1,0.02,0.68204675,0,0.29795325,1,0.74,0.26,0.92,0.08,0.96,0.04,0.15,0.85,1,1,0,0.01,0.99,0.35,0.65
Tacheng Prefecture,Medium-small-cities,10,新疆维吾尔族自治区,23.1583,19.18367152,2474.124682,132,15264.00676,85,261.8685623,104,0.118837377,4302.227918,159,26542.41175,102,455.3603334,125,0.161126353,7972.179529,415,49184.02177,267,843.7987009,326,2.608533954,4123.541136,159,25440.01126,102,436.4476039,125,0.154167408,4810.797992,658,29680.01314,423,509.1888712,517,0.931963393,10308.85284,850,63600.02815,546,1091.11901,668,0.36277776,0.447895786,0.74500983,0.6,0.728780568,0.259565682,0.01165375,0.517767656,0.438111094,0.04412125,1,1,0.02,0.68204675,0,0.29795325,1,0.74,0.26,0.92,0.08,0.96,0.04,0.15,0.85,1,1,0,0.01,0.99,0.35,0.65
Taizhou City (Zhejiang),Largecities,10,浙江省,175.2182,158.4792523,3618.945923,132,13768.7438,85,612.3102738,104,0.338630881,6292.944855,159,23942.31561,102,1064.739532,125,0.793666127,11661.04797,415,44365.95225,267,1972.999771,326,12.45844175,6031.576539,159,22947.90634,102,1020.517123,125,0.413764608,7036.839295,658,26772.55739,423,1190.60331,517,2.734444363,15078.94135,850,57369.76585,546,2551.292808,668,0.52387835,0.646430448,1.72E+00,0.6,0.69616,0.282815,0.021025,0.479023368,0.453501632,0.067475,1,1,0.02,0.465223316,0.453325723,0.061450961,1,0.74,0.26,0.92,0.08,0.96,0.04,0.15,0.85,1,0.9,0.1,0.01,0.99,0.35,0.65
Taiyuan City,Largecities,10,山西省,168.37,149.0428067,5800.813542,132,11521.32266,85,677.8637974,104,0.290276694,10086.97021,159,20034.29996,102,1178.729825,125,0.858933497,18691.5103,415,37124.26191,267,2184.227792,326,10.53799573,9668.022569,159,19202.20444,102,1129.772996,125,0.30217328,11279.35966,658,22402.57184,423,1318.068495,517,7.337814143,24170.05642,850,48005.51109,546,2824.432489,668,0.499165279,0.611978626,15.90793866,0.6,0.747580909,0.231394091,0.021025,0.561478211,0.371046789,0.067475,1,1,0.02,0.465223316,0.453325723,0.061450961,1,0.74,0.26,0.92,0.08,0.96,0.04,0.15,0.85,1,1,0,0.01,0.99,0.35,0.65
Tai'an City,Medium-small-cities,10,山东省,85.3328,75.04281832,3140.834262,132,14249.5804,85,609.5853388,104,0.147214765,5461.5618,159,24778.43703,102,1060.001173,125,0.486065708,10120.46596,415,45915.31462,267,1964.219425,326,6.253507007,5234.72377,159,23749.30066,102,1015.975565,125,0.293328173,6107.177732,658,27707.51744,423,1185.304826,517,3.109866024,13086.80943,850,59373.25166,546,2539.938912,668,0.579988257,0.535633022,0,0.6,0.741758852,0.246587398,0.01165375,0.539673211,0.416205539,0.04412125,1,1,0.02,0.68204675,0,0.29795325,1,0.74,0.26,0.92,0.08,0.96,0.04,0.15,0.85,1,1,0,0.01,0.99,0.35,0.65
Taizhou City (Jiangsu),Largecities,10,江苏省,82.87,76.71147554,3983.383495,132,13374.81476,85,641.8017491,104,0.171928558,6926.661299,159,23257.31677,102,1116.02193,125,0.501422021,12835.34682,415,43096.62533,267,2068.027858,326,2.812228887,6638.972491,159,22291.35793,102,1069.669582,125,0.486623107,7745.467906,658,26006.58425,423,1247.947845,517,2.186321885,16597.43123,850,55728.39482,546,2674.173954,668,0.484049079,0.660779528,0,0.6,0.734725682,0.244249318,0.021025,0.5408645,0.3916605,0.067475,1,1,0.02,0.465223316,0.453325723,0.061450961,1,0.74,0.26,0.92,0.08,0.96,0.04,0.15,0.85,1,1,0,0.01,0.99,0.35,0.65
Tangshan City,Largecities,10,河北省,213.8,185.1401856,3950.672099,132,13442.34603,85,606.9818706,104,0.286663294,6869.779817,159,23374.74615,102,1055.474031,125,0.879535108,12729.94343,415,43314.2261,267,1955.830472,326,17.53336949,6584.453498,159,22403.91005,102,1011.636451,125,0.575932619,7681.862415,658,26137.89506,423,1180.242526,517,9.384313845,16461.13375,850,56009.77513,546,2529.091128,668,0.484896738,0.567558964,0.819017909,0.6,0.734725682,0.244249318,0.021025,0.5408645,0.3916605,0.067475,1,1,0.02,0.465223316,0.453325723,0.061450961,1,0.74,0.26,0.92,0.08,0.96,0.04,0.15,0.85,1,0.9,0.1,0.01,0.99,0.35,0.65
Tianjin,Extra-large-cities,10,天津市,306.93,267.33,5872.427473,132,10682.6184,85,1444.954128,104,1.2,10211.49888,159,18575.88644,102,2512.614679,125,2.74,18922.2663,415,34421.77039,267,4655.963303,326,26.57,9787.379122,159,17804.364,102,2408.256881,125,1.01,11418.60898,658,20771.758,423,2809.633028,517,8.08,24468.44781,850,44510.90999,546,6020.642202,668,0.613985098,0.638254201,25.56410344,0.6,0.718879688,0.197620313,0.0835,0.535144886,0.298355114,0.1665,1,1,0.02,0.013248421,0.885273042,0.081478537,1,0.74,0.26,0.92,0.08,0.96,0.04,0.15,0.85,1,0.9,0.1,0.01,0.99,0.35,0.65
Tianshui City,Medium-small-cities,10,甘肃省,30.44,24.84639343,3280.462675,132,14144.29476,85,575.2425692,104,0.096379947,5704.360096,159,24595.35699,102,1000.282912,125,0.213285254,10570.37973,415,45576.06088,267,1853.55939,326,4.090793316,5467.437792,159,23573.82459,102,958.7376153,125,0.231133392,6378.677424,658,27502.79536,423,1118.527218,517,0.962014658,13668.59448,850,58934.56148,546,2396.844038,668,0.476491256,0.454006896,0.205312044,0.6,0.741758852,0.246587398,0.01165375,0.539673211,0.416205539,0.04412125,1,1,0.02,0.68204675,0,0.29795325,1,0.74,0.26,0.92,0.08,0.96,0.04,0.15,0.85,1,1,0,0.01,0.99,0.35,0.65
Tieling City,Medium-small-cities,10,辽宁省,37.023,32.2403063,3349.463476,132,14174.77601,85,475.7605189,104,0.173664788,5824.344822,159,24648.3605,102,827.2946801,125,0.32400147,10792.71564,415,45674.27824,267,1533.006117,326,2.68186817,5582.439126,159,23624.62668,102,792.9341982,125,0.19180887,6512.845648,658,27562.06445,423,925.0898979,517,1.411350404,13956.09782,850,59061.56669,546,1982.335496,668,0.414886281,0.512336076,0,0.6,0.741758852,0.246587398,0.01165375,0.539673211,0.416205539,0.04412125,1,1,0.02,0.68204675,0,0.29795325,1,0.74,0.26,0.92,0.08,0.96,0.04,0.15,0.85,1,1,0,0.01,0.99,0.35,0.65
Tonghua City,Medium-small-cities,10,吉林省,25.0754,22.17873393,3066.361534,132,14431.97186,85,501.6666072,104,0.074831936,5332.062,159,25095.59551,102,872.3424891,125,0.20159947,9880.498275,415,46503.02044,267,1616.48129,326,1.665289804,5110.602556,159,24053.28643,102,836.1110119,125,0.102195853,5962.369649,658,28062.1675,423,975.4628473,517,0.852749004,12776.50639,850,60133.21608,546,2090.27753,668,0.458611833,0.576581528,0.179721026,0.6,0.741758852,0.246587398,0.01165375,0.539673211,0.416205539,0.04412125,1,1,0.02,0.68204675,0,0.29795325,1,0.74,0.26,0.92,0.08,0.96,0.04,0.15,0.85,1,1,0,0.01,0.99,0.35,0.65
Tongliao City,Largecities,10,内蒙古自治区,133.838,117.3420898,3022.894631,132,14270.18342,85,706.921944,104,0.282240545,5256.477886,159,24814.2634,102,1229.258714,125,0.709100213,9740.438256,415,45981.70215,267,2277.859597,326,10.35659521,5038.157719,159,23783.63904,102,1178.20324,125,0.342887274,5877.850672,658,27747.57888,423,1374.570447,517,4.805086967,12595.3943,850,59459.0976,546,2945.5081,668,0.425777941,0.544027187,2.527358038,0.6,0.747580909,0.231394091,0.021025,0.561478211,0.371046789,0.067475,1,1,0.02,0.465223316,0.453325723,0.061450961,1,0.74,0.26,0.92,0.08,0.96,0.04,0.15,0.85,1,1,0,0.01,0.99,0.35,0.65
Tongchuan City,Medium-small-cities,10,陕西省,9.8757,8.855825896,3202.027516,132,13781.31789,85,1016.654598,104,0.025301939,5567.97007,159,23964.18055,102,1767.849385,125,0.062813536,10317.64422,415,44406.46874,267,3275.887038,326,0.649024167,5336.712527,159,22968.86314,102,1694.42433,125,0.024272209,6226.164615,658,26797.007,423,1976.828385,517,0.258462253,13341.78132,850,57422.15786,546,4236.060825,668,0.46577571,0.498291321,0,0.6,0.754737136,0.233609114,0.01165375,0.561578766,0.394299984,0.04412125,1,1,0.02,0.68204675,0,0.29795325,1,0.74,0.26,0.92,0.08,0.96,0.04,0.15,0.85,1,1,0,0.01,0.99,0.35,0.65
Tongling City,Medium-small-cities,10,安徽省,19.7746,16.93617942,3753.720078,132,13691.17964,85,555.1002804,104,0.054067239,6527.302135,159,23807.44016,102,965.2577097,125,0.124332759,12095.32025,415,44116.02329,267,1788.656459,326,1.684621329,6256.200129,159,22818.63274,102,925.1671339,125,0.069389938,7298.900151,658,26621.73819,423,1079.361656,517,0.906009314,15640.50032,850,57046.58184,546,2312.917835,668,0.507015086,0.602511542,0,0.6,0.728780568,0.259565682,0.01165375,0.517767656,0.438111094,0.04412125,1,1,0.02,0.68204675,0,0.29795325,1,0.74,0.26,0.92,0.08,0.96,0.04,0.15,0.85,1,1,0,0.01,0.99,0.35,0.65
Tongren City,Medium-small-cities,10,贵州省,34.9589,30.2681002,2557.963056,132,14943.14901,85,498.8879294,104,0.124744782,4448.013536,159,25984.47579,102,867.5106772,125,0.205267868,8242.325402,415,48150.14683,267,1607.527773,326,3.556216312,4263.27176,159,24905.24836,102,831.4798823,125,0.193387413,4973.817053,658,29056.12308,423,970.0598627,517,0.611183427,10658.1794,850,62263.1209,546,2078.699706,668,0.447530596,0.448171364,0.759227463,0.6,0.715802284,0.272543966,0.01165375,0.495862102,0.460016648,0.04412125,1,1,0.02,0.68204675,0,0.29795325,1,0.74,0.26,0.92,0.08,0.96,0.04,0.15,0.85,1,1,0,0.01,0.99,0.35,0.65
Turpan City,Medium-small-cities,10,新疆维吾尔族自治区,10.01,8.291996903,2511.189766,132,15233.95906,85,254.8511704,104,0.051366557,4366.679982,159,26490.16215,102,443.1578686,125,0.069645647,8091.611469,415,49087.20143,267,821.1871047,326,1.12751907,4185.316277,159,25389.93177,102,424.7519507,125,0.066637696,4882.86899,658,29621.58707,423,495.5439425,517,0.402834127,10463.29069,850,63474.82943,546,1061.879877,668,0.489863864,0.42130841,0.370168511,0.6,0.754737136,0.233609114,0.01165375,0.561578766,0.394299984,0.04412125,1,1,0.02,0.68204675,0,0.29795325,1,0.74,0.26,0.92,0.08,0.96,0.04,0.15,0.85,1,1,0,0.01,0.99,0.35,0.65
Weihai City,Largecities,10,山东省,80.9722,71.20804771,4453.251666,132,12842.99095,85,703.7573796,104,0.139691929,7743.709842,159,22332.53427,102,1223.755888,125,0.461227216,14349.36648,415,41382.97085,267,2267.662667,326,5.933945916,7422.086111,159,21404.98492,102,1172.928966,125,0.27833878,8659.100462,658,24972.48241,423,1368.417127,517,2.950948448,18555.21528,850,53512.46231,546,2932.322415,668,0.499886521,0.535693518,4.146461504,0.6,0.747580909,0.231394091,0.021025,0.561478211,0.371046789,0.067475,1,1,0.02,0.465223316,0.453325723,0.061450961,1,0.74,0.26,0.92,0.08,0.96,0.04,0.15,0.85,1,0.9,0.1,0.01,0.99,0.35,0.65
Weifang City,Largecities,10,山东省,246.0261,216.3586795,3336.153397,132,14126.10438,85,537.7422264,104,0.424440245,5801.200073,159,24563.72594,102,935.0739826,125,1.401393727,10749.82761,415,45517.44744,267,1732.724952,326,18.02971355,5560.255661,159,23543.50729,102,896.237044,125,0.845705127,6486.964938,658,27467.42518,423,1045.609885,517,8.966167868,13900.63915,850,58858.76824,546,2240.59261,668,0.563591605,0.570329589,0.793109125,0.6,0.734725682,0.244249318,0.021025,0.5408645,0.3916605,0.067475,1,1,0.02,0.465223316,0.453325723,0.061450961,1,0.74,0.26,0.92,0.08,0.96,0.04,0.15,0.85,1,0.9,0.1,0.01,0.99,0.35,0.65
Weinan City,Medium-small-cities,10,陕西省,59.7456,53.57560797,2273.408051,132,15367.44233,85,359.1496205,104,0.153070623,3953.204001,159,26722.27471,102,624.5212846,125,0.380006721,7325.425944,415,49517.31417,267,1157.259888,326,3.926439467,3789.013419,159,25612.40388,102,598.5827009,125,0.146841005,4420.515656,658,29881.13786,423,698.3464844,517,1.563634212,9472.533548,850,64031.0097,546,1496.456752,668,0.458525005,0.490687194,0,0.6,0.754737136,0.233609114,0.01165375,0.561578766,0.394299984,0.04412125,1,1,0.02,0.68204675,0,0.29795325,1,0.74,0.26,0.92,0.08,0.96,0.04,0.15,0.85,1,1,0,0.01,0.99,0.35,0.65
Wenzhou City,Largecities,10,浙江省,234.9526,212.5071047,3026.124377,132,14354.7164,85,619.1592187,104,0.45407501,5262.094056,159,24961.25686,102,1076.649086,125,1.064238305,9750.845216,415,46254.08619,267,1995.068594,326,16.70570341,5043.540629,159,23924.52734,102,1031.932031,125,0.554822903,5884.130734,658,27911.94856,423,1203.920703,517,3.666655705,12608.85157,850,59811.31835,546,2579.830078,668,0.533858172,0.666340547,13.18100069,0.6,0.69616,0.282815,0.021025,0.479023368,0.453501632,0.067475,1,1,0.02,0.465223316,0.453325723,0.061450961,1,0.74,0.26,0.92,0.08,0.96,0.04,0.15,0.85,1,0.9,0.1,0.01,0.99,0.35,0.65
Wuhai City,Medium-small-cities,10,内蒙古自治区,21.65,18.98157656,4893.926174,132,9947.399329,85,3158.674497,104,0.045656001,8509.993848,159,17297.42217,102,5492.583986,125,0.114705985,15769.31767,415,32052.73117,267,10177.95116,326,1.675311095,8156.543624,159,16578.99888,102,5264.457494,125,0.055466381,9515.967562,658,19342.16536,423,6141.867077,517,0.777283976,20391.35906,850,41447.4972,546,13161.14374,668,0.424270493,0.561922184,0.894589977,0.6,0.741758852,0.246587398,0.01165375,0.539673211,0.416205539,0.04412125,1,1,0.02,0.68204675,0,0.29795325,1,0.74,0.26,0.92,0.08,0.96,0.04,0.15,0.85,1,1,0,0.01,0.99,0.35,0.65
Ulanqab City,Medium-small-cities,10,内蒙古自治区,15.4501,13.54583169,2982.654877,132,14578.28445,85,439.0606721,104,0.032581514,5186.505425,159,25350.01685,102,763.4777242,125,0.081857688,9610.776826,415,46974.47212,267,1414.751054,326,1.195553069,4971.091462,159,24297.14075,102,731.7677868,125,0.0395825,5799.606705,658,28346.66421,423,853.7290845,517,0.554693541,12427.72865,850,60742.85188,546,1829.419467,668,0.383536253,0.526777,0.174993444,0.6,0.754737136,0.233609114,0.01165375,0.561578766,0.394299984,0.04412125,1,1,0.02,0.68204675,0,0.29795325,1,0.74,0.26,0.92,0.08,0.96,0.04,0.15,0.85,1,1,0,0.01,0.99,0.35,0.65
ürümqi City,Largecities,10,新疆维吾尔族自治区,123.58,102.3701276,8627.79661,132,7682.033898,85,1690.169492,104,0.634153761,15002.77966,159,13358.20339,102,2939.016949,125,0.85982109,27800.67797,415,24753.22034,267,5446.101695,326,13.9199607,14379.66102,159,12803.38983,102,2816.949153,125,0.82268596,16776.27119,658,14937.28814,423,3286.440678,517,4.97325089,35949.15254,850,32008.47458,546,7042.372881,668,0.398119632,0.545607551,2.35E+01,0.6,0.747580909,0.231394091,0.021025,0.561478211,0.371046789,0.067475,1,1,0.02,0.465223316,0.453325723,0.061450961,1,0.74,0.26,0.92,0.08,0.96,0.04,0.15,0.85,1,1,0,0.01,0.99,0.35,0.65
Wuxi City,Extra-large-cities,10,江苏省,209.71,194.1252991,6111.603303,132,10760.66071,85,1127.735988,104,0.435080702,10627.39908,159,18711.59334,102,1961.007579,125,1.268893593,19692.94398,415,34673.24006,267,3633.81596,326,7.116598526,10186.00551,159,17934.43451,102,1879.55998,125,1.231443608,11883.67309,658,20923.50693,423,2192.819976,517,5.532684476,25465.01376,850,44836.08629,546,4698.899949,668,0.531749825,0.63970792,9.635563009,0.6,0.696921875,0.219578125,0.0835,0.501994318,0.331505682,0.1665,1,1,0.02,0.013248421,0.885273042,0.081478537,1,0.74,0.26,0.92,0.08,0.96,0.04,0.15,0.85,1,1,0,0.01,0.99,0.35,0.65
Wuhu City,Largecities,10,安徽省,61.5052,52.67682292,3554.497161,132,13990.47445,85,455.0283935,104,0.168166048,6180.875618,159,24327.88056,102,791.2438175,125,0.386713826,11453.37974,415,45080.41766,267,1466.202601,326,5.239700007,5924.161934,159,23317.45741,102,758.3806558,125,0.215824442,6911.522257,658,27203.70031,423,884.7774318,517,2.817972756,14810.40484,850,58293.64352,546,1895.951639,668,0.489338285,0.608893444,0,0.6,0.721870455,0.257104545,0.021025,0.520250789,0.412274211,0.067475,1,1,0.02,0.465223316,0.453325723,0.061450961,1,0.74,0.26,0.92,0.08,0.96,0.04,0.15,0.85,1,1,0,0.01,0.99,0.35,0.65
Wuzhong City,Medium-small-cities,10,宁夏回族自治区,32.2,25.07092452,5444.501678,132,11717.63403,85,837.8642889,104,0.076016079,9467.383473,159,20375.66362,102,1456.952902,125,0.203394372,17543.39429,415,37756.82077,267,2699.784931,326,5.064314426,9074.169463,159,19529.39006,102,1396.440481,125,0.168468066,10586.53104,658,22784.2884,423,1629.180562,517,1.616882537,22685.42366,850,48823.47514,546,3491.101204,668,0.283962638,0.500069057,0,0.6,0.754737136,0.233609114,0.01165375,0.561578766,0.394299984,0.04412125,1,1,0.02,0.68204675,0,0.29795325,1,0.74,0.26,0.92,0.08,0.96,0.04,0.15,0.85,1,1,0,0.01,0.99,0.35,0.65
Wuzhou City,Medium-small-cities,10,广西壮族自治区,27.4065,23.77870034,3273.725685,132,14042.73649,85,683.5378293,104,0.06743122,5692.645219,159,24418.75844,102,1188.596336,125,0.160200233,10548.67165,415,45248.81756,267,2202.510783,326,2.34170238,5456.209475,159,23404.56081,102,1139.229715,125,0.202702335,6365.577721,658,27305.32094,423,1329.101335,517,0.855763488,13640.52369,850,58511.40202,546,2848.074289,668,0.307625095,0.440096841,11.13888987,0.6,0.715802284,0.272543966,0.01165375,0.495862102,0.460016648,0.04412125,1,1,0.02,0.68204675,0,0.29795325,1,0.74,0.26,0.92,0.08,0.96,0.04,0.15,0.85,1,1,0,0.01,0.99,0.35,0.65
Wuhan City,Extra-large-cities,10,湖北省,334.439,294.4194891,6342.295014,132,10654.25671,85,1003.448275,104,1.082453326,11028.54633,159,18526.56861,102,1744.885056,125,2.407188624,20436.28393,415,34330.38274,267,3233.33333,326,24.91987314,10570.49169,159,17757.09452,102,1672.413791,125,2.270416543,12332.24031,658,20716.61027,423,1951.149423,517,9.339579239,26426.22923,850,44392.7363,546,4181.034478,668,0.549106383,0.666963651,33.49089608,0.6,0.696921875,0.219578125,0.0835,0.501994318,0.331505682,0.1665,1,1,0.02,0.013248421,0.885273042,0.081478537,1,0.74,0.26,0.92,0.08,0.96,0.04,0.15,0.85,1,1,0,0.01,0.99,0.35,0.65
Wuwei City,Medium-small-cities,10,甘肃省,21.96,17.92466491,3159.468012,132,14207.0805,85,633.4514921,104,0.069530343,5493.963821,159,24704.53442,102,1101.501761,125,0.153868074,10180.50804,415,45778.37049,267,2041.121475,326,2.951176781,5265.78002,159,23678.46749,102,1055.752487,125,0.166744063,6143.410024,658,27624.87874,423,1231.711235,517,0.694015831,13164.45005,850,59196.16873,546,2639.381217,668,0.417979824,0.480372279,0,0.6,0.754737136,0.233609114,0.01165375,0.561578766,0.394299984,0.04412125,1,1,0.02,0.68204675,0,0.29795325,1,0.74,0.26,0.92,0.08,0.96,0.04,0.15,0.85,1,1,0,0.01,0.99,0.35,0.65
Xi'an City,Extra-large-cities,10,陕西省,341.2616,306.0191495,3816.225908,132,13415.95697,85,767.8171224,104,0.874325903,6635.992828,159,23328.85851,102,1335.148663,125,2.170564888,12296.72792,415,43229.19468,267,2474.077394,326,22.42747608,6360.376513,159,22359.92828,102,1279.695204,125,0.838742872,7420.439265,658,26086.583,423,1492.977738,517,8.931340769,15900.94128,850,55899.82071,546,3199.23801,668,0.478381986,0.634193146,49.72892948,0.6,0.707900781,0.208599219,0.0835,0.518569602,0.314930398,0.1665,1,1,0.02,0.013248421,0.885273042,0.081478537,1,0.74,0.26,0.92,0.08,0.96,0.04,0.15,0.85,1,1,0,0.01,0.99,0.35,0.65
Xining City,Medium-small-cities,10,青海省,49.0554,40.5603497,3162.472111,132,14311.06507,85,526.4628203,104,0.239879707,5499.187615,159,24885.35204,102,915.4603486,125,0.384634702,10190.18791,415,46113.43189,267,1696.380199,326,6.133475946,5270.786852,159,23851.77511,102,877.4380338,125,0.306053419,6149.251327,658,27827.07097,423,1023.677706,517,1.431006526,13176.96713,850,59629.43779,546,2193.595084,668,0.226556353,0.577701982,7.228462795,0.6,0.741758852,0.246587398,0.01165375,0.539673211,0.416205539,0.04412125,1,1,0.02,0.68204675,0,0.29795325,1,0.74,0.26,0.92,0.08,0.96,0.04,0.15,0.85,1,1,0,0.01,0.99,0.35,0.65
Xishuangbanna Dai Autonomous Prefecture,Medium-small-cities,10,云南省,20.74,17.63163825,1876.57563,132,15539.65336,85,583.7710084,104,0.058097597,3263.156513,159,27021.73057,102,1015.11292,125,0.088690051,6046.743697,415,50072.21639,267,1881.039916,326,2.369932879,3127.62605,159,25899.42227,102,972.9516807,125,0.13977103,3648.897059,658,30215.99265,423,1135.110294,517,0.451870196,7819.065126,850,64748.55567,546,2432.379202,668,0.457458113,0.59980241,4.798083384,0.6,0.728780568,0.259565682,0.01165375,0.517767656,0.438111094,0.04412125,1,1,0.02,0.68204675,0,0.29795325,1,0.74,0.26,0.92,0.08,0.96,0.04,0.15,0.85,1,1,0,0.01,0.99,0.35,0.65
Xianning City,Medium-small-cities,10,湖北省,26.43,23.26734351,2812.923363,132,14717.59064,85,469.4859948,104,0.085543975,4891.361181,159,25592.25484,102,816.3839799,125,0.190234977,9063.86417,415,47423.34762,267,1512.788206,326,1.96936436,4688.205605,159,24529.31774,102,782.476658,125,0.179426171,5469.573206,658,28617.53736,423,912.8894344,517,0.738087003,11720.51401,850,61323.29434,546,1956.191645,668,0.562265103,0.590794208,0.00E+00,0.6,0.728780568,0.259565682,0.01165375,0.517767656,0.438111094,0.04412125,1,1,0.02,0.68204675,0,0.29795325,1,0.74,0.26,0.92,0.08,0.96,0.04,0.15,0.85,1,1,0,0.01,0.99,0.35,0.65
Xianyang City,Medium-small-cities,10,陕西省,45.2991,40.62101348,3177.837774,132,14260.12443,85,562.0377979,104,0.116058111,5525.906797,159,24796.77192,102,977.3212818,125,0.288121007,10239.6995,415,45949.28982,267,1811.010682,326,2.977025489,5296.396291,159,23766.87405,102,936.7296631,125,0.111334815,6179.129006,658,27728.01972,423,1092.851274,517,1.185547095,13240.99073,850,59417.18512,546,2341.824158,668,0.45708868,0.541999563,0,0.6,0.754737136,0.233609114,0.01165375,0.561578766,0.394299984,0.04412125,1,1,0.02,0.68204675,0,0.29795325,1,0.74,0.26,0.92,0.08,0.96,0.04,0.15,0.85,1,1,0,0.01,0.99,0.35,0.65
Xiangtan City,Medium-small-cities,10,湖南省,38.4975,34.40577231,1814.954683,132,15539.27492,85,645.7703927,104,0.186956518,3156.004532,159,27021.07251,102,1122.922961,125,0.27355158,5848.187311,415,50070.99698,267,2080.81571,326,2.626272796,3024.924471,159,25898.79154,102,1076.283988,125,0.218930079,3529.07855,658,30215.2568,423,1255.664653,517,0.786016715,7562.311178,850,64746.97885,546,2690.70997,668,0.538322601,0.557888635,0,0.6,0.715802284,0.272543966,0.01165375,0.495862102,0.460016648,0.04412125,1,1,0.02,0.68204675,0,0.29795325,1,0.74,0.26,0.92,0.08,0.96,0.04,0.15,0.85,1,1,0,0.01,0.99,0.35,0.65
Xiangyang City,Largecities,10,湖北省,79.7164,70.17740683,2596.206347,132,14997.77337,85,406.0202784,104,0.258012021,4514.51437,159,26079.46148,102,706.0241508,125,0.573774025,8365.553784,415,48326.15865,267,1308.287564,326,5.939865193,4327.010578,159,24996.28896,102,676.700464,125,0.541173228,5048.179008,658,29162.33712,423,789.4838747,517,2.226168702,10817.52645,850,62490.72239,546,1691.75116,668,0.540679494,0.615231106,15.23290494,0.6,0.734725682,0.244249318,0.021025,0.5408645,0.3916605,0.067475,1,1,0.02,0.465223316,0.453325723,0.061450961,1,0.74,0.26,0.92,0.08,0.96,0.04,0.15,0.85,1,1,0,0.01,0.99,0.35,0.65
Xiaogan City,Medium-small-cities,10,湖北省,31.4296,27.6686833,2619.584771,132,14973.46336,85,406.9518663,104,0.101725801,4555.166851,159,26037.18907,102,707.6440786,125,0.226220553,8440.884261,415,48247.82639,267,1311.289347,326,2.341896863,4365.974618,159,24955.77227,102,678.2531104,125,0.213367113,5093.637054,658,29115.06765,423,791.2952955,517,0.877706367,10914.93654,850,62389.43068,546,1695.632776,668,0.491109903,0.569226221,0,0.6,0.741758852,0.246587398,0.01165375,0.539673211,0.416205539,0.04412125,1,1,0.02,0.68204675,0,0.29795325,1,0.74,0.26,0.92,0.08,0.96,0.04,0.15,0.85,1,1,0,0.01,0.99,0.35,0.65
Xinzhou City,Medium-small-cities,10,山西省,40.2784,35.65484221,3799.965748,132,13284.46652,85,915.5677342,104,0.069441592,6607.718217,159,23100.21122,102,1592.07056,125,0.205478808,12244.33408,415,42805.50323,267,2950.162699,326,2.520957459,6333.276246,159,22140.77753,102,1525.946224,125,0.072287559,7388.822287,658,25830.90712,423,1780.270594,517,1.755392369,15833.19061,850,55351.94383,546,3814.865559,668,0.41102206,0.501069592,0.681121949,0.6,0.754737136,0.233609114,0.01165375,0.561578766,0.394299984,0.04412125,1,1,0.02,0.68204675,0,0.29795325,1,0.74,0.26,0.92,0.08,0.96,0.04,0.15,0.85,1,1,0,0.01,0.99,0.35,0.65
Xinxiang City,Medium-small-cities,10,河南省,105.0265,92.69938151,4945.34712,132,12697.04579,85,357.6070901,104,0.238796213,8599.409158,159,22078.75185,102,621.8389956,125,0.518155071,15935.00739,415,40912.7031,267,1152.289513,326,7.532221378,8242.245199,159,21161.74298,102,596.0118168,125,0.259077535,9615.952733,658,24688.70015,423,695.3471196,517,3.778868295,20605.613,850,52904.35746,546,1490.029542,668,0.521503822,0.578817346,0,0.6,0.754737136,0.233609114,0.01165375,0.561578766,0.394299984,0.04412125,1,1,0.02,0.68204675,0,0.29795325,1,0.74,0.26,0.92,0.08,0.96,0.04,0.15,0.85,1,1,0,0.01,0.99,0.35,0.65
Xinyu City,Medium-small-cities,10,江西省,19.2386,16.54142562,3059.04059,132,14468.63469,85,472.3247232,104,0.045038694,5319.331693,159,25159.34809,102,821.3202132,125,0.097476603,9856.908569,415,46621.15621,267,1521.935219,326,1.56059076,5098.400984,159,24114.39114,102,787.2078721,125,0.122891295,5948.134481,658,28133.45633,423,918.4091841,517,0.871177031,12746.00246,850,60285.97786,546,1968.01968,668,0.369933369,0.530475636,0,0.6,0.702824,0.28552225,0.01165375,0.473956547,0.481922203,0.04412125,1,1,0.02,0.68204675,0,0.29795325,1,0.74,0.26,0.92,0.08,0.96,0.04,0.15,0.85,1,1,0,0.01,0.99,0.35,0.65
Xinyang City,Medium-small-cities,10,河南省,66.5127,58.70600422,2815.016403,132,14787.72741,85,397.2561885,104,0.151228318,4895.000746,159,25714.21488,102,690.7843722,125,0.328144733,9070.60841,415,47649.34387,267,1280.047718,326,4.770114027,4691.694005,159,24646.21235,102,662.0936475,125,0.164072366,5473.643006,658,28753.91441,423,772.4425887,517,2.393136335,11729.23501,850,61615.53087,546,1655.234119,668,0.501009281,0.57508967,1.265933214,0.6,0.741758852,0.246587398,0.01165375,0.539673211,0.416205539,0.04412125,1,1,0.02,0.68204675,0,0.29795325,1,0.74,0.26,0.92,0.08,0.96,0.04,0.15,0.85,1,1,0,0.01,0.99,0.35,0.65
Xingtai City,Medium-small-cities,10,河北省,141.2,122.27219,2427.314684,132,15108.35435,85,464.330962,104,0.189321128,4220.830534,159,26271.74952,102,807.4199506,125,0.580871643,7821.347315,415,48682.47514,267,1496.177544,326,11.57956863,4045.524473,159,25180.59059,102,773.8849366,125,0.380363357,4719.778552,658,29377.35569,423,902.8657594,517,6.19768529,10113.81118,850,62951.47647,546,1934.712342,668,0.412220288,0.523355864,0,0.6,0.754737136,0.233609114,0.01165375,0.561578766,0.394299984,0.04412125,1,1,0.02,0.68204675,0,0.29795325,1,0.74,0.26,0.92,0.08,0.96,0.04,0.15,0.85,1,1,0,0.01,0.99,0.35,0.65
Xuzhou City,Largecities,10,江苏省,151.4,140.1486352,3448.237052,132,13890.54183,85,661.2211215,104,0.314106234,5996.101096,159,24154.10884,102,1149.790061,125,0.916076915,11110.98606,415,44758.41255,267,2130.601391,326,5.137823742,5747.061753,159,23150.90304,102,1102.035202,125,0.889039923,6704.905379,658,27009.38689,423,1285.707736,517,3.994318009,14367.65438,850,57877.25761,546,2755.088006,668,0.484523493,0.582526067,7.554004633,0.6,0.721870455,0.257104545,0.021025,0.520250789,0.412274211,0.067475,1,1,0.02,0.465223316,0.453325723,0.061450961,1,0.74,0.26,0.92,0.08,0.96,0.04,0.15,0.85,1,1,0,0.01,0.99,0.35,0.65
Xuchang City,Largecities,10,河南省,70.6631,62.36926552,4035.133247,132,13460.02595,85,504.8408025,104,0.160664982,7016.648368,159,23405.48957,102,877.8620621,125,0.348621001,13002.09602,415,43371.19473,267,1626.709252,326,5.067769682,6725.222078,159,22433.37658,102,841.4013375,125,0.174310501,7846.092424,658,26172.27268,423,981.6348937,517,2.542468312,16813.0552,850,56083.44146,546,2103.503344,668,0.509129019,0.638299373,0,0.6,0.721870455,0.257104545,0.021025,0.520250789,0.412274211,0.067475,1,1,0.02,0.465223316,0.453325723,0.061450961,1,0.74,0.26,0.92,0.08,0.96,0.04,0.15,0.85,1,1,0,0.01,0.99,0.35,0.65
Xuancheng City,Medium-small-cities,10,安徽省,43.3812,37.15431851,5051.580699,132,12440.69408,85,507.7252199,104,0.11861184,8784.137549,159,21632.98471,102,882.8777434,125,0.272759211,16277.31559,415,40086.68093,267,1636.003486,326,3.695695225,8419.301165,159,20734.49014,102,846.2086998,125,0.152226531,9822.518026,658,24190.23849,423,987.2434831,517,1.987588687,21048.25291,850,51836.22534,546,2115.521749,668,0.467448371,0.632523997,0,0.6,0.715802284,0.272543966,0.01165375,0.495862102,0.460016648,0.04412125,1,1,0.02,0.68204675,0,0.29795325,1,0.74,0.26,0.92,0.08,0.96,0.04,0.15,0.85,1,1,0,0.01,0.99,0.35,0.65
Ya'an City,Medium-small-cities,10,四川省,32.12,28.77523309,2486.06063,132,14886.73481,85,627.2045593,104,0.059001527,4322.983206,159,25886.37775,102,1090.639039,125,0.207717703,8010.639807,415,47968.36772,267,2020.992469,326,2.146685679,4143.434383,159,24811.22468,102,1045.340932,125,0.168383352,4834.00678,658,28946.4288,423,1219.564421,517,0.762978645,10358.58596,850,62028.06171,546,2613.35233,668,0.464930006,0.476514806,0,0.6,0.715802284,0.272543966,0.01165375,0.495862102,0.460016648,0.04412125,1,1,0.02,0.68204675,0,0.29795325,1,0.74,0.26,0.92,0.08,0.96,0.04,0.15,0.85,1,1,0,0.01,0.99,0.35,0.65
Yantai City,Largecities,10,山东省,174.1372,153.1386086,3239.599538,132,14113.59176,85,646.8086992,104,0.300418678,5633.30364,159,24541.9679,102,1124.72846,125,0.991906061,10438.70962,415,45477.12901,267,2084.161364,326,12.76142586,5399.332563,159,23522.65294,102,1078.014499,125,0.598589836,6299.221323,658,27443.09509,423,1257.683582,517,6.346250936,13498.33141,850,58806.63235,546,2695.036247,668,0.530381134,0.582667006,14.12546751,0.6,0.747580909,0.231394091,0.021025,0.561478211,0.371046789,0.067475,1,1,0.02,0.465223316,0.453325723,0.061450961,1,0.74,0.26,0.92,0.08,0.96,0.04,0.15,0.85,1,0.9,0.1,0.01,0.99,0.35,0.65
Yan'an City,Medium-small-cities,10,陕西省,37.3688,33.50968405,4153.316201,132,13017.98896,85,828.6948439,104,0.095740364,7222.155394,159,22636.83635,102,1441.008256,125,0.23768102,13382.90776,415,41946.8533,267,2670.238941,326,2.455851664,6922.193668,159,21696.64826,102,1381.158073,125,0.091843954,8075.892613,658,25312.7563,423,1611.351085,517,0.977998951,17305.48417,850,54241.62065,546,3452.895183,668,0.403807259,0.515939103,0.808683345,0.6,0.754737136,0.233609114,0.01165375,0.561578766,0.394299984,0.04412125,1,1,0.02,0.68204675,0,0.29795325,1,0.74,0.26,0.92,0.08,0.96,0.04,0.15,0.85,1,1,0,0.01,0.99,0.35,0.65
Yancheng City,Largecities,10,江苏省,136.38,126.2448538,2738.151701,132,14731.49986,85,530.3484372,104,0.282944572,4761.341568,159,25616.44143,102,922.2170048,125,0.825195309,8822.933258,415,47468.16622,267,1708.90052,326,4.628113619,4563.586168,159,24552.49977,102,883.9140621,125,0.800840586,5324.183863,658,28644.58307,423,1031.233072,517,3.598052114,11408.96542,850,61381.24943,546,2209.785155,668,0.54253116,0.588800181,3.146462164,0.6,0.734725682,0.244249318,0.021025,0.5408645,0.3916605,0.067475,1,1,0.02,0.465223316,0.453325723,0.061450961,1,0.74,0.26,0.92,0.08,0.96,0.04,0.15,0.85,1,0.9,0.1,0.01,0.99,0.35,0.65
Yangzhou City,Largecities,10,江苏省,82.73,76.58187971,4736.212373,132,12537.37217,85,726.4154598,104,0.171638103,8235.747071,159,21801.09716,102,1263.155772,125,0.500574922,15261.12876,415,40398.19921,267,2340.672037,326,2.807477927,7893.687288,159,20895.62028,102,1210.692433,125,0.48580101,9209.301836,658,24378.22366,423,1412.474505,517,2.182628328,19734.21822,850,52239.0507,546,3026.731083,668,0.522824878,0.610682543,3.243567274,0.6,0.747580909,0.231394091,0.021025,0.561478211,0.371046789,0.067475,1,1,0.02,0.465223316,0.453325723,0.061450961,1,0.74,0.26,0.92,0.08,0.96,0.04,0.15,0.85,1,1,0,0.01,0.99,0.35,0.65
Yangjiang City,Medium-small-cities,10,广东省,42.9027,38.08885444,3458.124968,132,13721.161,85,820.7140363,104,0.095114808,6013.295083,159,23859.5744,102,1427.130519,125,0.324019512,11142.84712,415,44212.62988,267,2644.523006,326,3.404147879,5763.541613,159,22868.60166,102,1367.856727,125,0.205958719,6724.131882,658,26680.03527,423,1595.832848,517,0.784604643,14408.85403,850,57171.50415,546,3419.641818,668,0.382753894,0.527198491,0,0.6,0.702824,0.28552225,0.01165375,0.473956547,0.481922203,0.04412125,1,1,0.02,0.68204675,0,0.29795325,1,0.74,0.26,0.92,0.08,0.96,0.04,0.15,0.85,1,0.9,0.1,0.01,0.99,0.35,0.65
Yangquan City,Medium-small-cities,10,山西省,25.2758,22.37439076,3635.918082,132,13475.58201,85,888.4999125,104,0.043576502,6322.457553,159,23432.53982,102,1545.002626,125,0.128943584,11715.73604,415,43421.3198,267,2862.944162,326,1.581969903,6059.863469,159,22459.30334,102,1480.833187,125,0.045362424,7069.840714,658,26202.52057,423,1727.638719,517,1.101556826,15149.65867,850,56148.25836,546,3702.082969,668,0.448171614,0.52665391,0,0.6,0.741758852,0.246587398,0.01165375,0.539673211,0.416205539,0.04412125,1,1,0.02,0.68204675,0,0.29795325,1,0.74,0.26,0.92,0.08,0.96,0.04,0.15,0.85,1,1,0,0.01,0.99,0.35,0.65
Yichun City (Heilongjiang),Medium-small-cities,10,黑龙江省,8.5064,7.25321612,3562.86611,132,13971.92696,85,465.2069302,104,0.034810663,6195.42829,159,24295.62855,102,808.943162,125,0.084540182,11480.34635,415,45020.65354,267,1499.000108,326,0.723896032,5938.110183,159,23286.54493,102,775.3448837,125,0.069455562,6927.795213,658,27167.63576,423,904.569031,517,0.34048144,14845.27546,850,58216.36233,546,1938.362209,668,0.47700522,0.468907909,0.20096644,0.6,0.728780568,0.259565682,0.01165375,0.517767656,0.438111094,0.04412125,1,1,0.02,0.68204675,0,0.29795325,1,0.74,0.26,0.92,0.08,0.96,0.04,0.15,0.85,1,1,0,0.01,0.99,0.35,0.65
Yibin City,Medium-small-cities,10,四川省,79.81,71.49910813,1961.703767,132,15441.6759,85,596.6203312,104,0.146603731,3411.184884,159,26851.35865,102,1037.456465,125,0.516125463,6321.045472,415,49756.51124,267,1922.443289,326,5.333965879,3269.506279,159,25736.1265,102,994.3672187,125,0.418389643,3814.423992,658,30025.48092,423,1160.095088,517,1.89580715,8173.765697,850,64340.31626,546,2485.918047,668,0.452896333,0.491004405,1.152771,0.6,0.728780568,0.259565682,0.01165375,0.517767656,0.438111094,0.04412125,1,1,0.02,0.68204675,0,0.29795325,1,0.74,0.26,0.92,0.08,0.96,0.04,0.15,0.85,1,1,0,0.01,0.99,0.35,0.65
Yichang City,Largecities,10,湖北省,69.3144,61.02012695,2650.214758,132,14927.54892,85,422.2363219,104,0.224344657,4608.428995,159,25957.34896,102,734.2220487,125,0.498903642,8539.580886,415,48099.87985,267,1360.53926,326,5.164786567,4417.024596,159,24879.2482,102,703.7272032,125,0.470556844,5153.195362,658,29025.78957,423,821.0150704,517,1.935681339,11042.56149,850,62198.1205,546,1759.318008,668,0.451988552,0.599570043,13.82493307,0.6,0.721870455,0.257104545,0.021025,0.520250789,0.412274211,0.067475,1,1,0.02,0.465223316,0.453325723,0.061450961,1,0.74,0.26,0.92,0.08,0.96,0.04,0.15,0.85,1,1,0,0.01,0.99,0.35,0.65
Yichun City (Jiangxi),Medium-small-cities,10,江西省,78.1102,67.15946396,2819.31645,132,14670.63348,85,510.0500689,104,0.182860573,4902.478049,159,25510.60155,102,886.9203976,125,0.395762526,9084.464117,415,47272.04122,267,1643.494667,326,6.336118862,4698.86075,159,24451.0558,102,850.0834482,125,0.498948136,5482.004209,658,28526.23177,423,991.7640229,517,3.537045945,11747.15188,850,61127.6395,546,2125.208621,668,0.370933671,0.587291119,1.217057927,0.6,0.702824,0.28552225,0.01165375,0.473956547,0.481922203,0.04412125,1,1,0.02,0.68204675,0,0.29795325,1,0.74,0.26,0.92,0.08,0.96,0.04,0.15,0.85,1,1,0,0.01,0.99,0.35,0.65
Yiyang City,Medium-small-cities,10,湖南省,45.4055,40.57955178,1690.919138,132,15830.53969,85,478.5411678,104,0.220504037,2940.320501,159,27527.54958,102,832.1299196,125,0.322637736,5448.517222,415,51009.51679,267,1541.965985,326,3.097531774,2818.198563,159,26384.23282,102,797.568613,125,0.258214942,3287.898324,658,30781.60496,423,930.4967152,517,0.927059729,7045.496408,850,65960.58206,546,1993.921533,668,0.515550639,0.533503653,0,0.6,0.715802284,0.272543966,0.01165375,0.495862102,0.460016648,0.04412125,1,1,0.02,0.68204675,0,0.29795325,1,0.74,0.26,0.92,0.08,0.96,0.04,0.15,0.85,1,1,0,0.01,0.99,0.35,0.65
Yinchuan City,Medium-small-cities,10,宁夏回族自治区,92.7,72.17623301,4598.461568,132,12675.79024,85,725.7481947,104,0.218841319,7996.213727,159,22041.7908,102,1261.995472,125,0.585548395,14817.26505,415,40844.21299,267,2338.521961,326,14.57956358,7664.102614,159,21126.31706,102,1209.580324,125,0.484999681,8941.453049,658,24647.36991,423,1411.177045,517,4.654814011,19160.25653,850,52815.79265,546,3023.950811,668,0.406291201,0.550156601,11.75822961,0.6,0.754737136,0.233609114,0.01165375,0.561578766,0.394299984,0.04412125,1,1,0.02,0.68204675,0,0.29795325,1,0.74,0.26,0.92,0.08,0.96,0.04,0.15,0.85,1,1,0,0.01,0.99,0.35,0.65
Yingtan City,Medium-small-cities,10,江西省,14.3315,12.32228131,2770.320803,132,14871.87562,85,357.803582,104,0.033550885,4817.280063,159,25860.53926,102,622.1806731,125,0.0726137,8926.589254,415,47920.48809,267,1152.922653,326,1.162538151,4617.201338,159,24786.45936,102,596.3393033,125,0.091545985,5386.734895,658,28917.53592,423,695.7291872,517,0.648969968,11543.00335,850,61966.1484,546,1490.848258,668,0.406065435,0.538636279,0,0.6,0.702824,0.28552225,0.01165375,0.473956547,0.481922203,0.04412125,1,1,0.02,0.68204675,0,0.29795325,1,0.74,0.26,0.92,0.08,0.96,0.04,0.15,0.85,1,1,0,0.01,0.99,0.35,0.65
Yingkou City,Medium-small-cities,10,辽宁省,46.1484,40.18687171,3918.839761,132,13502.58247,85,578.5777716,104,0.216469549,6814.426918,159,23479.49062,102,1006.082458,125,0.403861098,12627.37256,415,43508.32128,267,1864.306153,326,3.342892932,6531.399602,159,22504.30411,102,964.296286,125,0.23908577,7619.966202,658,26255.02146,423,1125.012334,517,1.759218945,16328.49901,850,56260.76028,546,2410.740715,668,0.593043772,0.58632595,0.696915238,0.6,0.741758852,0.246587398,0.01165375,0.539673211,0.416205539,0.04412125,1,1,0.02,0.68204675,0,0.29795325,1,0.74,0.26,0.92,0.08,0.96,0.04,0.15,0.85,1,0.9,0.1,0.01,0.99,0.35,0.65
Yongzhou City,Medium-small-cities,10,湖南省,47.2512,42.22908056,1545.2617,132,16071.34508,85,383.3932205,104,0.229467363,2687.0384,159,27946.28339,102,666.6782112,125,0.335752722,4979.176588,415,51785.44526,267,1235.378155,326,3.22344415,2575.436166,159,26785.57513,102,638.9887008,125,0.268711188,3004.675527,658,31249.83766,423,745.4868176,517,0.964744022,6438.590415,850,66963.93783,546,1597.471752,668,0.503358282,0.516421962,0.130668581,0.6,0.702824,0.28552225,0.01165375,0.473956547,0.481922203,0.04412125,1,1,0.02,0.68204675,0,0.29795325,1,0.74,0.26,0.92,0.08,0.96,0.04,0.15,0.85,1,1,0,0.01,0.99,0.35,0.65
Yulin City (Shaanxi),Largecities,10,陕西省,72.868,65.34284369,3313.347802,132,13986.50298,85,700.1492132,104,0.186690738,5761.543679,159,24320.97463,102,1217.481687,125,0.463470611,10676.34292,415,45067.62073,267,2256.036354,326,4.78883451,5522.246337,159,23310.83831,102,1166.915355,125,0.179092859,6442.620727,658,27195.97802,423,1361.401248,517,1.907067596,13805.61584,850,58277.09577,546,2917.288388,668,0.3482859,0.539698329,2.612956185,0.6,0.747580909,0.231394091,0.021025,0.561478211,0.371046789,0.067475,1,1,0.02,0.465223316,0.453325723,0.061450961,1,0.74,0.26,0.92,0.08,0.96,0.04,0.15,0.85,1,1,0,0.01,0.99,0.35,0.65
Yulin City (Guangxi),Medium-small-cities,10,广西壮族自治区,66.94,58.07914915,3738.541098,132,13652.41565,85,609.043247,104,0.16469983,6500.907577,159,23740.03389,102,1059.058535,125,0.391286869,12046.41021,415,43991.11711,267,1962.472685,326,5.719575915,6230.901831,159,22754.02609,102,1015.072078,125,0.495097671,7269.385469,658,26546.36377,423,1184.250758,517,2.09019057,15577.25458,850,56885.06523,546,2537.680196,668,0.461941903,0.482215522,0.00E+00,0.6,0.715802284,0.272543966,0.01165375,0.495862102,0.460016648,0.04412125,1,1,0.02,0.68204675,0,0.29795325,1,0.74,0.26,0.92,0.08,0.96,0.04,0.15,0.85,1,1,0,0.01,0.99,0.35,0.65
Yuxi City,Medium-small-cities,10,云南省,46.8,39.78595323,1701.652369,132,15835.10853,85,463.2391042,104,0.131097759,2958.984397,159,27535.49427,102,805.5213311,125,0.200129912,5483.102078,415,51024.23859,267,1492.659336,326,5.347775252,2836.087282,159,26391.84754,102,772.0651736,125,0.315394609,3308.768496,658,30790.4888,423,900.7427025,517,1.019649237,7090.218205,850,65979.61886,546,1930.162934,668,0.40098899,0.534571092,0,0.6,0.741758852,0.246587398,0.01165375,0.539673211,0.416205539,0.04412125,1,1,0.02,0.68204675,0,0.29795325,1,0.74,0.26,0.92,0.08,0.96,0.04,0.15,0.85,1,1,0,0.01,0.99,0.35,0.65
Yueyang City,Largecities,10,湖南省,64.0815,57.27056298,1611.315637,132,15964.05735,85,424.6270103,104,0.311200834,2801.898857,159,27759.72195,102,738.3791901,125,0.455343738,5192.017051,415,51439.74036,267,1368.242589,326,4.371595564,2685.526061,159,26606.76226,102,707.7116838,125,0.364422829,3133.113738,658,31041.22263,423,825.6636311,517,1.308374053,6713.815152,850,66516.90564,546,1769.279209,668,0.55650059,0.532576617,0.769355327,0.6,0.721870455,0.257104545,0.021025,0.520250789,0.412274211,0.067475,1,1,0.02,0.465223316,0.453325723,0.061450961,1,0.74,0.26,0.92,0.08,0.96,0.04,0.15,0.85,1,1,0,0.01,0.99,0.35,0.65
Yunfu City,Medium-small-cities,10,广东省,35.9123,31.88280382,3037.773472,132,14171.0528,85,791.173725,104,0.079617169,5282.350537,159,24641.88626,102,1375.7632,125,0.271225026,9788.381186,415,45662.28126,267,2549.337558,326,2.84948919,5062.955786,159,23618.42134,102,1318.622875,125,0.172400602,5906.78175,658,27554.8249,423,1538.393354,517,0.656764197,12657.38946,850,59046.05335,546,3296.557188,668,0.513327865,0.535868301,0,0.6,0.715802284,0.272543966,0.01165375,0.495862102,0.460016648,0.04412125,1,1,0.02,0.68204675,0,0.29795325,1,0.74,0.26,0.92,0.08,0.96,0.04,0.15,0.85,1,1,0,0.01,0.99,0.35,0.65
Yuncheng City,Medium-small-cities,10,山西省,91.3089,80.8275508,4985.274767,132,12334.60743,85,680.1178019,104,0.157420239,8668.8389,159,21448.51181,102,1182.649289,125,0.465809068,16063.66314,415,39744.84617,267,2191.490695,326,5.714870811,8308.791278,159,20557.67905,102,1133.52967,125,0.163871888,9693.589824,658,23983.95889,423,1322.451281,517,3.979377192,20771.97819,850,51394.19763,546,2833.824174,668,0.529347408,0.536515479,5.936208546,0.6,0.754737136,0.233609114,0.01165375,0.561578766,0.394299984,0.04412125,1,1,0.02,0.68204675,0,0.29795325,1,0.74,0.26,0.92,0.08,0.96,0.04,0.15,0.85,1,1,0,0.01,0.99,0.35,0.65
Zaozhuang City,Medium-small-cities,10,山东省,83.1533,73.12613655,4080.476334,132,13232.03037,85,687.4932923,104,0.143454727,7095.494959,159,23009.03059,102,1195.474447,125,0.473651019,13148.20152,415,42636.54231,267,2215.256164,326,6.093785089,6800.79389,159,22053.38396,102,1145.822154,125,0.285836227,7934.259538,658,25728.94795,423,1336.792513,517,3.030436391,17001.98473,850,55133.45989,546,2864.555385,668,0.452981047,0.526724741,0,0.6,0.741758852,0.246587398,0.01165375,0.539673211,0.416205539,0.04412125,1,1,0.02,0.68204675,0,0.29795325,1,0.74,0.26,0.92,0.08,0.96,0.04,0.15,0.85,1,1,0,0.01,0.99,0.35,0.65
Zhanjiang City,Largecities,10,广东省,67.64,60.05053561,2404.206818,132,15068.14143,85,527.6517551,104,0.149957127,4180.648522,159,26201.8237,102,917.5277741,125,0.510846165,7746.888636,415,48552.90015,267,1700.211211,326,5.36694806,4007.011363,159,25113.56904,102,879.4195918,125,0.324712611,4674.846591,658,29299.16389,423,1025.989524,517,1.237000423,10017.52841,850,62783.92261,546,2198.54898,668,0.461341654,0.489536031,4.504557318,0.6,0.721870455,0.257104545,0.021025,0.520250789,0.412274211,0.067475,1,1,0.02,0.465223316,0.453325723,0.061450961,1,0.74,0.26,0.92,0.08,0.96,0.04,0.15,0.85,1,0.9,0.1,0.01,0.99,0.35,0.65
Zhangjiajie City,Medium-small-cities,10,湖南省,16.9139,15.11619696,1899.966876,132,15776.0848,85,323.9483273,104,0.08213946,3303.831291,159,27432.85856,102,563.3101468,125,0.120185053,6122.115491,415,50834.05101,267,1043.833499,326,1.153854548,3166.611461,159,26293.47466,102,539.9138788,125,0.096187063,3694.380038,658,30675.72044,423,629.8995252,517,0.345336921,7916.528652,850,65733.68665,546,1349.784697,668,0.520001809,0.533864309,4.132039446,0.6,0.715802284,0.272543966,0.01165375,0.495862102,0.460016648,0.04412125,1,1,0.02,0.68204675,0,0.29795325,1,0.74,0.26,0.92,0.08,0.96,0.04,0.15,0.85,1,1,0,0.01,0.99,0.35,0.65
Zhangjiakou City,Medium-small-cities,10,河北省,64.41,55.77586229,4771.969154,132,12225.69943,85,1002.33142,104,0.086361005,8297.924139,159,21259.13289,102,1742.94297,125,0.264971264,15376.34505,415,39393.92037,267,3229.734577,326,5.282153083,7953.281923,159,20376.16571,102,1670.552367,125,0.173507109,9278.82891,658,23772.19333,423,1948.977762,517,2.827145251,19883.20481,850,50940.41428,546,4176.380918,668,0.345910918,0.544755672,0.330765813,0.6,0.754737136,0.233609114,0.01165375,0.561578766,0.394299984,0.04412125,1,1,0.02,0.68204675,0,0.29795325,1,0.74,0.26,0.92,0.08,0.96,0.04,0.15,0.85,1,1,0,0.01,0.99,0.35,0.65
Zhangye City,Medium-small-cities,10,甘肃省,20.5,16.73295221,3320.67416,132,14074.61154,85,604.7143004,104,0.064907652,5774.2834,159,24474.18562,102,1051.530978,125,0.143638229,10699.95007,415,45351.52607,267,1948.523857,326,2.754969217,5534.456933,159,23457.6859,102,1007.857167,125,0.155658165,6456.866421,658,27367.30022,423,1175.833362,517,0.647874524,13836.14233,850,58644.21475,546,2519.642918,668,0.28207295,0.485892116,0.17276541,0.6,0.754737136,0.233609114,0.01165375,0.561578766,0.394299984,0.04412125,1,1,0.02,0.68204675,0,0.29795325,1,0.74,0.26,0.92,0.08,0.96,0.04,0.15,0.85,1,1,0,0.01,0.99,0.35,0.65
Zhangzhou City,Largecities,10,福建省,60.88,53.23574955,4387.107018,132,12762.62305,85,850.269927,104,0.198540292,7628.691648,159,22192.78342,102,1478.524929,125,0.319820562,14136.23372,415,41124.00762,267,2739.758654,326,5.678611714,7311.84503,159,21271.03842,102,1417.116545,125,0.180572845,8530.485869,658,24816.2115,423,1653.302636,517,1.266705033,18279.61258,850,53177.59606,546,3542.791362,668,0.583512346,0.624740306,0,0.6,0.69616,0.282815,0.021025,0.479023368,0.453501632,0.067475,1,1,0.02,0.465223316,0.453325723,0.061450961,1,0.74,0.26,0.92,0.08,0.96,0.04,0.15,0.85,1,0.9,0.1,0.01,0.99,0.35,0.65
Changchun City,Largecities,10,吉林省,181.7334,160.7398775,5201.91525,132,11970.05633,85,828.0284219,104,0.542342782,9045.552628,159,20814.59795,102,1439.849423,125,1.461087644,16761.72692,415,38570.1815,267,2668.091582,326,12.06915057,8669.858749,159,19950.09388,102,1380.04737,125,0.740662158,10114.83521,658,23275.10953,423,1610.055265,517,6.180279315,21674.64687,850,49875.2347,546,3450.118425,668,0.488906903,0.609754217,14.53621766,0.6,0.721870455,0.257104545,0.021025,0.520250789,0.412274211,0.067475,1,1,0.02,0.465223316,0.453325723,0.061450961,1,0.74,0.26,0.92,0.08,0.96,0.04,0.15,0.85,1,1,0,0.01,0.99,0.35,0.65
Changsha City,Extra-large-cities,10,湖南省,263.0833,235.1213486,2429.706263,132,14802.14299,85,768.1507482,104,1.277619007,4224.989223,159,25739.28198,102,1335.728801,125,1.86939028,7829.053513,415,47695.79408,267,2475.152411,326,17.94736058,4049.510438,159,24670.23832,102,1280.251247,125,1.496119169,4724.428844,658,28781.9447,423,1493.626455,517,5.371462332,10123.77609,850,61675.59579,546,3200.628117,668,0.538424775,0.629223094,33.17049826,0.6,0.685942969,0.230557031,0.0835,0.485419034,0.348080966,0.1665,1,1,0.02,0.013248421,0.885273042,0.081478537,1,0.74,0.26,0.92,0.08,0.96,0.04,0.15,0.85,1,1,0,0.01,0.99,0.35,0.65
Changzhi City,Medium-small-cities,10,山西省,60.5,53.55520462,4969.782267,132,12460.96531,85,569.2524216,104,0.104304449,8641.899164,159,21668.23413,102,989.8667108,125,0.308638573,16013.74286,415,40151.99934,267,1834.257803,326,3.786593466,8282.970445,159,20768.27552,102,948.7540359,125,0.108579221,9663.465519,658,24229.65477,423,1106.879709,517,2.636679668,20707.42611,850,51920.6888,546,2371.88509,668,0.439281694,0.470306257,1.153085359,0.6,0.754737136,0.233609114,0.01165375,0.561578766,0.394299984,0.04412125,1,1,0.02,0.68204675,0,0.29795325,1,0.74,0.26,0.92,0.08,0.96,0.04,0.15,0.85,1,1,0,0.01,0.99,0.35,0.65
Zhaotong City,Medium-small-cities,10,云南省,38.37,32.61938089,1864.623244,132,15739.4636,85,395.9131545,104,0.107483355,3242.372641,159,27369.17837,102,688.4489854,125,0.16408087,6008.230453,415,50716.04938,267,1275.720165,326,4.384490094,3107.705407,159,26232.43934,102,659.8552576,125,0.258583144,3625.656308,658,30604.51256,423,769.8311338,517,0.83598165,7769.263516,850,65581.09834,546,1649.638144,668,0.368507689,0.483128893,0.518143312,0.6,0.728780568,0.259565682,0.01165375,0.517767656,0.438111094,0.04412125,1,1,0.02,0.68204675,0,0.29795325,1,0.74,0.26,0.92,0.08,0.96,0.04,0.15,0.85,1,1,0,0.01,0.99,0.35,0.65
Zhaoqing City,Medium-small-cities,10,广东省,60.1702,53.41887549,3328.261036,132,14017.82031,85,653.9186522,104,0.133396663,5787.476135,159,24375.43199,102,1137.091879,125,0.454431046,10724.39667,415,45168.53211,267,2107.071213,326,4.774251008,5547.101727,159,23363.03385,102,1089.86442,125,0.288853086,6471.618682,658,27256.87283,423,1271.50849,517,1.100392709,13867.75432,850,58407.58463,546,2724.661051,668,0.484653022,0.518252046,0,0.6,0.715802284,0.272543966,0.01165375,0.495862102,0.460016648,0.04412125,1,1,0.02,0.68204675,0,0.29795325,1,0.74,0.26,0.92,0.08,0.96,0.04,0.15,0.85,1,1,0,0.01,0.99,0.35,0.65
Zhenjiang City,Largecities,10,江苏省,64.75,59.93807218,4499.334649,132,12825.6681,85,674.997256,104,0.134335394,7823.843028,159,22302.41174,102,1173.745229,125,0.391783225,14497.85609,415,41327.15275,267,2174.991158,326,2.197318938,7498.891081,159,21376.11349,102,1124.995427,125,0.380220178,8748.706261,658,24938.79907,423,1312.494665,517,1.708270086,18747.2277,850,53440.28373,546,2812.488567,668,0.515794964,0.619990922,0,0.6,0.734725682,0.244249318,0.021025,0.5408645,0.3916605,0.067475,1,1,0.02,0.465223316,0.453325723,0.061450961,1,0.74,0.26,0.92,0.08,0.96,0.04,0.15,0.85,1,1,0,0.01,0.99,0.35,0.65
Zhengzhou City,Extra-large-cities,10,河南省,379.4752,334.9356242,5412.887828,132,11765.67585,85,821.4363202,104,0.862803586,9412.410501,159,20459.20301,102,1428.38649,125,1.872165588,17441.52745,415,37911.62219,267,2646.850365,326,27.21495255,9021.479714,159,19609.45975,102,1369.060534,125,0.936082794,10525.05967,658,22877.70304,423,1597.237289,517,13.65357126,22553.69928,850,49023.64938,546,3422.651334,668,0.552939404,0.66688068,33.63890708,0.6,0.707900781,0.208599219,0.0835,0.518569602,0.314930398,0.1665,1,1,0.02,0.013248421,0.885273042,0.081478537,1,0.74,0.26,0.92,0.08,0.96,0.04,0.15,0.85,1,1,0,0.01,0.99,0.35,0.65
Zhongshan City,Largecities,10,广东省,120.6398,107.1035572,5391.278793,132,11864.47092,85,744.250289,104,0.267457093,9374.83479,159,20630.99665,102,1294.168558,125,0.911123288,17371.89833,415,38229.96185,267,2398.13982,326,9.57225814,8985.464655,159,19774.1182,102,1240.417148,125,0.579143472,10483.0421,658,23069.80456,423,1447.15334,517,2.206260846,22463.66164,850,49435.29549,546,3101.042871,668,0.367225112,0.564900601,0,0.6,0.709015227,0.269959773,0.021025,0.499637079,0.432887921,0.067475,1,1,0.02,0.465223316,0.453325723,0.061450961,1,0.74,0.26,0.92,0.08,0.96,0.04,0.15,0.85,1,0.9,0.1,0.01,0.99,0.35,0.65
Zhongwei City,Medium-small-cities,10,宁夏回族自治区,15.42,12.00601416,3272.570215,132,14269.70006,85,457.7297281,104,0.036402731,5690.635985,159,24813.42288,102,795.9411383,125,0.097401901,10544.94847,415,45980.14463,267,1474.906902,326,2.425208958,5454.283691,159,23782.83343,102,762.8828801,125,0.080676322,6363.330973,658,27746.639,423,890.0300268,517,0.774295923,13635.70923,850,59457.08357,546,1907.2072,668,0.317663181,0.466904444,3.729890442,0.6,0.754737136,0.233609114,0.01165375,0.561578766,0.394299984,0.04412125,1,1,0.02,0.68204675,0,0.29795325,1,0.74,0.26,0.92,0.08,0.96,0.04,0.15,0.85,1,1,0,0.01,0.99,0.35,0.65
Chongqing,Megacities,10,重庆市,459.5,411.9610346,1593.296,132,16072.80072,85,333.9032843,104,1.089976279,2770.56471,159,27948.81458,102,580.620711,125,3.119932102,5133.953777,415,51790.13564,267,1075.910583,326,29.06936737,2655.493333,159,26788.00119,102,556.5054738,125,2.489945812,3098.075555,658,31252.66806,423,649.2563861,517,11.76974386,6638.733332,850,66970.00298,546,1391.263685,668,0.526785591,0.584328017,51.24498585,0.6,0.5,0.17,0.33,0.4,0.17,0.43,1,1,0.02,0.112,0.476341463,0.391658537,1,0.74,0.26,0.92,0.08,0.96,0.04,0.15,0.85,1,1,0,0.01,0.99,0.35,0.65
Zhoushan City,Medium-small-cities,10,浙江省,19.5935,17.72169346,7227.937706,132,10376.59273,85,395.4695611,104,0.037866866,12568.58057,159,18043.74181,102,687.6776257,125,0.088750468,23290.0215,415,33435.68769,267,1274.290808,326,1.393145681,12046.56284,159,17294.32122,102,659.1159352,125,0.046268577,14054.32332,658,20176.70809,423,768.9685911,517,0.305774946,30116.40711,850,43235.80305,546,1647.789838,668,0.347861242,0.579441832,3.406062517,0.6,0.715802284,0.272543966,0.01165375,0.495862102,0.460016648,0.04412125,1,1,0.02,0.68204675,0,0.29795325,1,0.74,0.26,0.92,0.08,0.96,0.04,0.15,0.85,1,0.9,0.1,0.01,0.99,0.35,0.65
Zhoukou City,Largecities,10,河南省,98.4355,86.8819771,2382.727348,132,15233.13088,85,384.1417755,104,0.223810416,4143.298111,159,26488.72202,102,667.9798652,125,0.485637944,7677.677011,415,49084.53282,267,1237.790166,326,7.05953238,3971.212247,159,25388.55146,102,640.2362925,125,0.242818972,4633.080955,658,29619.9767,423,746.9423413,517,3.541723185,9928.030618,850,63471.37865,546,1600.590731,668,0.51761819,0.551622297,0,0.6,0.734725682,0.244249318,0.021025,0.5408645,0.3916605,0.067475,1,1,0.02,0.465223316,0.453325723,0.061450961,1,0.74,0.26,0.92,0.08,0.96,0.04,0.15,0.85,1,1,0,0.01,0.99,0.35,0.65
Zhuhai City,Largecities,10,广东省,68.8579,61.13178262,11130.47519,132,4803.378388,85,2066.146424,104,0.152657197,19354.65963,159,8352.541307,102,3592.79906,125,0.520044266,35864.8645,415,15477.55258,267,6657.582922,326,5.463583277,18550.79198,159,8005.630646,102,3443.577374,125,0.330559262,21642.59064,658,9339.90242,423,4017.506936,517,1.25927338,46376.97995,850,20014.07662,546,8608.943434,668,0.492610996,0.615972061,13.98374758,0.6,0.709015227,0.269959773,0.021025,0.499637079,0.432887921,0.067475,1,1,0.02,0.465223316,0.453325723,0.061450961,1,0.74,0.26,0.92,0.08,0.96,0.04,0.15,0.85,1,0.9,0.1,0.01,0.99,0.35,0.65
Zhuzhou City,Largecities,10,湖南省,54.8513,49.0213998,1717.675823,132,15649.35999,85,632.9641881,104,0.266375948,2986.847404,159,27212.4982,102,1100.654394,125,0.389756731,5534.733209,415,50425.71552,267,2039.551273,326,3.74191771,2862.793039,159,26082.26665,102,1054.940314,125,0.311931929,3339.925212,658,30429.31109,423,1230.763699,517,1.119917881,7156.982597,850,65205.66662,546,2637.350784,668,0.541165132,0.592123308,0,0.6,0.69616,0.282815,0.021025,0.479023368,0.453501632,0.067475,1,1,0.02,0.465223316,0.453325723,0.061450961,1,0.74,0.26,0.92,0.08,0.96,0.04,0.15,0.85,1,1,0,0.01,0.99,0.35,0.65
Zhumadian City,Medium-small-cities,10,河南省,74.3745,65.64505291,2644.310717,132,14872.80077,85,482.8885112,104,0.169103502,4598.162525,159,25862.14801,102,839.6894667,125,0.366931435,8520.556755,415,47923.46915,267,1555.974092,326,5.333941423,4407.184528,159,24788.00129,102,804.8141853,125,0.183465717,5141.715283,658,28919.33483,423,938.9498829,517,2.676005008,11017.96132,850,61970.00322,546,2012.035463,668,0.480158232,0.59887799,0,0.6,0.754737136,0.233609114,0.01165375,0.561578766,0.394299984,0.04412125,1,1,0.02,0.68204675,0,0.29795325,1,0.74,0.26,0.92,0.08,0.96,0.04,0.15,0.85,1,1,0,0.01,0.99,0.35,0.65
Ziyang City,Medium-small-cities,10,四川省,32.24,28.88273708,2451.733681,132,15002.46158,85,545.8047387,104,0.059221956,4263.292457,159,26087.61375,102,949.0937955,125,0.208493734,7900.030751,415,48341.26509,267,1758.704158,326,2.154705675,4086.222802,159,25004.10263,102,909.6745644,125,0.169012431,4767.259936,658,29171.45307,423,1061.286992,517,0.765829125,10215.55701,850,62510.25658,546,2274.186411,668,0.430121659,0.487243999,0,0.6,0.728780568,0.259565682,0.01165375,0.517767656,0.438111094,0.04412125,1,1,0.02,0.68204675,0,0.29795325,1,0.74,0.26,0.92,0.08,0.96,0.04,0.15,0.85,1,1,0,0.01,0.99,0.35,0.65
Zibo City,Largecities,10,山东省,112.4472,98.88758837,4173.018946,132,13177.58512,85,649.39593,104,0.193992089,7256.416279,159,22914.35635,102,1129.227367,125,0.640512534,13446.39438,415,42461.10762,267,2092.497997,326,8.240551735,6955.031577,159,21962.64187,102,1082.32655,125,0.386532866,8114.203507,658,25623.08219,423,1262.714308,517,4.098022411,17387.57894,850,54906.60468,546,2705.816375,668,0.500356284,0.577066289,0,0.6,0.734725682,0.244249318,0.021025,0.5408645,0.3916605,0.067475,1,1,0.02,0.465223316,0.453325723,0.061450961,1,0.74,0.26,0.92,0.08,0.96,0.04,0.15,0.85,1,1,0,0.01,0.99,0.35,0.65
Zigong City,Medium-small-cities,10,四川省,44.04,39.45396219,1696.42048,132,15661.98459,85,641.5949252,104,0.080897485,2949.886724,159,27234.45099,102,1115.662287,125,0.284803476,5466.24377,415,50466.3948,267,2067.361426,326,2.943338646,2827.367467,159,26103.30766,102,1069.324875,125,0.230871819,3298.595378,658,30453.85893,423,1247.545688,517,1.046126386,7068.418668,850,65258.26914,546,2673.312188,668,0.459292258,0.470136715,0,0.6,0.728780568,0.259565682,0.01165375,0.517767656,0.438111094,0.04412125,1,1,0.02,0.68204675,0,0.29795325,1,0.74,0.26,0.92,0.08,0.96,0.04,0.15,0.85,1,1,0,0.01,0.99,0.35,0.65
Zunyi City,Largecities,10,贵州省,94.97,82.22688574,1475.806452,132,15940.35301,85,583.8405356,104,0.338884001,2566.263441,159,27718.50274,102,1015.23382,125,0.55763452,4755.376344,415,51363.35971,267,1881.263948,326,9.660883586,2459.677419,159,26567.25502,102,973.0675593,125,0.525359853,2869.623656,658,30995.13086,423,1135.245486,517,1.660352301,6149.193548,850,66418.13755,546,2432.668898,668,0.348342715,0.453909594,5.442174658,0.6,0.721870455,0.257104545,0.021025,0.520250789,0.412274211,0.067475,1,1,0.02,0.465223316,0.453325723,0.061450961,1,0.74,0.26,0.92,0.08,0.96,0.04,0.15,0.85,1,1,0,0.01,0.99,0.35,0.65
